[0:19],[0:19],[0:19],[0:19],[0:19],[0:19],[0:19],[0:19],[0:19],[0:19],[0:19],[0:19],[0:19],[7:11],[0:19],[0:19],[0:19],[0:19],[0:19],[3:5],0
[0:19],[0:19],[0:19],[0:19],[0:19],[0:19],[0:19],[0:19],[0:19],[0:19],[0:19],[0:19],[0:19],[7:11],[0:19],[0:19],[0:19],[0:19],[0:19],[12:15],1
[0:19],[0:19],[0:19],[0:19],[0:19],[0:19],[0:19],[0:19],[0:19],[0:19],[0:19],[0:19],[0:19],[7:11],[0:19],[0:19],[0:19],[0:19],[0:19],[6:11],1
[0:19],[0:19],[0:19],[0:19],[0:19],[0:19],[0:19],[0:19],[0:19],[0:19],[0:19],[0:19],[0:19],[7:11],[0:19],[0:19],[0:19],[0:19],[0:19],[6:11],1
[0:19],[0:19],[0:19],[0:19],[0:19],[0:19],[0:19],[0:19],[0:19],[0:19],[0:19],[0:19],[0:19],[0:6],[0:19],[0:19],[0:19],[0:19],[0:19],[12:15],0
[0:19],[0:19],[0:19],[0:19],[0:19],[0:19],[0:19],[0:19],[0:19],[0:19],[0:19],[0:19],[0:19],[7:11],[0:19],[0:19],[0:19],[0:19],[0:19],[6:11],0
[0:19],[0:19],[0:19],[0:19],[0:19],[0:19],[0:19],[0:19],[0:19],[0:19],[0:19],[0:19],[0:19],[7:11],[0:19],[0:19],[0:19],[0:19],[0:19],[6:11],0
[0:19],[0:19],[0:19],[0:19],[0:19],[0:19],[0:19],[0:19],[0:19],[0:19],[0:19],[0:19],[0:19],[7:11],[0:19],[0:19],[0:19],[0:19],[0:19],[6:11],1
[0:19],[0:19],[0:19],[0:19],[0:19],[0:19],[0:19],[0:19],[0:19],[0:19],[0:19],[0:19],[0:19],[7:11],[0:19],[0:19],[0:19],[0:19],[0:19],[6:11],1
[0:19],[0:19],[0:19],[0:19],[0:19],[0:19],[0:19],[0:19],[0:19],[0:19],[0:19],[0:19],[0:19],[7:11],[0:19],[0:19],[0:19],[0:19],[0:19],[6:11],0
[0:19],[0:19],[0:19],[0:19],[0:19],[0:19],[0:19],[0:19],[0:19],[0:19],[0:19],[0:19],[0:19],[7:11],[0:19],[0:19],[0:19],[0:19],[0:19],[6:11],1
[0:19],[0:19],[0:19],[0:19],[0:19],[0:19],[0:19],[0:19],[0:19],[0:19],[0:19],[0:19],[0:19],[7:11],[0:19],[0:19],[0:19],[0:19],[0:19],[6:11],1
[0:19],[0:19],[0:19],[0:19],[0:19],[0:19],[0:19],[0:19],[0:19],[0:19],[0:19],[0:19],[0:19],[7:11],[0:19],[0:19],[0:19],[0:19],[0:19],[6:11],0
[0:19],[0:19],[0:19],[0:19],[0:19],[0:19],[0:19],[0:19],[0:19],[0:19],[0:19],[0:19],[0:19],[7:11],[0:19],[0:19],[0:19],[0:19],[0:19],[12:15],0
[0:19],[0:19],[0:19],[0:19],[0:19],[0:19],[0:19],[0:19],[0:19],[0:19],[0:19],[0:19],[0:19],[7:11],[0:19],[0:19],[0:19],[0:19],[0:19],[6:11],0
[0:19],[0:19],[0:19],[0:19],[0:19],[0:19],[0:19],[0:19],[0:19],[0:19],[0:19],[0:19],[0:19],[12:14],[0:19],[0:19],[0:19],[0:19],[0:19],[6:11],1
[0:19],[0:19],[0:19],[0:19],[0:19],[0:19],[0:19],[0:19],[0:19],[0:19],[0:19],[0:19],[0:19],[7:11],[0:19],[0:19],[0:19],[0:19],[0:19],[6:11],1
[0:19],[0:19],[0:19],[0:19],[0:19],[0:19],[0:19],[0:19],[0:19],[0:19],[0:19],[0:19],[0:19],[12:14],[0:19],[0:19],[0:19],[0:19],[0:19],[6:11],0
[0:19],[0:19],[0:19],[0:19],[0:19],[0:19],[0:19],[0:19],[0:19],[0:19],[0:19],[0:19],[0:19],[7:11],[0:19],[0:19],[0:19],[0:19],[0:19],[6:11],1
[0:19],[0:19],[0:19],[0:19],[0:19],[0:19],[0:19],[0:19],[0:19],[0:19],[0:19],[0:19],[0:19],[7:11],[0:19],[0:19],[0:19],[0:19],[0:19],[6:11],1
[0:19],[0:19],[0:19],[0:19],[0:19],[0:19],[0:19],[0:19],[0:19],[0:19],[0:19],[0:19],[0:19],[7:11],[0:19],[0:19],[0:19],[0:19],[0:19],[12:15],0
[0:19],[0:19],[0:19],[0:19],[0:19],[0:19],[0:19],[0:19],[0:19],[0:19],[0:19],[0:19],[0:19],[12:14],[0:19],[0:19],[0:19],[0:19],[0:19],[6:11],0
[0:19],[0:19],[0:19],[0:19],[0:19],[0:19],[0:19],[0:19],[0:19],[0:19],[0:19],[0:19],[0:19],[7:11],[0:19],[0:19],[0:19],[0:19],[0:19],[6:11],1
[0:19],[0:19],[0:19],[0:19],[0:19],[0:19],[0:19],[0:19],[0:19],[0:19],[0:19],[0:19],[0:19],[7:11],[0:19],[0:19],[0:19],[0:19],[0:19],[6:11],1
[0:19],[0:19],[0:19],[0:19],[0:19],[0:19],[0:19],[0:19],[0:19],[0:19],[0:19],[0:19],[0:19],[7:11],[0:19],[0:19],[0:19],[0:19],[0:19],[6:11],1
[0:19],[0:19],[0:19],[0:19],[0:19],[0:19],[0:19],[0:19],[0:19],[0:19],[0:19],[0:19],[0:19],[7:11],[0:19],[0:19],[0:19],[0:19],[0:19],[6:11],0
[0:19],[0:19],[0:19],[0:19],[0:19],[0:19],[0:19],[0:19],[0:19],[0:19],[0:19],[0:19],[0:19],[15:19],[0:19],[0:19],[0:19],[0:19],[0:19],[6:11],1
[0:19],[0:19],[0:19],[0:19],[0:19],[0:19],[0:19],[0:19],[0:19],[0:19],[0:19],[0:19],[0:19],[7:11],[0:19],[0:19],[0:19],[0:19],[0:19],[6:11],0
[0:19],[0:19],[0:19],[0:19],[0:19],[0:19],[0:19],[0:19],[0:19],[0:19],[0:19],[0:19],[0:19],[7:11],[0:19],[0:19],[0:19],[0:19],[0:19],[6:11],0
[0:19],[0:19],[0:19],[0:19],[0:19],[0:19],[0:19],[0:19],[0:19],[0:19],[0:19],[0:19],[0:19],[7:11],[0:19],[0:19],[0:19],[0:19],[0:19],[6:11],0
[0:19],[0:19],[0:19],[0:19],[0:19],[0:19],[0:19],[0:19],[0:19],[0:19],[0:19],[0:19],[0:19],[7:11],[0:19],[0:19],[0:19],[0:19],[0:19],[12:15],0
[0:19],[0:19],[0:19],[0:19],[0:19],[0:19],[0:19],[0:19],[0:19],[0:19],[0:19],[0:19],[0:19],[7:11],[0:19],[0:19],[0:19],[0:19],[0:19],[6:11],1
[0:19],[0:19],[0:19],[0:19],[0:19],[0:19],[0:19],[0:19],[0:19],[0:19],[0:19],[0:19],[0:19],[12:14],[0:19],[0:19],[0:19],[0:19],[0:19],[6:11],0
[0:19],[0:19],[0:19],[0:19],[0:19],[0:19],[0:19],[0:19],[0:19],[0:19],[0:19],[0:19],[0:19],[7:11],[0:19],[0:19],[0:19],[0:19],[0:19],[6:11],1
[0:19],[0:19],[0:19],[0:19],[0:19],[0:19],[0:19],[0:19],[0:19],[0:19],[0:19],[0:19],[0:19],[7:11],[0:19],[0:19],[0:19],[0:19],[0:19],[6:11],1
[0:19],[0:19],[0:19],[0:19],[0:19],[0:19],[0:19],[0:19],[0:19],[0:19],[0:19],[0:19],[0:19],[0:6],[0:19],[0:19],[0:19],[0:19],[0:19],[12:15],0
[0:19],[0:19],[0:19],[0:19],[0:19],[0:19],[0:19],[0:19],[0:19],[0:19],[0:19],[0:19],[0:19],[7:11],[0:19],[0:19],[0:19],[0:19],[0:19],[6:11],0
[0:19],[0:19],[0:19],[0:19],[0:19],[0:19],[0:19],[0:19],[0:19],[0:19],[0:19],[0:19],[0:19],[7:11],[0:19],[0:19],[0:19],[0:19],[0:19],[12:15],0
[0:19],[0:19],[0:19],[0:19],[0:19],[0:19],[0:19],[0:19],[0:19],[0:19],[0:19],[0:19],[0:19],[7:11],[0:19],[0:19],[0:19],[0:19],[0:19],[6:11],1
[0:19],[0:19],[0:19],[0:19],[0:19],[0:19],[0:19],[0:19],[0:19],[0:19],[0:19],[0:19],[0:19],[7:11],[0:19],[0:19],[0:19],[0:19],[0:19],[6:11],0
[0:19],[0:19],[0:19],[0:19],[0:19],[0:19],[0:19],[0:19],[0:19],[0:19],[0:19],[0:19],[0:19],[7:11],[0:19],[0:19],[0:19],[0:19],[0:19],[12:15],0
[0:19],[0:19],[0:19],[0:19],[0:19],[0:19],[0:19],[0:19],[0:19],[0:19],[0:19],[0:19],[0:19],[7:11],[0:19],[0:19],[0:19],[0:19],[0:19],[6:11],1
[0:19],[0:19],[0:19],[0:19],[0:19],[0:19],[0:19],[0:19],[0:19],[0:19],[0:19],[0:19],[0:19],[7:11],[0:19],[0:19],[0:19],[0:19],[0:19],[6:11],0
[0:19],[0:19],[0:19],[0:19],[0:19],[0:19],[0:19],[0:19],[0:19],[0:19],[0:19],[0:19],[0:19],[7:11],[0:19],[0:19],[0:19],[0:19],[0:19],[6:11],0
[0:19],[0:19],[0:19],[0:19],[0:19],[0:19],[0:19],[0:19],[0:19],[0:19],[0:19],[0:19],[0:19],[7:11],[0:19],[0:19],[0:19],[0:19],[0:19],[6:11],1
[0:19],[0:19],[0:19],[0:19],[0:19],[0:19],[0:19],[0:19],[0:19],[0:19],[0:19],[0:19],[0:19],[7:11],[0:19],[0:19],[0:19],[0:19],[0:19],[6:11],0
[0:19],[0:19],[0:19],[0:19],[0:19],[0:19],[0:19],[0:19],[0:19],[0:19],[0:19],[0:19],[0:19],[7:11],[0:19],[0:19],[0:19],[0:19],[0:19],[6:11],0
[0:19],[0:19],[0:19],[0:19],[0:19],[0:19],[0:19],[0:19],[0:19],[0:19],[0:19],[0:19],[0:19],[7:11],[0:19],[0:19],[0:19],[0:19],[0:19],[6:11],1
[0:19],[0:19],[0:19],[0:19],[0:19],[0:19],[0:19],[0:19],[0:19],[0:19],[0:19],[0:19],[0:19],[0:6],[0:19],[0:19],[0:19],[0:19],[0:19],[6:11],0
[0:19],[0:19],[0:19],[0:19],[0:19],[0:19],[0:19],[0:19],[0:19],[0:19],[0:19],[0:19],[0:19],[7:11],[0:19],[0:19],[0:19],[0:19],[0:19],[6:11],1
[0:19],[0:19],[0:19],[0:19],[0:19],[0:19],[0:19],[0:19],[0:19],[0:19],[0:19],[0:19],[0:19],[12:14],[0:19],[0:19],[0:19],[0:19],[0:19],[6:11],0
[0:19],[0:19],[0:19],[0:19],[0:19],[0:19],[0:19],[0:19],[0:19],[0:19],[0:19],[0:19],[0:19],[7:11],[0:19],[0:19],[0:19],[0:19],[0:19],[12:15],0
[0:19],[0:19],[0:19],[0:19],[0:19],[0:19],[0:19],[0:19],[0:19],[0:19],[0:19],[0:19],[0:19],[7:11],[0:19],[0:19],[0:19],[0:19],[0:19],[6:11],1
[0:19],[0:19],[0:19],[0:19],[0:19],[0:19],[0:19],[0:19],[0:19],[0:19],[0:19],[0:19],[0:19],[7:11],[0:19],[0:19],[0:19],[0:19],[0:19],[6:11],1
[0:19],[0:19],[0:19],[0:19],[0:19],[0:19],[0:19],[0:19],[0:19],[0:19],[0:19],[0:19],[0:19],[7:11],[0:19],[0:19],[0:19],[0:19],[0:19],[6:11],1
[0:19],[0:19],[0:19],[0:19],[0:19],[0:19],[0:19],[0:19],[0:19],[0:19],[0:19],[0:19],[0:19],[12:14],[0:19],[0:19],[0:19],[0:19],[0:19],[6:11],0
[0:19],[0:19],[0:19],[0:19],[0:19],[0:19],[0:19],[0:19],[0:19],[0:19],[0:19],[0:19],[0:19],[7:11],[0:19],[0:19],[0:19],[0:19],[0:19],[6:11],0
[0:19],[0:19],[0:19],[0:19],[0:19],[0:19],[0:19],[0:19],[0:19],[0:19],[0:19],[0:19],[0:19],[7:11],[0:19],[0:19],[0:19],[0:19],[0:19],[6:11],1
[0:19],[0:19],[0:19],[0:19],[0:19],[0:19],[0:19],[0:19],[0:19],[0:19],[0:19],[0:19],[0:19],[0:6],[0:19],[0:19],[0:19],[0:19],[0:19],[6:11],0
[0:19],[0:19],[0:19],[0:19],[0:19],[0:19],[0:19],[0:19],[0:19],[0:19],[0:19],[0:19],[0:19],[7:11],[0:19],[0:19],[0:19],[0:19],[0:19],[3:5],0
[0:19],[0:19],[0:19],[0:19],[0:19],[0:19],[0:19],[0:19],[0:19],[0:19],[0:19],[0:19],[0:19],[7:11],[0:19],[0:19],[0:19],[0:19],[0:19],[6:11],1
[0:19],[0:19],[0:19],[0:19],[0:19],[0:19],[0:19],[0:19],[0:19],[0:19],[0:19],[0:19],[0:19],[7:11],[0:19],[0:19],[0:19],[0:19],[0:19],[6:11],1
[0:19],[0:19],[0:19],[0:19],[0:19],[0:19],[0:19],[0:19],[0:19],[0:19],[0:19],[0:19],[0:19],[12:14],[0:19],[0:19],[0:19],[0:19],[0:19],[3:5],0
[0:19],[0:19],[0:19],[0:19],[0:19],[0:19],[0:19],[0:19],[0:19],[0:19],[0:19],[0:19],[0:19],[0:6],[0:19],[0:19],[0:19],[0:19],[0:19],[6:11],0
[0:19],[0:19],[0:19],[0:19],[0:19],[0:19],[0:19],[0:19],[0:19],[0:19],[0:19],[0:19],[0:19],[12:14],[0:19],[0:19],[0:19],[0:19],[0:19],[6:11],1
[0:19],[0:19],[0:19],[0:19],[0:19],[0:19],[0:19],[0:19],[0:19],[0:19],[0:19],[0:19],[0:19],[7:11],[0:19],[0:19],[0:19],[0:19],[0:19],[6:11],0
[0:19],[0:19],[0:19],[0:19],[0:19],[0:19],[0:19],[0:19],[0:19],[0:19],[0:19],[0:19],[0:19],[7:11],[0:19],[0:19],[0:19],[0:19],[0:19],[12:15],1
[0:19],[0:19],[0:19],[0:19],[0:19],[0:19],[0:19],[0:19],[0:19],[0:19],[0:19],[0:19],[0:19],[7:11],[0:19],[0:19],[0:19],[0:19],[0:19],[6:11],1
[0:19],[0:19],[0:19],[0:19],[0:19],[0:19],[0:19],[0:19],[0:19],[0:19],[0:19],[0:19],[0:19],[0:6],[0:19],[0:19],[0:19],[0:19],[0:19],[12:15],0
[0:19],[0:19],[0:19],[0:19],[0:19],[0:19],[0:19],[0:19],[0:19],[0:19],[0:19],[0:19],[0:19],[7:11],[0:19],[0:19],[0:19],[0:19],[0:19],[6:11],0
[0:19],[0:19],[0:19],[0:19],[0:19],[0:19],[0:19],[0:19],[0:19],[0:19],[0:19],[0:19],[0:19],[12:14],[0:19],[0:19],[0:19],[0:19],[0:19],[6:11],1
[0:19],[0:19],[0:19],[0:19],[0:19],[0:19],[0:19],[0:19],[0:19],[0:19],[0:19],[0:19],[0:19],[7:11],[0:19],[0:19],[0:19],[0:19],[0:19],[6:11],1
[0:19],[0:19],[0:19],[0:19],[0:19],[0:19],[0:19],[0:19],[0:19],[0:19],[0:19],[0:19],[0:19],[7:11],[0:19],[0:19],[0:19],[0:19],[0:19],[6:11],0
[0:19],[0:19],[0:19],[0:19],[0:19],[0:19],[0:19],[0:19],[0:19],[0:19],[0:19],[0:19],[0:19],[12:14],[0:19],[0:19],[0:19],[0:19],[0:19],[12:15],0
[0:19],[0:19],[0:19],[0:19],[0:19],[0:19],[0:19],[0:19],[0:19],[0:19],[0:19],[0:19],[0:19],[7:11],[0:19],[0:19],[0:19],[0:19],[0:19],[6:11],0
[0:19],[0:19],[0:19],[0:19],[0:19],[0:19],[0:19],[0:19],[0:19],[0:19],[0:19],[0:19],[0:19],[12:14],[0:19],[0:19],[0:19],[0:19],[0:19],[6:11],1
[0:19],[0:19],[0:19],[0:19],[0:19],[0:19],[0:19],[0:19],[0:19],[0:19],[0:19],[0:19],[0:19],[7:11],[0:19],[0:19],[0:19],[0:19],[0:19],[6:11],1
[0:19],[0:19],[0:19],[0:19],[0:19],[0:19],[0:19],[0:19],[0:19],[0:19],[0:19],[0:19],[0:19],[12:14],[0:19],[0:19],[0:19],[0:19],[0:19],[6:11],1
[0:19],[0:19],[0:19],[0:19],[0:19],[0:19],[0:19],[0:19],[0:19],[0:19],[0:19],[0:19],[0:19],[7:11],[0:19],[0:19],[0:19],[0:19],[0:19],[6:11],0
[0:19],[0:19],[0:19],[0:19],[0:19],[0:19],[0:19],[0:19],[0:19],[0:19],[0:19],[0:19],[0:19],[7:11],[0:19],[0:19],[0:19],[0:19],[0:19],[6:11],0
[0:19],[0:19],[0:19],[0:19],[0:19],[0:19],[0:19],[0:19],[0:19],[0:19],[0:19],[0:19],[0:19],[7:11],[0:19],[0:19],[0:19],[0:19],[0:19],[6:11],1
[0:19],[0:19],[0:19],[0:19],[0:19],[0:19],[0:19],[0:19],[0:19],[0:19],[0:19],[0:19],[0:19],[7:11],[0:19],[0:19],[0:19],[0:19],[0:19],[6:11],1
[0:19],[0:19],[0:19],[0:19],[0:19],[0:19],[0:19],[0:19],[0:19],[0:19],[0:19],[0:19],[0:19],[12:14],[0:19],[0:19],[0:19],[0:19],[0:19],[6:11],1
[0:19],[0:19],[0:19],[0:19],[0:19],[0:19],[0:19],[0:19],[0:19],[0:19],[0:19],[0:19],[0:19],[7:11],[0:19],[0:19],[0:19],[0:19],[0:19],[6:11],1
[0:19],[0:19],[0:19],[0:19],[0:19],[0:19],[0:19],[0:19],[0:19],[0:19],[0:19],[0:19],[0:19],[7:11],[0:19],[0:19],[0:19],[0:19],[0:19],[6:11],1
[0:19],[0:19],[0:19],[0:19],[0:19],[0:19],[0:19],[0:19],[0:19],[0:19],[0:19],[0:19],[0:19],[7:11],[0:19],[0:19],[0:19],[0:19],[0:19],[6:11],0
[0:19],[0:19],[0:19],[0:19],[0:19],[0:19],[0:19],[0:19],[0:19],[0:19],[0:19],[0:19],[0:19],[7:11],[0:19],[0:19],[0:19],[0:19],[0:19],[6:11],1
[0:19],[0:19],[0:19],[0:19],[0:19],[0:19],[0:19],[0:19],[0:19],[0:19],[0:19],[0:19],[0:19],[12:14],[0:19],[0:19],[0:19],[0:19],[0:19],[6:11],0
[0:19],[0:19],[0:19],[0:19],[0:19],[0:19],[0:19],[0:19],[0:19],[0:19],[0:19],[0:19],[0:19],[7:11],[0:19],[0:19],[0:19],[0:19],[0:19],[6:11],0
[0:19],[0:19],[0:19],[0:19],[0:19],[0:19],[0:19],[0:19],[0:19],[0:19],[0:19],[0:19],[0:19],[7:11],[0:19],[0:19],[0:19],[0:19],[0:19],[6:11],1
[0:19],[0:19],[0:19],[0:19],[0:19],[0:19],[0:19],[0:19],[0:19],[0:19],[0:19],[0:19],[0:19],[7:11],[0:19],[0:19],[0:19],[0:19],[0:19],[6:11],0
[0:19],[0:19],[0:19],[0:19],[0:19],[0:19],[0:19],[0:19],[0:19],[0:19],[0:19],[0:19],[0:19],[12:14],[0:19],[0:19],[0:19],[0:19],[0:19],[6:11],1
[0:19],[0:19],[0:19],[0:19],[0:19],[0:19],[0:19],[0:19],[0:19],[0:19],[0:19],[0:19],[0:19],[12:14],[0:19],[0:19],[0:19],[0:19],[0:19],[6:11],1
[0:19],[0:19],[0:19],[0:19],[0:19],[0:19],[0:19],[0:19],[0:19],[0:19],[0:19],[0:19],[0:19],[12:14],[0:19],[0:19],[0:19],[0:19],[0:19],[6:11],1
[0:19],[0:19],[0:19],[0:19],[0:19],[0:19],[0:19],[0:19],[0:19],[0:19],[0:19],[0:19],[0:19],[12:14],[0:19],[0:19],[0:19],[0:19],[0:19],[6:11],1
[0:19],[0:19],[0:19],[0:19],[0:19],[0:19],[0:19],[0:19],[0:19],[0:19],[0:19],[0:19],[0:19],[7:11],[0:19],[0:19],[0:19],[0:19],[0:19],[12:15],1
[0:19],[0:19],[0:19],[0:19],[0:19],[0:19],[0:19],[0:19],[0:19],[0:19],[0:19],[0:19],[0:19],[7:11],[0:19],[0:19],[0:19],[0:19],[0:19],[6:11],1
[0:19],[0:19],[0:19],[0:19],[0:19],[0:19],[0:19],[0:19],[0:19],[0:19],[0:19],[0:19],[0:19],[7:11],[0:19],[0:19],[0:19],[0:19],[0:19],[6:11],0
[0:19],[0:19],[0:19],[0:19],[0:19],[0:19],[0:19],[0:19],[0:19],[0:19],[0:19],[0:19],[0:19],[7:11],[0:19],[0:19],[0:19],[0:19],[0:19],[6:11],0
[0:19],[0:19],[0:19],[0:19],[0:19],[0:19],[0:19],[0:19],[0:19],[0:19],[0:19],[0:19],[0:19],[7:11],[0:19],[0:19],[0:19],[0:19],[0:19],[6:11],0
[0:19],[0:19],[0:19],[0:19],[0:19],[0:19],[0:19],[0:19],[0:19],[0:19],[0:19],[0:19],[0:19],[7:11],[0:19],[0:19],[0:19],[0:19],[0:19],[6:11],1
[0:19],[0:19],[0:19],[0:19],[0:19],[0:19],[0:19],[0:19],[0:19],[0:19],[0:19],[0:19],[0:19],[7:11],[0:19],[0:19],[0:19],[0:19],[0:19],[6:11],0
[0:19],[0:19],[0:19],[0:19],[0:19],[0:19],[0:19],[0:19],[0:19],[0:19],[0:19],[0:19],[0:19],[12:14],[0:19],[0:19],[0:19],[0:19],[0:19],[12:15],0
[0:19],[0:19],[0:19],[0:19],[0:19],[0:19],[0:19],[0:19],[0:19],[0:19],[0:19],[0:19],[0:19],[7:11],[0:19],[0:19],[0:19],[0:19],[0:19],[6:11],0
[0:19],[0:19],[0:19],[0:19],[0:19],[0:19],[0:19],[0:19],[0:19],[0:19],[0:19],[0:19],[0:19],[7:11],[0:19],[0:19],[0:19],[0:19],[0:19],[6:11],0
[0:19],[0:19],[0:19],[0:19],[0:19],[0:19],[0:19],[0:19],[0:19],[0:19],[0:19],[0:19],[0:19],[7:11],[0:19],[0:19],[0:19],[0:19],[0:19],[12:15],0
[0:19],[0:19],[0:19],[0:19],[0:19],[0:19],[0:19],[0:19],[0:19],[0:19],[0:19],[0:19],[0:19],[7:11],[0:19],[0:19],[0:19],[0:19],[0:19],[6:11],0
[0:19],[0:19],[0:19],[0:19],[0:19],[0:19],[0:19],[0:19],[0:19],[0:19],[0:19],[0:19],[0:19],[7:11],[0:19],[0:19],[0:19],[0:19],[0:19],[6:11],1
[0:19],[0:19],[0:19],[0:19],[0:19],[0:19],[0:19],[0:19],[0:19],[0:19],[0:19],[0:19],[0:19],[7:11],[0:19],[0:19],[0:19],[0:19],[0:19],[6:11],1
[0:19],[0:19],[0:19],[0:19],[0:19],[0:19],[0:19],[0:19],[0:19],[0:19],[0:19],[0:19],[0:19],[7:11],[0:19],[0:19],[0:19],[0:19],[0:19],[6:11],1
[0:19],[0:19],[0:19],[0:19],[0:19],[0:19],[0:19],[0:19],[0:19],[0:19],[0:19],[0:19],[0:19],[12:14],[0:19],[0:19],[0:19],[0:19],[0:19],[6:11],0
[0:19],[0:19],[0:19],[0:19],[0:19],[0:19],[0:19],[0:19],[0:19],[0:19],[0:19],[0:19],[0:19],[7:11],[0:19],[0:19],[0:19],[0:19],[0:19],[6:11],1
[0:19],[0:19],[0:19],[0:19],[0:19],[0:19],[0:19],[0:19],[0:19],[0:19],[0:19],[0:19],[0:19],[7:11],[0:19],[0:19],[0:19],[0:19],[0:19],[6:11],1
[0:19],[0:19],[0:19],[0:19],[0:19],[0:19],[0:19],[0:19],[0:19],[0:19],[0:19],[0:19],[0:19],[7:11],[0:19],[0:19],[0:19],[0:19],[0:19],[6:11],0
[0:19],[0:19],[0:19],[0:19],[0:19],[0:19],[0:19],[0:19],[0:19],[0:19],[0:19],[0:19],[0:19],[7:11],[0:19],[0:19],[0:19],[0:19],[0:19],[6:11],1
[0:19],[0:19],[0:19],[0:19],[0:19],[0:19],[0:19],[0:19],[0:19],[0:19],[0:19],[0:19],[0:19],[7:11],[0:19],[0:19],[0:19],[0:19],[0:19],[6:11],0
[0:19],[0:19],[0:19],[0:19],[0:19],[0:19],[0:19],[0:19],[0:19],[0:19],[0:19],[0:19],[0:19],[12:14],[0:19],[0:19],[0:19],[0:19],[0:19],[6:11],0
[0:19],[0:19],[0:19],[0:19],[0:19],[0:19],[0:19],[0:19],[0:19],[0:19],[0:19],[0:19],[0:19],[7:11],[0:19],[0:19],[0:19],[0:19],[0:19],[12:15],1
[0:19],[0:19],[0:19],[0:19],[0:19],[0:19],[0:19],[0:19],[0:19],[0:19],[0:19],[0:19],[0:19],[0:6],[0:19],[0:19],[0:19],[0:19],[0:19],[6:11],0
[0:19],[0:19],[0:19],[0:19],[0:19],[0:19],[0:19],[0:19],[0:19],[0:19],[0:19],[0:19],[0:19],[7:11],[0:19],[0:19],[0:19],[0:19],[0:19],[6:11],1
[0:19],[0:19],[0:19],[0:19],[0:19],[0:19],[0:19],[0:19],[0:19],[0:19],[0:19],[0:19],[0:19],[7:11],[0:19],[0:19],[0:19],[0:19],[0:19],[6:11],1
[0:19],[0:19],[0:19],[0:19],[0:19],[0:19],[0:19],[0:19],[0:19],[0:19],[0:19],[0:19],[0:19],[7:11],[0:19],[0:19],[0:19],[0:19],[0:19],[6:11],1
[0:19],[0:19],[0:19],[0:19],[0:19],[0:19],[0:19],[0:19],[0:19],[0:19],[0:19],[0:19],[0:19],[7:11],[0:19],[0:19],[0:19],[0:19],[0:19],[12:15],1
[0:19],[0:19],[0:19],[0:19],[0:19],[0:19],[0:19],[0:19],[0:19],[0:19],[0:19],[0:19],[0:19],[7:11],[0:19],[0:19],[0:19],[0:19],[0:19],[6:11],1
[0:19],[0:19],[0:19],[0:19],[0:19],[0:19],[0:19],[0:19],[0:19],[0:19],[0:19],[0:19],[0:19],[7:11],[0:19],[0:19],[0:19],[0:19],[0:19],[6:11],1
[0:19],[0:19],[0:19],[0:19],[0:19],[0:19],[0:19],[0:19],[0:19],[0:19],[0:19],[0:19],[0:19],[7:11],[0:19],[0:19],[0:19],[0:19],[0:19],[6:11],0
[0:19],[0:19],[0:19],[0:19],[0:19],[0:19],[0:19],[0:19],[0:19],[0:19],[0:19],[0:19],[0:19],[12:14],[0:19],[0:19],[0:19],[0:19],[0:19],[6:11],0
[0:19],[0:19],[0:19],[0:19],[0:19],[0:19],[0:19],[0:19],[0:19],[0:19],[0:19],[0:19],[0:19],[7:11],[0:19],[0:19],[0:19],[0:19],[0:19],[6:11],1
[0:19],[0:19],[0:19],[0:19],[0:19],[0:19],[0:19],[0:19],[0:19],[0:19],[0:19],[0:19],[0:19],[7:11],[0:19],[0:19],[0:19],[0:19],[0:19],[6:11],1
[0:19],[0:19],[0:19],[0:19],[0:19],[0:19],[0:19],[0:19],[0:19],[0:19],[0:19],[0:19],[0:19],[7:11],[0:19],[0:19],[0:19],[0:19],[0:19],[12:15],1
[0:19],[0:19],[0:19],[0:19],[0:19],[0:19],[0:19],[0:19],[0:19],[0:19],[0:19],[0:19],[0:19],[7:11],[0:19],[0:19],[0:19],[0:19],[0:19],[6:11],1
[0:19],[0:19],[0:19],[0:19],[0:19],[0:19],[0:19],[0:19],[0:19],[0:19],[0:19],[0:19],[0:19],[12:14],[0:19],[0:19],[0:19],[0:19],[0:19],[12:15],1
[0:19],[0:19],[0:19],[0:19],[0:19],[0:19],[0:19],[0:19],[0:19],[0:19],[0:19],[0:19],[0:19],[7:11],[0:19],[0:19],[0:19],[0:19],[0:19],[12:15],0
[0:19],[0:19],[0:19],[0:19],[0:19],[0:19],[0:19],[0:19],[0:19],[0:19],[0:19],[0:19],[0:19],[7:11],[0:19],[0:19],[0:19],[0:19],[0:19],[3:5],0
[0:19],[0:19],[0:19],[0:19],[0:19],[0:19],[0:19],[0:19],[0:19],[0:19],[0:19],[0:19],[0:19],[7:11],[0:19],[0:19],[0:19],[0:19],[0:19],[6:11],1
[0:19],[0:19],[0:19],[0:19],[0:19],[0:19],[0:19],[0:19],[0:19],[0:19],[0:19],[0:19],[0:19],[0:6],[0:19],[0:19],[0:19],[0:19],[0:19],[3:5],0
[0:19],[0:19],[0:19],[0:19],[0:19],[0:19],[0:19],[0:19],[0:19],[0:19],[0:19],[0:19],[0:19],[7:11],[0:19],[0:19],[0:19],[0:19],[0:19],[6:11],1
[0:19],[0:19],[0:19],[0:19],[0:19],[0:19],[0:19],[0:19],[0:19],[0:19],[0:19],[0:19],[0:19],[7:11],[0:19],[0:19],[0:19],[0:19],[0:19],[6:11],0
[0:19],[0:19],[0:19],[0:19],[0:19],[0:19],[0:19],[0:19],[0:19],[0:19],[0:19],[0:19],[0:19],[7:11],[0:19],[0:19],[0:19],[0:19],[0:19],[6:11],1
[0:19],[0:19],[0:19],[0:19],[0:19],[0:19],[0:19],[0:19],[0:19],[0:19],[0:19],[0:19],[0:19],[7:11],[0:19],[0:19],[0:19],[0:19],[0:19],[6:11],0
[0:19],[0:19],[0:19],[0:19],[0:19],[0:19],[0:19],[0:19],[0:19],[0:19],[0:19],[0:19],[0:19],[7:11],[0:19],[0:19],[0:19],[0:19],[0:19],[6:11],0
[0:19],[0:19],[0:19],[0:19],[0:19],[0:19],[0:19],[0:19],[0:19],[0:19],[0:19],[0:19],[0:19],[7:11],[0:19],[0:19],[0:19],[0:19],[0:19],[6:11],1
[0:19],[0:19],[0:19],[0:19],[0:19],[0:19],[0:19],[0:19],[0:19],[0:19],[0:19],[0:19],[0:19],[0:6],[0:19],[0:19],[0:19],[0:19],[0:19],[12:15],0
[0:19],[0:19],[0:19],[0:19],[0:19],[0:19],[0:19],[0:19],[0:19],[0:19],[0:19],[0:19],[0:19],[7:11],[0:19],[0:19],[0:19],[0:19],[0:19],[6:11],0
[0:19],[0:19],[0:19],[0:19],[0:19],[0:19],[0:19],[0:19],[0:19],[0:19],[0:19],[0:19],[0:19],[12:14],[0:19],[0:19],[0:19],[0:19],[0:19],[6:11],1
[0:19],[0:19],[0:19],[0:19],[0:19],[0:19],[0:19],[0:19],[0:19],[0:19],[0:19],[0:19],[0:19],[7:11],[0:19],[0:19],[0:19],[0:19],[0:19],[6:11],0
[0:19],[0:19],[0:19],[0:19],[0:19],[0:19],[0:19],[0:19],[0:19],[0:19],[0:19],[0:19],[0:19],[7:11],[0:19],[0:19],[0:19],[0:19],[0:19],[6:11],0
[0:19],[0:19],[0:19],[0:19],[0:19],[0:19],[0:19],[0:19],[0:19],[0:19],[0:19],[0:19],[0:19],[12:14],[0:19],[0:19],[0:19],[0:19],[0:19],[6:11],1
[0:19],[0:19],[0:19],[0:19],[0:19],[0:19],[0:19],[0:19],[0:19],[0:19],[0:19],[0:19],[0:19],[7:11],[0:19],[0:19],[0:19],[0:19],[0:19],[6:11],1
[0:19],[0:19],[0:19],[0:19],[0:19],[0:19],[0:19],[0:19],[0:19],[0:19],[0:19],[0:19],[0:19],[7:11],[0:19],[0:19],[0:19],[0:19],[0:19],[6:11],1
[0:19],[0:19],[0:19],[0:19],[0:19],[0:19],[0:19],[0:19],[0:19],[0:19],[0:19],[0:19],[0:19],[7:11],[0:19],[0:19],[0:19],[0:19],[0:19],[6:11],1
[0:19],[0:19],[0:19],[0:19],[0:19],[0:19],[0:19],[0:19],[0:19],[0:19],[0:19],[0:19],[0:19],[12:14],[0:19],[0:19],[0:19],[0:19],[0:19],[6:11],1
[0:19],[0:19],[0:19],[0:19],[0:19],[0:19],[0:19],[0:19],[0:19],[0:19],[0:19],[0:19],[0:19],[7:11],[0:19],[0:19],[0:19],[0:19],[0:19],[6:11],1
[0:19],[0:19],[0:19],[0:19],[0:19],[0:19],[0:19],[0:19],[0:19],[0:19],[0:19],[0:19],[0:19],[7:11],[0:19],[0:19],[0:19],[0:19],[0:19],[12:15],1
[0:19],[0:19],[0:19],[0:19],[0:19],[0:19],[0:19],[0:19],[0:19],[0:19],[0:19],[0:19],[0:19],[12:14],[0:19],[0:19],[0:19],[0:19],[0:19],[6:11],1
[0:19],[0:19],[0:19],[0:19],[0:19],[0:19],[0:19],[0:19],[0:19],[0:19],[0:19],[0:19],[0:19],[7:11],[0:19],[0:19],[0:19],[0:19],[0:19],[6:11],0
[0:19],[0:19],[0:19],[0:19],[0:19],[0:19],[0:19],[0:19],[0:19],[0:19],[0:19],[0:19],[0:19],[7:11],[0:19],[0:19],[0:19],[0:19],[0:19],[6:11],1
[0:19],[0:19],[0:19],[0:19],[0:19],[0:19],[0:19],[0:19],[0:19],[0:19],[0:19],[0:19],[0:19],[7:11],[0:19],[0:19],[0:19],[0:19],[0:19],[12:15],1
[0:19],[0:19],[0:19],[0:19],[0:19],[0:19],[0:19],[0:19],[0:19],[0:19],[0:19],[0:19],[0:19],[7:11],[0:19],[0:19],[0:19],[0:19],[0:19],[6:11],1
[0:19],[0:19],[0:19],[0:19],[0:19],[0:19],[0:19],[0:19],[0:19],[0:19],[0:19],[0:19],[0:19],[7:11],[0:19],[0:19],[0:19],[0:19],[0:19],[12:15],0
[0:19],[0:19],[0:19],[0:19],[0:19],[0:19],[0:19],[0:19],[0:19],[0:19],[0:19],[0:19],[0:19],[7:11],[0:19],[0:19],[0:19],[0:19],[0:19],[12:15],0
[0:19],[0:19],[0:19],[0:19],[0:19],[0:19],[0:19],[0:19],[0:19],[0:19],[0:19],[0:19],[0:19],[7:11],[0:19],[0:19],[0:19],[0:19],[0:19],[6:11],0
[0:19],[0:19],[0:19],[0:19],[0:19],[0:19],[0:19],[0:19],[0:19],[0:19],[0:19],[0:19],[0:19],[7:11],[0:19],[0:19],[0:19],[0:19],[0:19],[6:11],1
[0:19],[0:19],[0:19],[0:19],[0:19],[0:19],[0:19],[0:19],[0:19],[0:19],[0:19],[0:19],[0:19],[7:11],[0:19],[0:19],[0:19],[0:19],[0:19],[6:11],1
[0:19],[0:19],[0:19],[0:19],[0:19],[0:19],[0:19],[0:19],[0:19],[0:19],[0:19],[0:19],[0:19],[12:14],[0:19],[0:19],[0:19],[0:19],[0:19],[6:11],1
[0:19],[0:19],[0:19],[0:19],[0:19],[0:19],[0:19],[0:19],[0:19],[0:19],[0:19],[0:19],[0:19],[7:11],[0:19],[0:19],[0:19],[0:19],[0:19],[12:15],0
[0:19],[0:19],[0:19],[0:19],[0:19],[0:19],[0:19],[0:19],[0:19],[0:19],[0:19],[0:19],[0:19],[7:11],[0:19],[0:19],[0:19],[0:19],[0:19],[6:11],1
[0:19],[0:19],[0:19],[0:19],[0:19],[0:19],[0:19],[0:19],[0:19],[0:19],[0:19],[0:19],[0:19],[7:11],[0:19],[0:19],[0:19],[0:19],[0:19],[12:15],0
[0:19],[0:19],[0:19],[0:19],[0:19],[0:19],[0:19],[0:19],[0:19],[0:19],[0:19],[0:19],[0:19],[7:11],[0:19],[0:19],[0:19],[0:19],[0:19],[6:11],0
[0:19],[0:19],[0:19],[0:19],[0:19],[0:19],[0:19],[0:19],[0:19],[0:19],[0:19],[0:19],[0:19],[7:11],[0:19],[0:19],[0:19],[0:19],[0:19],[6:11],1
[0:19],[0:19],[0:19],[0:19],[0:19],[0:19],[0:19],[0:19],[0:19],[0:19],[0:19],[0:19],[0:19],[12:14],[0:19],[0:19],[0:19],[0:19],[0:19],[6:11],1
[0:19],[0:19],[0:19],[0:19],[0:19],[0:19],[0:19],[0:19],[0:19],[0:19],[0:19],[0:19],[0:19],[7:11],[0:19],[0:19],[0:19],[0:19],[0:19],[12:15],0
[0:19],[0:19],[0:19],[0:19],[0:19],[0:19],[0:19],[0:19],[0:19],[0:19],[0:19],[0:19],[0:19],[7:11],[0:19],[0:19],[0:19],[0:19],[0:19],[12:15],0
[0:19],[0:19],[0:19],[0:19],[0:19],[0:19],[0:19],[0:19],[0:19],[0:19],[0:19],[0:19],[0:19],[7:11],[0:19],[0:19],[0:19],[0:19],[0:19],[6:11],0
[0:19],[0:19],[0:19],[0:19],[0:19],[0:19],[0:19],[0:19],[0:19],[0:19],[0:19],[0:19],[0:19],[7:11],[0:19],[0:19],[0:19],[0:19],[0:19],[6:11],1
[0:19],[0:19],[0:19],[0:19],[0:19],[0:19],[0:19],[0:19],[0:19],[0:19],[0:19],[0:19],[0:19],[7:11],[0:19],[0:19],[0:19],[0:19],[0:19],[6:11],0
[0:19],[0:19],[0:19],[0:19],[0:19],[0:19],[0:19],[0:19],[0:19],[0:19],[0:19],[0:19],[0:19],[0:6],[0:19],[0:19],[0:19],[0:19],[0:19],[6:11],0
[0:19],[0:19],[0:19],[0:19],[0:19],[0:19],[0:19],[0:19],[0:19],[0:19],[0:19],[0:19],[0:19],[7:11],[0:19],[0:19],[0:19],[0:19],[0:19],[6:11],1
[0:19],[0:19],[0:19],[0:19],[0:19],[0:19],[0:19],[0:19],[0:19],[0:19],[0:19],[0:19],[0:19],[7:11],[0:19],[0:19],[0:19],[0:19],[0:19],[6:11],1
[0:19],[0:19],[0:19],[0:19],[0:19],[0:19],[0:19],[0:19],[0:19],[0:19],[0:19],[0:19],[0:19],[7:11],[0:19],[0:19],[0:19],[0:19],[0:19],[12:15],0
[0:19],[0:19],[0:19],[0:19],[0:19],[0:19],[0:19],[0:19],[0:19],[0:19],[0:19],[0:19],[0:19],[7:11],[0:19],[0:19],[0:19],[0:19],[0:19],[6:11],1
[0:19],[0:19],[0:19],[0:19],[0:19],[0:19],[0:19],[0:19],[0:19],[0:19],[0:19],[0:19],[0:19],[7:11],[0:19],[0:19],[0:19],[0:19],[0:19],[6:11],1
[0:19],[0:19],[0:19],[0:19],[0:19],[0:19],[0:19],[0:19],[0:19],[0:19],[0:19],[0:19],[0:19],[15:19],[0:19],[0:19],[0:19],[0:19],[0:19],[6:11],0
[0:19],[0:19],[0:19],[0:19],[0:19],[0:19],[0:19],[0:19],[0:19],[0:19],[0:19],[0:19],[0:19],[7:11],[0:19],[0:19],[0:19],[0:19],[0:19],[3:5],0
[0:19],[0:19],[0:19],[0:19],[0:19],[0:19],[0:19],[0:19],[0:19],[0:19],[0:19],[0:19],[0:19],[7:11],[0:19],[0:19],[0:19],[0:19],[0:19],[6:11],0
[0:19],[0:19],[0:19],[0:19],[0:19],[0:19],[0:19],[0:19],[0:19],[0:19],[0:19],[0:19],[0:19],[7:11],[0:19],[0:19],[0:19],[0:19],[0:19],[6:11],0
[0:19],[0:19],[0:19],[0:19],[0:19],[0:19],[0:19],[0:19],[0:19],[0:19],[0:19],[0:19],[0:19],[7:11],[0:19],[0:19],[0:19],[0:19],[0:19],[6:11],1
[0:19],[0:19],[0:19],[0:19],[0:19],[0:19],[0:19],[0:19],[0:19],[0:19],[0:19],[0:19],[0:19],[7:11],[0:19],[0:19],[0:19],[0:19],[0:19],[6:11],0
[0:19],[0:19],[0:19],[0:19],[0:19],[0:19],[0:19],[0:19],[0:19],[0:19],[0:19],[0:19],[0:19],[7:11],[0:19],[0:19],[0:19],[0:19],[0:19],[6:11],1
[0:19],[0:19],[0:19],[0:19],[0:19],[0:19],[0:19],[0:19],[0:19],[0:19],[0:19],[0:19],[0:19],[12:14],[0:19],[0:19],[0:19],[0:19],[0:19],[6:11],1
[0:19],[0:19],[0:19],[0:19],[0:19],[0:19],[0:19],[0:19],[0:19],[0:19],[0:19],[0:19],[0:19],[7:11],[0:19],[0:19],[0:19],[0:19],[0:19],[6:11],1
[0:19],[0:19],[0:19],[0:19],[0:19],[0:19],[0:19],[0:19],[0:19],[0:19],[0:19],[0:19],[0:19],[12:14],[0:19],[0:19],[0:19],[0:19],[0:19],[6:11],1
[0:19],[0:19],[0:19],[0:19],[0:19],[0:19],[0:19],[0:19],[0:19],[0:19],[0:19],[0:19],[0:19],[7:11],[0:19],[0:19],[0:19],[0:19],[0:19],[6:11],1
[0:19],[0:19],[0:19],[0:19],[0:19],[0:19],[0:19],[0:19],[0:19],[0:19],[0:19],[0:19],[0:19],[7:11],[0:19],[0:19],[0:19],[0:19],[0:19],[6:11],0
[0:19],[0:19],[0:19],[0:19],[0:19],[0:19],[0:19],[0:19],[0:19],[0:19],[0:19],[0:19],[0:19],[12:14],[0:19],[0:19],[0:19],[0:19],[0:19],[6:11],1
[0:19],[0:19],[0:19],[0:19],[0:19],[0:19],[0:19],[0:19],[0:19],[0:19],[0:19],[0:19],[0:19],[7:11],[0:19],[0:19],[0:19],[0:19],[0:19],[6:11],0
[0:19],[0:19],[0:19],[0:19],[0:19],[0:19],[0:19],[0:19],[0:19],[0:19],[0:19],[0:19],[0:19],[7:11],[0:19],[0:19],[0:19],[0:19],[0:19],[6:11],0
[0:19],[0:19],[0:19],[0:19],[0:19],[0:19],[0:19],[0:19],[0:19],[0:19],[0:19],[0:19],[0:19],[12:14],[0:19],[0:19],[0:19],[0:19],[0:19],[6:11],0
[0:19],[0:19],[0:19],[0:19],[0:19],[0:19],[0:19],[0:19],[0:19],[0:19],[0:19],[0:19],[0:19],[7:11],[0:19],[0:19],[0:19],[0:19],[0:19],[6:11],1
[0:19],[0:19],[0:19],[0:19],[0:19],[0:19],[0:19],[0:19],[0:19],[0:19],[0:19],[0:19],[0:19],[7:11],[0:19],[0:19],[0:19],[0:19],[0:19],[6:11],1
[0:19],[0:19],[0:19],[0:19],[0:19],[0:19],[0:19],[0:19],[0:19],[0:19],[0:19],[0:19],[0:19],[7:11],[0:19],[0:19],[0:19],[0:19],[0:19],[6:11],1
[0:19],[0:19],[0:19],[0:19],[0:19],[0:19],[0:19],[0:19],[0:19],[0:19],[0:19],[0:19],[0:19],[7:11],[0:19],[0:19],[0:19],[0:19],[0:19],[6:11],1
[0:19],[0:19],[0:19],[0:19],[0:19],[0:19],[0:19],[0:19],[0:19],[0:19],[0:19],[0:19],[0:19],[0:6],[0:19],[0:19],[0:19],[0:19],[0:19],[12:15],0
[0:19],[0:19],[0:19],[0:19],[0:19],[0:19],[0:19],[0:19],[0:19],[0:19],[0:19],[0:19],[0:19],[7:11],[0:19],[0:19],[0:19],[0:19],[0:19],[6:11],1
[0:19],[0:19],[0:19],[0:19],[0:19],[0:19],[0:19],[0:19],[0:19],[0:19],[0:19],[0:19],[0:19],[7:11],[0:19],[0:19],[0:19],[0:19],[0:19],[12:15],1
[0:19],[0:19],[0:19],[0:19],[0:19],[0:19],[0:19],[0:19],[0:19],[0:19],[0:19],[0:19],[0:19],[7:11],[0:19],[0:19],[0:19],[0:19],[0:19],[6:11],1
[0:19],[0:19],[0:19],[0:19],[0:19],[0:19],[0:19],[0:19],[0:19],[0:19],[0:19],[0:19],[0:19],[7:11],[0:19],[0:19],[0:19],[0:19],[0:19],[6:11],1
[0:19],[0:19],[0:19],[0:19],[0:19],[0:19],[0:19],[0:19],[0:19],[0:19],[0:19],[0:19],[0:19],[12:14],[0:19],[0:19],[0:19],[0:19],[0:19],[6:11],1
[0:19],[0:19],[0:19],[0:19],[0:19],[0:19],[0:19],[0:19],[0:19],[0:19],[0:19],[0:19],[0:19],[12:14],[0:19],[0:19],[0:19],[0:19],[0:19],[6:11],1
[0:19],[0:19],[0:19],[0:19],[0:19],[0:19],[0:19],[0:19],[0:19],[0:19],[0:19],[0:19],[0:19],[12:14],[0:19],[0:19],[0:19],[0:19],[0:19],[6:11],0
[0:19],[0:19],[0:19],[0:19],[0:19],[0:19],[0:19],[0:19],[0:19],[0:19],[0:19],[0:19],[0:19],[7:11],[0:19],[0:19],[0:19],[0:19],[0:19],[6:11],1
[0:19],[0:19],[0:19],[0:19],[0:19],[0:19],[0:19],[0:19],[0:19],[0:19],[0:19],[0:19],[0:19],[7:11],[0:19],[0:19],[0:19],[0:19],[0:19],[6:11],1
[0:19],[0:19],[0:19],[0:19],[0:19],[0:19],[0:19],[0:19],[0:19],[0:19],[0:19],[0:19],[0:19],[7:11],[0:19],[0:19],[0:19],[0:19],[0:19],[6:11],1
[0:19],[0:19],[0:19],[0:19],[0:19],[0:19],[0:19],[0:19],[0:19],[0:19],[0:19],[0:19],[0:19],[7:11],[0:19],[0:19],[0:19],[0:19],[0:19],[6:11],1
[0:19],[0:19],[0:19],[0:19],[0:19],[0:19],[0:19],[0:19],[0:19],[0:19],[0:19],[0:19],[0:19],[7:11],[0:19],[0:19],[0:19],[0:19],[0:19],[6:11],1
[0:19],[0:19],[0:19],[0:19],[0:19],[0:19],[0:19],[0:19],[0:19],[0:19],[0:19],[0:19],[0:19],[7:11],[0:19],[0:19],[0:19],[0:19],[0:19],[6:11],0
[0:19],[0:19],[0:19],[0:19],[0:19],[0:19],[0:19],[0:19],[0:19],[0:19],[0:19],[0:19],[0:19],[7:11],[0:19],[0:19],[0:19],[0:19],[0:19],[6:11],1
[0:19],[0:19],[0:19],[0:19],[0:19],[0:19],[0:19],[0:19],[0:19],[0:19],[0:19],[0:19],[0:19],[7:11],[0:19],[0:19],[0:19],[0:19],[0:19],[6:11],1
[0:19],[0:19],[0:19],[0:19],[0:19],[0:19],[0:19],[0:19],[0:19],[0:19],[0:19],[0:19],[0:19],[12:14],[0:19],[0:19],[0:19],[0:19],[0:19],[6:11],0
[0:19],[0:19],[0:19],[0:19],[0:19],[0:19],[0:19],[0:19],[0:19],[0:19],[0:19],[0:19],[0:19],[0:6],[0:19],[0:19],[0:19],[0:19],[0:19],[6:11],0
[0:19],[0:19],[0:19],[0:19],[0:19],[0:19],[0:19],[0:19],[0:19],[0:19],[0:19],[0:19],[0:19],[7:11],[0:19],[0:19],[0:19],[0:19],[0:19],[6:11],1
[0:19],[0:19],[0:19],[0:19],[0:19],[0:19],[0:19],[0:19],[0:19],[0:19],[0:19],[0:19],[0:19],[12:14],[0:19],[0:19],[0:19],[0:19],[0:19],[6:11],1
[0:19],[0:19],[0:19],[0:19],[0:19],[0:19],[0:19],[0:19],[0:19],[0:19],[0:19],[0:19],[0:19],[7:11],[0:19],[0:19],[0:19],[0:19],[0:19],[6:11],0
[0:19],[0:19],[0:19],[0:19],[0:19],[0:19],[0:19],[0:19],[0:19],[0:19],[0:19],[0:19],[0:19],[7:11],[0:19],[0:19],[0:19],[0:19],[0:19],[6:11],0
[0:19],[0:19],[0:19],[0:19],[0:19],[0:19],[0:19],[0:19],[0:19],[0:19],[0:19],[0:19],[0:19],[0:6],[0:19],[0:19],[0:19],[0:19],[0:19],[6:11],0
[0:19],[0:19],[0:19],[0:19],[0:19],[0:19],[0:19],[0:19],[0:19],[0:19],[0:19],[0:19],[0:19],[7:11],[0:19],[0:19],[0:19],[0:19],[0:19],[6:11],1
[0:19],[0:19],[0:19],[0:19],[0:19],[0:19],[0:19],[0:19],[0:19],[0:19],[0:19],[0:19],[0:19],[7:11],[0:19],[0:19],[0:19],[0:19],[0:19],[6:11],0
[0:19],[0:19],[0:19],[0:19],[0:19],[0:19],[0:19],[0:19],[0:19],[0:19],[0:19],[0:19],[0:19],[7:11],[0:19],[0:19],[0:19],[0:19],[0:19],[6:11],1
[0:19],[0:19],[0:19],[0:19],[0:19],[0:19],[0:19],[0:19],[0:19],[0:19],[0:19],[0:19],[0:19],[7:11],[0:19],[0:19],[0:19],[0:19],[0:19],[6:11],0
[0:19],[0:19],[0:19],[0:19],[0:19],[0:19],[0:19],[0:19],[0:19],[0:19],[0:19],[0:19],[0:19],[12:14],[0:19],[0:19],[0:19],[0:19],[0:19],[6:11],0
[0:19],[0:19],[0:19],[0:19],[0:19],[0:19],[0:19],[0:19],[0:19],[0:19],[0:19],[0:19],[0:19],[7:11],[0:19],[0:19],[0:19],[0:19],[0:19],[6:11],0
[0:19],[0:19],[0:19],[0:19],[0:19],[0:19],[0:19],[0:19],[0:19],[0:19],[0:19],[0:19],[0:19],[0:6],[0:19],[0:19],[0:19],[0:19],[0:19],[6:11],1
[0:19],[0:19],[0:19],[0:19],[0:19],[0:19],[0:19],[0:19],[0:19],[0:19],[0:19],[0:19],[0:19],[0:6],[0:19],[0:19],[0:19],[0:19],[0:19],[3:5],0
[0:19],[0:19],[0:19],[0:19],[0:19],[0:19],[0:19],[0:19],[0:19],[0:19],[0:19],[0:19],[0:19],[12:14],[0:19],[0:19],[0:19],[0:19],[0:19],[6:11],0
[0:19],[0:19],[0:19],[0:19],[0:19],[0:19],[0:19],[0:19],[0:19],[0:19],[0:19],[0:19],[0:19],[7:11],[0:19],[0:19],[0:19],[0:19],[0:19],[6:11],0
[0:19],[0:19],[0:19],[0:19],[0:19],[0:19],[0:19],[0:19],[0:19],[0:19],[0:19],[0:19],[0:19],[7:11],[0:19],[0:19],[0:19],[0:19],[0:19],[6:11],1
[0:19],[0:19],[0:19],[0:19],[0:19],[0:19],[0:19],[0:19],[0:19],[0:19],[0:19],[0:19],[0:19],[7:11],[0:19],[0:19],[0:19],[0:19],[0:19],[6:11],1
[0:19],[0:19],[0:19],[0:19],[0:19],[0:19],[0:19],[0:19],[0:19],[0:19],[0:19],[0:19],[0:19],[12:14],[0:19],[0:19],[0:19],[0:19],[0:19],[6:11],1
[0:19],[0:19],[0:19],[0:19],[0:19],[0:19],[0:19],[0:19],[0:19],[0:19],[0:19],[0:19],[0:19],[7:11],[0:19],[0:19],[0:19],[0:19],[0:19],[6:11],1
[0:19],[0:19],[0:19],[0:19],[0:19],[0:19],[0:19],[0:19],[0:19],[0:19],[0:19],[0:19],[0:19],[7:11],[0:19],[0:19],[0:19],[0:19],[0:19],[6:11],0
[0:19],[0:19],[0:19],[0:19],[0:19],[0:19],[0:19],[0:19],[0:19],[0:19],[0:19],[0:19],[0:19],[7:11],[0:19],[0:19],[0:19],[0:19],[0:19],[6:11],1
[0:19],[0:19],[0:19],[0:19],[0:19],[0:19],[0:19],[0:19],[0:19],[0:19],[0:19],[0:19],[0:19],[7:11],[0:19],[0:19],[0:19],[0:19],[0:19],[6:11],0
[0:19],[0:19],[0:19],[0:19],[0:19],[0:19],[0:19],[0:19],[0:19],[0:19],[0:19],[0:19],[0:19],[7:11],[0:19],[0:19],[0:19],[0:19],[0:19],[6:11],1
[0:19],[0:19],[0:19],[0:19],[0:19],[0:19],[0:19],[0:19],[0:19],[0:19],[0:19],[0:19],[0:19],[12:14],[0:19],[0:19],[0:19],[0:19],[0:19],[6:11],0
[0:19],[0:19],[0:19],[0:19],[0:19],[0:19],[0:19],[0:19],[0:19],[0:19],[0:19],[0:19],[0:19],[7:11],[0:19],[0:19],[0:19],[0:19],[0:19],[6:11],1
[0:19],[0:19],[0:19],[0:19],[0:19],[0:19],[0:19],[0:19],[0:19],[0:19],[0:19],[0:19],[0:19],[12:14],[0:19],[0:19],[0:19],[0:19],[0:19],[6:11],0
[0:19],[0:19],[0:19],[0:19],[0:19],[0:19],[0:19],[0:19],[0:19],[0:19],[0:19],[0:19],[0:19],[0:6],[0:19],[0:19],[0:19],[0:19],[0:19],[3:5],0
[0:19],[0:19],[0:19],[0:19],[0:19],[0:19],[0:19],[0:19],[0:19],[0:19],[0:19],[0:19],[0:19],[7:11],[0:19],[0:19],[0:19],[0:19],[0:19],[6:11],1
[0:19],[0:19],[0:19],[0:19],[0:19],[0:19],[0:19],[0:19],[0:19],[0:19],[0:19],[0:19],[0:19],[7:11],[0:19],[0:19],[0:19],[0:19],[0:19],[6:11],0
[0:19],[0:19],[0:19],[0:19],[0:19],[0:19],[0:19],[0:19],[0:19],[0:19],[0:19],[0:19],[0:19],[7:11],[0:19],[0:19],[0:19],[0:19],[0:19],[6:11],0
[0:19],[0:19],[0:19],[0:19],[0:19],[0:19],[0:19],[0:19],[0:19],[0:19],[0:19],[0:19],[0:19],[7:11],[0:19],[0:19],[0:19],[0:19],[0:19],[12:15],1
[0:19],[0:19],[0:19],[0:19],[0:19],[0:19],[0:19],[0:19],[0:19],[0:19],[0:19],[0:19],[0:19],[7:11],[0:19],[0:19],[0:19],[0:19],[0:19],[6:11],1
[0:19],[0:19],[0:19],[0:19],[0:19],[0:19],[0:19],[0:19],[0:19],[0:19],[0:19],[0:19],[0:19],[7:11],[0:19],[0:19],[0:19],[0:19],[0:19],[6:11],0
[0:19],[0:19],[0:19],[0:19],[0:19],[0:19],[0:19],[0:19],[0:19],[0:19],[0:19],[0:19],[0:19],[7:11],[0:19],[0:19],[0:19],[0:19],[0:19],[6:11],0
[0:19],[0:19],[0:19],[0:19],[0:19],[0:19],[0:19],[0:19],[0:19],[0:19],[0:19],[0:19],[0:19],[12:14],[0:19],[0:19],[0:19],[0:19],[0:19],[12:15],0
[0:19],[0:19],[0:19],[0:19],[0:19],[0:19],[0:19],[0:19],[0:19],[0:19],[0:19],[0:19],[0:19],[7:11],[0:19],[0:19],[0:19],[0:19],[0:19],[6:11],0
[0:19],[0:19],[0:19],[0:19],[0:19],[0:19],[0:19],[0:19],[0:19],[0:19],[0:19],[0:19],[0:19],[7:11],[0:19],[0:19],[0:19],[0:19],[0:19],[6:11],1
[0:19],[0:19],[0:19],[0:19],[0:19],[0:19],[0:19],[0:19],[0:19],[0:19],[0:19],[0:19],[0:19],[7:11],[0:19],[0:19],[0:19],[0:19],[0:19],[6:11],0
[0:19],[0:19],[0:19],[0:19],[0:19],[0:19],[0:19],[0:19],[0:19],[0:19],[0:19],[0:19],[0:19],[0:6],[0:19],[0:19],[0:19],[0:19],[0:19],[6:11],0
[0:19],[0:19],[0:19],[0:19],[0:19],[0:19],[0:19],[0:19],[0:19],[0:19],[0:19],[0:19],[0:19],[7:11],[0:19],[0:19],[0:19],[0:19],[0:19],[3:5],0
[0:19],[0:19],[0:19],[0:19],[0:19],[0:19],[0:19],[0:19],[0:19],[0:19],[0:19],[0:19],[0:19],[7:11],[0:19],[0:19],[0:19],[0:19],[0:19],[6:11],1
[0:19],[0:19],[0:19],[0:19],[0:19],[0:19],[0:19],[0:19],[0:19],[0:19],[0:19],[0:19],[0:19],[12:14],[0:19],[0:19],[0:19],[0:19],[0:19],[6:11],0
[0:19],[0:19],[0:19],[0:19],[0:19],[0:19],[0:19],[0:19],[0:19],[0:19],[0:19],[0:19],[0:19],[7:11],[0:19],[0:19],[0:19],[0:19],[0:19],[6:11],1
[0:19],[0:19],[0:19],[0:19],[0:19],[0:19],[0:19],[0:19],[0:19],[0:19],[0:19],[0:19],[0:19],[12:14],[0:19],[0:19],[0:19],[0:19],[0:19],[6:11],1
[0:19],[0:19],[0:19],[0:19],[0:19],[0:19],[0:19],[0:19],[0:19],[0:19],[0:19],[0:19],[0:19],[12:14],[0:19],[0:19],[0:19],[0:19],[0:19],[6:11],1
[0:19],[0:19],[0:19],[0:19],[0:19],[0:19],[0:19],[0:19],[0:19],[0:19],[0:19],[0:19],[0:19],[7:11],[0:19],[0:19],[0:19],[0:19],[0:19],[6:11],1
[0:19],[0:19],[0:19],[0:19],[0:19],[0:19],[0:19],[0:19],[0:19],[0:19],[0:19],[0:19],[0:19],[7:11],[0:19],[0:19],[0:19],[0:19],[0:19],[6:11],0
[0:19],[0:19],[0:19],[0:19],[0:19],[0:19],[0:19],[0:19],[0:19],[0:19],[0:19],[0:19],[0:19],[7:11],[0:19],[0:19],[0:19],[0:19],[0:19],[6:11],1
[0:19],[0:19],[0:19],[0:19],[0:19],[0:19],[0:19],[0:19],[0:19],[0:19],[0:19],[0:19],[0:19],[7:11],[0:19],[0:19],[0:19],[0:19],[0:19],[6:11],0
[0:19],[0:19],[0:19],[0:19],[0:19],[0:19],[0:19],[0:19],[0:19],[0:19],[0:19],[0:19],[0:19],[7:11],[0:19],[0:19],[0:19],[0:19],[0:19],[6:11],1
[0:19],[0:19],[0:19],[0:19],[0:19],[0:19],[0:19],[0:19],[0:19],[0:19],[0:19],[0:19],[0:19],[7:11],[0:19],[0:19],[0:19],[0:19],[0:19],[6:11],0
[0:19],[0:19],[0:19],[0:19],[0:19],[0:19],[0:19],[0:19],[0:19],[0:19],[0:19],[0:19],[0:19],[7:11],[0:19],[0:19],[0:19],[0:19],[0:19],[6:11],0
[0:19],[0:19],[0:19],[0:19],[0:19],[0:19],[0:19],[0:19],[0:19],[0:19],[0:19],[0:19],[0:19],[7:11],[0:19],[0:19],[0:19],[0:19],[0:19],[6:11],1
[0:19],[0:19],[0:19],[0:19],[0:19],[0:19],[0:19],[0:19],[0:19],[0:19],[0:19],[0:19],[0:19],[7:11],[0:19],[0:19],[0:19],[0:19],[0:19],[6:11],0
[0:19],[0:19],[0:19],[0:19],[0:19],[0:19],[0:19],[0:19],[0:19],[0:19],[0:19],[0:19],[0:19],[7:11],[0:19],[0:19],[0:19],[0:19],[0:19],[6:11],0
[0:19],[0:19],[0:19],[0:19],[0:19],[0:19],[0:19],[0:19],[0:19],[0:19],[0:19],[0:19],[0:19],[7:11],[0:19],[0:19],[0:19],[0:19],[0:19],[6:11],1
[0:19],[0:19],[0:19],[0:19],[0:19],[0:19],[0:19],[0:19],[0:19],[0:19],[0:19],[0:19],[0:19],[7:11],[0:19],[0:19],[0:19],[0:19],[0:19],[6:11],1
[0:19],[0:19],[0:19],[0:19],[0:19],[0:19],[0:19],[0:19],[0:19],[0:19],[0:19],[0:19],[0:19],[7:11],[0:19],[0:19],[0:19],[0:19],[0:19],[6:11],1
[0:19],[0:19],[0:19],[0:19],[0:19],[0:19],[0:19],[0:19],[0:19],[0:19],[0:19],[0:19],[0:19],[7:11],[0:19],[0:19],[0:19],[0:19],[0:19],[6:11],1
[0:19],[0:19],[0:19],[0:19],[0:19],[0:19],[0:19],[0:19],[0:19],[0:19],[0:19],[0:19],[0:19],[7:11],[0:19],[0:19],[0:19],[0:19],[0:19],[6:11],1
[0:19],[0:19],[0:19],[0:19],[0:19],[0:19],[0:19],[0:19],[0:19],[0:19],[0:19],[0:19],[0:19],[15:19],[0:19],[0:19],[0:19],[0:19],[0:19],[6:11],0
[0:19],[0:19],[0:19],[0:19],[0:19],[0:19],[0:19],[0:19],[0:19],[0:19],[0:19],[0:19],[0:19],[7:11],[0:19],[0:19],[0:19],[0:19],[0:19],[3:5],0
[0:19],[0:19],[0:19],[0:19],[0:19],[0:19],[0:19],[0:19],[0:19],[0:19],[0:19],[0:19],[0:19],[12:14],[0:19],[0:19],[0:19],[0:19],[0:19],[6:11],0
[0:19],[0:19],[0:19],[0:19],[0:19],[0:19],[0:19],[0:19],[0:19],[0:19],[0:19],[0:19],[0:19],[7:11],[0:19],[0:19],[0:19],[0:19],[0:19],[6:11],1
[0:19],[0:19],[0:19],[0:19],[0:19],[0:19],[0:19],[0:19],[0:19],[0:19],[0:19],[0:19],[0:19],[7:11],[0:19],[0:19],[0:19],[0:19],[0:19],[6:11],1
[0:19],[0:19],[0:19],[0:19],[0:19],[0:19],[0:19],[0:19],[0:19],[0:19],[0:19],[0:19],[0:19],[7:11],[0:19],[0:19],[0:19],[0:19],[0:19],[6:11],1
[0:19],[0:19],[0:19],[0:19],[0:19],[0:19],[0:19],[0:19],[0:19],[0:19],[0:19],[0:19],[0:19],[7:11],[0:19],[0:19],[0:19],[0:19],[0:19],[12:15],1
[0:19],[0:19],[0:19],[0:19],[0:19],[0:19],[0:19],[0:19],[0:19],[0:19],[0:19],[0:19],[0:19],[12:14],[0:19],[0:19],[0:19],[0:19],[0:19],[6:11],1
[0:19],[0:19],[0:19],[0:19],[0:19],[0:19],[0:19],[0:19],[0:19],[0:19],[0:19],[0:19],[0:19],[7:11],[0:19],[0:19],[0:19],[0:19],[0:19],[6:11],0
[0:19],[0:19],[0:19],[0:19],[0:19],[0:19],[0:19],[0:19],[0:19],[0:19],[0:19],[0:19],[0:19],[7:11],[0:19],[0:19],[0:19],[0:19],[0:19],[6:11],0
[0:19],[0:19],[0:19],[0:19],[0:19],[0:19],[0:19],[0:19],[0:19],[0:19],[0:19],[0:19],[0:19],[7:11],[0:19],[0:19],[0:19],[0:19],[0:19],[6:11],0
[0:19],[0:19],[0:19],[0:19],[0:19],[0:19],[0:19],[0:19],[0:19],[0:19],[0:19],[0:19],[0:19],[12:14],[0:19],[0:19],[0:19],[0:19],[0:19],[6:11],1
[0:19],[0:19],[0:19],[0:19],[0:19],[0:19],[0:19],[0:19],[0:19],[0:19],[0:19],[0:19],[0:19],[0:6],[0:19],[0:19],[0:19],[0:19],[0:19],[6:11],0
[0:19],[0:19],[0:19],[0:19],[0:19],[0:19],[0:19],[0:19],[0:19],[0:19],[0:19],[0:19],[0:19],[12:14],[0:19],[0:19],[0:19],[0:19],[0:19],[6:11],1
[0:19],[0:19],[0:19],[0:19],[0:19],[0:19],[0:19],[0:19],[0:19],[0:19],[0:19],[0:19],[0:19],[7:11],[0:19],[0:19],[0:19],[0:19],[0:19],[6:11],1
[0:19],[0:19],[0:19],[0:19],[0:19],[0:19],[0:19],[0:19],[0:19],[0:19],[0:19],[0:19],[0:19],[7:11],[0:19],[0:19],[0:19],[0:19],[0:19],[6:11],1
[0:19],[0:19],[0:19],[0:19],[0:19],[0:19],[0:19],[0:19],[0:19],[0:19],[0:19],[0:19],[0:19],[7:11],[0:19],[0:19],[0:19],[0:19],[0:19],[6:11],1
[0:19],[0:19],[0:19],[0:19],[0:19],[0:19],[0:19],[0:19],[0:19],[0:19],[0:19],[0:19],[0:19],[7:11],[0:19],[0:19],[0:19],[0:19],[0:19],[6:11],1
[0:19],[0:19],[0:19],[0:19],[0:19],[0:19],[0:19],[0:19],[0:19],[0:19],[0:19],[0:19],[0:19],[7:11],[0:19],[0:19],[0:19],[0:19],[0:19],[6:11],1
[0:19],[0:19],[0:19],[0:19],[0:19],[0:19],[0:19],[0:19],[0:19],[0:19],[0:19],[0:19],[0:19],[7:11],[0:19],[0:19],[0:19],[0:19],[0:19],[6:11],0
[0:19],[0:19],[0:19],[0:19],[0:19],[0:19],[0:19],[0:19],[0:19],[0:19],[0:19],[0:19],[0:19],[7:11],[0:19],[0:19],[0:19],[0:19],[0:19],[12:15],1
[0:19],[0:19],[0:19],[0:19],[0:19],[0:19],[0:19],[0:19],[0:19],[0:19],[0:19],[0:19],[0:19],[0:6],[0:19],[0:19],[0:19],[0:19],[0:19],[6:11],0
[0:19],[0:19],[0:19],[0:19],[0:19],[0:19],[0:19],[0:19],[0:19],[0:19],[0:19],[0:19],[0:19],[0:6],[0:19],[0:19],[0:19],[0:19],[0:19],[6:11],0
[0:19],[0:19],[0:19],[0:19],[0:19],[0:19],[0:19],[0:19],[0:19],[0:19],[0:19],[0:19],[0:19],[7:11],[0:19],[0:19],[0:19],[0:19],[0:19],[6:11],1
[0:19],[0:19],[0:19],[0:19],[0:19],[0:19],[0:19],[0:19],[0:19],[0:19],[0:19],[0:19],[0:19],[12:14],[0:19],[0:19],[0:19],[0:19],[0:19],[6:11],1
[0:19],[0:19],[0:19],[0:19],[0:19],[0:19],[0:19],[0:19],[0:19],[0:19],[0:19],[0:19],[0:19],[12:14],[0:19],[0:19],[0:19],[0:19],[0:19],[6:11],0
[0:19],[0:19],[0:19],[0:19],[0:19],[0:19],[0:19],[0:19],[0:19],[0:19],[0:19],[0:19],[0:19],[7:11],[0:19],[0:19],[0:19],[0:19],[0:19],[6:11],0
[0:19],[0:19],[0:19],[0:19],[0:19],[0:19],[0:19],[0:19],[0:19],[0:19],[0:19],[0:19],[0:19],[15:19],[0:19],[0:19],[0:19],[0:19],[0:19],[6:11],0
[0:19],[0:19],[0:19],[0:19],[0:19],[0:19],[0:19],[0:19],[0:19],[0:19],[0:19],[0:19],[0:19],[7:11],[0:19],[0:19],[0:19],[0:19],[0:19],[6:11],0
[0:19],[0:19],[0:19],[0:19],[0:19],[0:19],[0:19],[0:19],[0:19],[0:19],[0:19],[0:19],[0:19],[7:11],[0:19],[0:19],[0:19],[0:19],[0:19],[6:11],1
[0:19],[0:19],[0:19],[0:19],[0:19],[0:19],[0:19],[0:19],[0:19],[0:19],[0:19],[0:19],[0:19],[7:11],[0:19],[0:19],[0:19],[0:19],[0:19],[6:11],1
[0:19],[0:19],[0:19],[0:19],[0:19],[0:19],[0:19],[0:19],[0:19],[0:19],[0:19],[0:19],[0:19],[0:6],[0:19],[0:19],[0:19],[0:19],[0:19],[6:11],0
[0:19],[0:19],[0:19],[0:19],[0:19],[0:19],[0:19],[0:19],[0:19],[0:19],[0:19],[0:19],[0:19],[12:14],[0:19],[0:19],[0:19],[0:19],[0:19],[12:15],1
[0:19],[0:19],[0:19],[0:19],[0:19],[0:19],[0:19],[0:19],[0:19],[0:19],[0:19],[0:19],[0:19],[7:11],[0:19],[0:19],[0:19],[0:19],[0:19],[6:11],1
[0:19],[0:19],[0:19],[0:19],[0:19],[0:19],[0:19],[0:19],[0:19],[0:19],[0:19],[0:19],[0:19],[7:11],[0:19],[0:19],[0:19],[0:19],[0:19],[6:11],0
[0:19],[0:19],[0:19],[0:19],[0:19],[0:19],[0:19],[0:19],[0:19],[0:19],[0:19],[0:19],[0:19],[7:11],[0:19],[0:19],[0:19],[0:19],[0:19],[6:11],0
[0:19],[0:19],[0:19],[0:19],[0:19],[0:19],[0:19],[0:19],[0:19],[0:19],[0:19],[0:19],[0:19],[7:11],[0:19],[0:19],[0:19],[0:19],[0:19],[6:11],1
[0:19],[0:19],[0:19],[0:19],[0:19],[0:19],[0:19],[0:19],[0:19],[0:19],[0:19],[0:19],[0:19],[12:14],[0:19],[0:19],[0:19],[0:19],[0:19],[6:11],1
[0:19],[0:19],[0:19],[0:19],[0:19],[0:19],[0:19],[0:19],[0:19],[0:19],[0:19],[0:19],[0:19],[7:11],[0:19],[0:19],[0:19],[0:19],[0:19],[6:11],0
[0:19],[0:19],[0:19],[0:19],[0:19],[0:19],[0:19],[0:19],[0:19],[0:19],[0:19],[0:19],[0:19],[7:11],[0:19],[0:19],[0:19],[0:19],[0:19],[6:11],0
[0:19],[0:19],[0:19],[0:19],[0:19],[0:19],[0:19],[0:19],[0:19],[0:19],[0:19],[0:19],[0:19],[7:11],[0:19],[0:19],[0:19],[0:19],[0:19],[6:11],1
[0:19],[0:19],[0:19],[0:19],[0:19],[0:19],[0:19],[0:19],[0:19],[0:19],[0:19],[0:19],[0:19],[7:11],[0:19],[0:19],[0:19],[0:19],[0:19],[6:11],0
[0:19],[0:19],[0:19],[0:19],[0:19],[0:19],[0:19],[0:19],[0:19],[0:19],[0:19],[0:19],[0:19],[7:11],[0:19],[0:19],[0:19],[0:19],[0:19],[6:11],1
[0:19],[0:19],[0:19],[0:19],[0:19],[0:19],[0:19],[0:19],[0:19],[0:19],[0:19],[0:19],[0:19],[7:11],[0:19],[0:19],[0:19],[0:19],[0:19],[6:11],1
[0:19],[0:19],[0:19],[0:19],[0:19],[0:19],[0:19],[0:19],[0:19],[0:19],[0:19],[0:19],[0:19],[7:11],[0:19],[0:19],[0:19],[0:19],[0:19],[6:11],1
[0:19],[0:19],[0:19],[0:19],[0:19],[0:19],[0:19],[0:19],[0:19],[0:19],[0:19],[0:19],[0:19],[7:11],[0:19],[0:19],[0:19],[0:19],[0:19],[6:11],1
[0:19],[0:19],[0:19],[0:19],[0:19],[0:19],[0:19],[0:19],[0:19],[0:19],[0:19],[0:19],[0:19],[7:11],[0:19],[0:19],[0:19],[0:19],[0:19],[6:11],1
[0:19],[0:19],[0:19],[0:19],[0:19],[0:19],[0:19],[0:19],[0:19],[0:19],[0:19],[0:19],[0:19],[7:11],[0:19],[0:19],[0:19],[0:19],[0:19],[6:11],0
[0:19],[0:19],[0:19],[0:19],[0:19],[0:19],[0:19],[0:19],[0:19],[0:19],[0:19],[0:19],[0:19],[7:11],[0:19],[0:19],[0:19],[0:19],[0:19],[6:11],1
[0:19],[0:19],[0:19],[0:19],[0:19],[0:19],[0:19],[0:19],[0:19],[0:19],[0:19],[0:19],[0:19],[0:6],[0:19],[0:19],[0:19],[0:19],[0:19],[6:11],0
[0:19],[0:19],[0:19],[0:19],[0:19],[0:19],[0:19],[0:19],[0:19],[0:19],[0:19],[0:19],[0:19],[7:11],[0:19],[0:19],[0:19],[0:19],[0:19],[6:11],1
[0:19],[0:19],[0:19],[0:19],[0:19],[0:19],[0:19],[0:19],[0:19],[0:19],[0:19],[0:19],[0:19],[12:14],[0:19],[0:19],[0:19],[0:19],[0:19],[6:11],1
[0:19],[0:19],[0:19],[0:19],[0:19],[0:19],[0:19],[0:19],[0:19],[0:19],[0:19],[0:19],[0:19],[7:11],[0:19],[0:19],[0:19],[0:19],[0:19],[12:15],1
[0:19],[0:19],[0:19],[0:19],[0:19],[0:19],[0:19],[0:19],[0:19],[0:19],[0:19],[0:19],[0:19],[12:14],[0:19],[0:19],[0:19],[0:19],[0:19],[6:11],1
[0:19],[0:19],[0:19],[0:19],[0:19],[0:19],[0:19],[0:19],[0:19],[0:19],[0:19],[0:19],[0:19],[7:11],[0:19],[0:19],[0:19],[0:19],[0:19],[6:11],0
[0:19],[0:19],[0:19],[0:19],[0:19],[0:19],[0:19],[0:19],[0:19],[0:19],[0:19],[0:19],[0:19],[7:11],[0:19],[0:19],[0:19],[0:19],[0:19],[6:11],1
[0:19],[0:19],[0:19],[0:19],[0:19],[0:19],[0:19],[0:19],[0:19],[0:19],[0:19],[0:19],[0:19],[7:11],[0:19],[0:19],[0:19],[0:19],[0:19],[6:11],0
[0:19],[0:19],[0:19],[0:19],[0:19],[0:19],[0:19],[0:19],[0:19],[0:19],[0:19],[0:19],[0:19],[7:11],[0:19],[0:19],[0:19],[0:19],[0:19],[6:11],0
[0:19],[0:19],[0:19],[0:19],[0:19],[0:19],[0:19],[0:19],[0:19],[0:19],[0:19],[0:19],[0:19],[12:14],[0:19],[0:19],[0:19],[0:19],[0:19],[6:11],0
[0:19],[0:19],[0:19],[0:19],[0:19],[0:19],[0:19],[0:19],[0:19],[0:19],[0:19],[0:19],[0:19],[7:11],[0:19],[0:19],[0:19],[0:19],[0:19],[6:11],0
[0:19],[0:19],[0:19],[0:19],[0:19],[0:19],[0:19],[0:19],[0:19],[0:19],[0:19],[0:19],[0:19],[7:11],[0:19],[0:19],[0:19],[0:19],[0:19],[6:11],1
[0:19],[0:19],[0:19],[0:19],[0:19],[0:19],[0:19],[0:19],[0:19],[0:19],[0:19],[0:19],[0:19],[7:11],[0:19],[0:19],[0:19],[0:19],[0:19],[12:15],1
[0:19],[0:19],[0:19],[0:19],[0:19],[0:19],[0:19],[0:19],[0:19],[0:19],[0:19],[0:19],[0:19],[12:14],[0:19],[0:19],[0:19],[0:19],[0:19],[6:11],0
[0:19],[0:19],[0:19],[0:19],[0:19],[0:19],[0:19],[0:19],[0:19],[0:19],[0:19],[0:19],[0:19],[7:11],[0:19],[0:19],[0:19],[0:19],[0:19],[12:15],0
[0:19],[0:19],[0:19],[0:19],[0:19],[0:19],[0:19],[0:19],[0:19],[0:19],[0:19],[0:19],[0:19],[0:6],[0:19],[0:19],[0:19],[0:19],[0:19],[6:11],0
[0:19],[0:19],[0:19],[0:19],[0:19],[0:19],[0:19],[0:19],[0:19],[0:19],[0:19],[0:19],[0:19],[12:14],[0:19],[0:19],[0:19],[0:19],[0:19],[6:11],1
[0:19],[0:19],[0:19],[0:19],[0:19],[0:19],[0:19],[0:19],[0:19],[0:19],[0:19],[0:19],[0:19],[7:11],[0:19],[0:19],[0:19],[0:19],[0:19],[6:11],0
[0:19],[0:19],[0:19],[0:19],[0:19],[0:19],[0:19],[0:19],[0:19],[0:19],[0:19],[0:19],[0:19],[7:11],[0:19],[0:19],[0:19],[0:19],[0:19],[12:15],1
[0:19],[0:19],[0:19],[0:19],[0:19],[0:19],[0:19],[0:19],[0:19],[0:19],[0:19],[0:19],[0:19],[7:11],[0:19],[0:19],[0:19],[0:19],[0:19],[6:11],1
[0:19],[0:19],[0:19],[0:19],[0:19],[0:19],[0:19],[0:19],[0:19],[0:19],[0:19],[0:19],[0:19],[12:14],[0:19],[0:19],[0:19],[0:19],[0:19],[6:11],1
[0:19],[0:19],[0:19],[0:19],[0:19],[0:19],[0:19],[0:19],[0:19],[0:19],[0:19],[0:19],[0:19],[7:11],[0:19],[0:19],[0:19],[0:19],[0:19],[6:11],0
[0:19],[0:19],[0:19],[0:19],[0:19],[0:19],[0:19],[0:19],[0:19],[0:19],[0:19],[0:19],[0:19],[7:11],[0:19],[0:19],[0:19],[0:19],[0:19],[6:11],0
[0:19],[0:19],[0:19],[0:19],[0:19],[0:19],[0:19],[0:19],[0:19],[0:19],[0:19],[0:19],[0:19],[12:14],[0:19],[0:19],[0:19],[0:19],[0:19],[6:11],1
[0:19],[0:19],[0:19],[0:19],[0:19],[0:19],[0:19],[0:19],[0:19],[0:19],[0:19],[0:19],[0:19],[7:11],[0:19],[0:19],[0:19],[0:19],[0:19],[6:11],1
[0:19],[0:19],[0:19],[0:19],[0:19],[0:19],[0:19],[0:19],[0:19],[0:19],[0:19],[0:19],[0:19],[7:11],[0:19],[0:19],[0:19],[0:19],[0:19],[12:15],0
[0:19],[0:19],[0:19],[0:19],[0:19],[0:19],[0:19],[0:19],[0:19],[0:19],[0:19],[0:19],[0:19],[7:11],[0:19],[0:19],[0:19],[0:19],[0:19],[6:11],1
[0:19],[0:19],[0:19],[0:19],[0:19],[0:19],[0:19],[0:19],[0:19],[0:19],[0:19],[0:19],[0:19],[7:11],[0:19],[0:19],[0:19],[0:19],[0:19],[6:11],1
[0:19],[0:19],[0:19],[0:19],[0:19],[0:19],[0:19],[0:19],[0:19],[0:19],[0:19],[0:19],[0:19],[7:11],[0:19],[0:19],[0:19],[0:19],[0:19],[6:11],1
[0:19],[0:19],[0:19],[0:19],[0:19],[0:19],[0:19],[0:19],[0:19],[0:19],[0:19],[0:19],[0:19],[12:14],[0:19],[0:19],[0:19],[0:19],[0:19],[6:11],1
[0:19],[0:19],[0:19],[0:19],[0:19],[0:19],[0:19],[0:19],[0:19],[0:19],[0:19],[0:19],[0:19],[0:6],[0:19],[0:19],[0:19],[0:19],[0:19],[6:11],0
[0:19],[0:19],[0:19],[0:19],[0:19],[0:19],[0:19],[0:19],[0:19],[0:19],[0:19],[0:19],[0:19],[7:11],[0:19],[0:19],[0:19],[0:19],[0:19],[6:11],1
[0:19],[0:19],[0:19],[0:19],[0:19],[0:19],[0:19],[0:19],[0:19],[0:19],[0:19],[0:19],[0:19],[7:11],[0:19],[0:19],[0:19],[0:19],[0:19],[6:11],1
[0:19],[0:19],[0:19],[0:19],[0:19],[0:19],[0:19],[0:19],[0:19],[0:19],[0:19],[0:19],[0:19],[12:14],[0:19],[0:19],[0:19],[0:19],[0:19],[6:11],1
[0:19],[0:19],[0:19],[0:19],[0:19],[0:19],[0:19],[0:19],[0:19],[0:19],[0:19],[0:19],[0:19],[12:14],[0:19],[0:19],[0:19],[0:19],[0:19],[6:11],1
[0:19],[0:19],[0:19],[0:19],[0:19],[0:19],[0:19],[0:19],[0:19],[0:19],[0:19],[0:19],[0:19],[7:11],[0:19],[0:19],[0:19],[0:19],[0:19],[6:11],0
[0:19],[0:19],[0:19],[0:19],[0:19],[0:19],[0:19],[0:19],[0:19],[0:19],[0:19],[0:19],[0:19],[7:11],[0:19],[0:19],[0:19],[0:19],[0:19],[12:15],1
[0:19],[0:19],[0:19],[0:19],[0:19],[0:19],[0:19],[0:19],[0:19],[0:19],[0:19],[0:19],[0:19],[7:11],[0:19],[0:19],[0:19],[0:19],[0:19],[6:11],1
[0:19],[0:19],[0:19],[0:19],[0:19],[0:19],[0:19],[0:19],[0:19],[0:19],[0:19],[0:19],[0:19],[7:11],[0:19],[0:19],[0:19],[0:19],[0:19],[6:11],1
[0:19],[0:19],[0:19],[0:19],[0:19],[0:19],[0:19],[0:19],[0:19],[0:19],[0:19],[0:19],[0:19],[7:11],[0:19],[0:19],[0:19],[0:19],[0:19],[6:11],0
[0:19],[0:19],[0:19],[0:19],[0:19],[0:19],[0:19],[0:19],[0:19],[0:19],[0:19],[0:19],[0:19],[7:11],[0:19],[0:19],[0:19],[0:19],[0:19],[12:15],0
[0:19],[0:19],[0:19],[0:19],[0:19],[0:19],[0:19],[0:19],[0:19],[0:19],[0:19],[0:19],[0:19],[7:11],[0:19],[0:19],[0:19],[0:19],[0:19],[6:11],1
[0:19],[0:19],[0:19],[0:19],[0:19],[0:19],[0:19],[0:19],[0:19],[0:19],[0:19],[0:19],[0:19],[12:14],[0:19],[0:19],[0:19],[0:19],[0:19],[6:11],0
[0:19],[0:19],[0:19],[0:19],[0:19],[0:19],[0:19],[0:19],[0:19],[0:19],[0:19],[0:19],[0:19],[7:11],[0:19],[0:19],[0:19],[0:19],[0:19],[6:11],1
[0:19],[0:19],[0:19],[0:19],[0:19],[0:19],[0:19],[0:19],[0:19],[0:19],[0:19],[0:19],[0:19],[12:14],[0:19],[0:19],[0:19],[0:19],[0:19],[6:11],1
[0:19],[0:19],[0:19],[0:19],[0:19],[0:19],[0:19],[0:19],[0:19],[0:19],[0:19],[0:19],[0:19],[7:11],[0:19],[0:19],[0:19],[0:19],[0:19],[6:11],1
[0:19],[0:19],[0:19],[0:19],[0:19],[0:19],[0:19],[0:19],[0:19],[0:19],[0:19],[0:19],[0:19],[7:11],[0:19],[0:19],[0:19],[0:19],[0:19],[6:11],1
[0:19],[0:19],[0:19],[0:19],[0:19],[0:19],[0:19],[0:19],[0:19],[0:19],[0:19],[0:19],[0:19],[7:11],[0:19],[0:19],[0:19],[0:19],[0:19],[6:11],0
[0:19],[0:19],[0:19],[0:19],[0:19],[0:19],[0:19],[0:19],[0:19],[0:19],[0:19],[0:19],[0:19],[7:11],[0:19],[0:19],[0:19],[0:19],[0:19],[6:11],1
[0:19],[0:19],[0:19],[0:19],[0:19],[0:19],[0:19],[0:19],[0:19],[0:19],[0:19],[0:19],[0:19],[7:11],[0:19],[0:19],[0:19],[0:19],[0:19],[12:15],1
[0:19],[0:19],[0:19],[0:19],[0:19],[0:19],[0:19],[0:19],[0:19],[0:19],[0:19],[0:19],[0:19],[12:14],[0:19],[0:19],[0:19],[0:19],[0:19],[6:11],0
[0:19],[0:19],[0:19],[0:19],[0:19],[0:19],[0:19],[0:19],[0:19],[0:19],[0:19],[0:19],[0:19],[7:11],[0:19],[0:19],[0:19],[0:19],[0:19],[6:11],1
[0:19],[0:19],[0:19],[0:19],[0:19],[0:19],[0:19],[0:19],[0:19],[0:19],[0:19],[0:19],[0:19],[7:11],[0:19],[0:19],[0:19],[0:19],[0:19],[6:11],1
[0:19],[0:19],[0:19],[0:19],[0:19],[0:19],[0:19],[0:19],[0:19],[0:19],[0:19],[0:19],[0:19],[12:14],[0:19],[0:19],[0:19],[0:19],[0:19],[12:15],0
[0:19],[0:19],[0:19],[0:19],[0:19],[0:19],[0:19],[0:19],[0:19],[0:19],[0:19],[0:19],[0:19],[12:14],[0:19],[0:19],[0:19],[0:19],[0:19],[6:11],0
[0:19],[0:19],[0:19],[0:19],[0:19],[0:19],[0:19],[0:19],[0:19],[0:19],[0:19],[0:19],[0:19],[7:11],[0:19],[0:19],[0:19],[0:19],[0:19],[6:11],1
[0:19],[0:19],[0:19],[0:19],[0:19],[0:19],[0:19],[0:19],[0:19],[0:19],[0:19],[0:19],[0:19],[12:14],[0:19],[0:19],[0:19],[0:19],[0:19],[6:11],0
[0:19],[0:19],[0:19],[0:19],[0:19],[0:19],[0:19],[0:19],[0:19],[0:19],[0:19],[0:19],[0:19],[12:14],[0:19],[0:19],[0:19],[0:19],[0:19],[6:11],0
[0:19],[0:19],[0:19],[0:19],[0:19],[0:19],[0:19],[0:19],[0:19],[0:19],[0:19],[0:19],[0:19],[7:11],[0:19],[0:19],[0:19],[0:19],[0:19],[6:11],1
[0:19],[0:19],[0:19],[0:19],[0:19],[0:19],[0:19],[0:19],[0:19],[0:19],[0:19],[0:19],[0:19],[7:11],[0:19],[0:19],[0:19],[0:19],[0:19],[6:11],0
[0:19],[0:19],[0:19],[0:19],[0:19],[0:19],[0:19],[0:19],[0:19],[0:19],[0:19],[0:19],[0:19],[7:11],[0:19],[0:19],[0:19],[0:19],[0:19],[6:11],0
[0:19],[0:19],[0:19],[0:19],[0:19],[0:19],[0:19],[0:19],[0:19],[0:19],[0:19],[0:19],[0:19],[7:11],[0:19],[0:19],[0:19],[0:19],[0:19],[12:15],1
[0:19],[0:19],[0:19],[0:19],[0:19],[0:19],[0:19],[0:19],[0:19],[0:19],[0:19],[0:19],[0:19],[7:11],[0:19],[0:19],[0:19],[0:19],[0:19],[6:11],0
[0:19],[0:19],[0:19],[0:19],[0:19],[0:19],[0:19],[0:19],[0:19],[0:19],[0:19],[0:19],[0:19],[7:11],[0:19],[0:19],[0:19],[0:19],[0:19],[6:11],0
[0:19],[0:19],[0:19],[0:19],[0:19],[0:19],[0:19],[0:19],[0:19],[0:19],[0:19],[0:19],[0:19],[7:11],[0:19],[0:19],[0:19],[0:19],[0:19],[6:11],0
[0:19],[0:19],[0:19],[0:19],[0:19],[0:19],[0:19],[0:19],[0:19],[0:19],[0:19],[0:19],[0:19],[0:6],[0:19],[0:19],[0:19],[0:19],[0:19],[6:11],0
[0:19],[0:19],[0:19],[0:19],[0:19],[0:19],[0:19],[0:19],[0:19],[0:19],[0:19],[0:19],[0:19],[7:11],[0:19],[0:19],[0:19],[0:19],[0:19],[6:11],1
[0:19],[0:19],[0:19],[0:19],[0:19],[0:19],[0:19],[0:19],[0:19],[0:19],[0:19],[0:19],[0:19],[12:14],[0:19],[0:19],[0:19],[0:19],[0:19],[6:11],0
[0:19],[0:19],[0:19],[0:19],[0:19],[0:19],[0:19],[0:19],[0:19],[0:19],[0:19],[0:19],[0:19],[7:11],[0:19],[0:19],[0:19],[0:19],[0:19],[6:11],0
[0:19],[0:19],[0:19],[0:19],[0:19],[0:19],[0:19],[0:19],[0:19],[0:19],[0:19],[0:19],[0:19],[7:11],[0:19],[0:19],[0:19],[0:19],[0:19],[6:11],1
[0:19],[0:19],[0:19],[0:19],[0:19],[0:19],[0:19],[0:19],[0:19],[0:19],[0:19],[0:19],[0:19],[7:11],[0:19],[0:19],[0:19],[0:19],[0:19],[6:11],0
[0:19],[0:19],[0:19],[0:19],[0:19],[0:19],[0:19],[0:19],[0:19],[0:19],[0:19],[0:19],[0:19],[7:11],[0:19],[0:19],[0:19],[0:19],[0:19],[6:11],0
[0:19],[0:19],[0:19],[0:19],[0:19],[0:19],[0:19],[0:19],[0:19],[0:19],[0:19],[0:19],[0:19],[7:11],[0:19],[0:19],[0:19],[0:19],[0:19],[6:11],1
[0:19],[0:19],[0:19],[0:19],[0:19],[0:19],[0:19],[0:19],[0:19],[0:19],[0:19],[0:19],[0:19],[7:11],[0:19],[0:19],[0:19],[0:19],[0:19],[6:11],0
[0:19],[0:19],[0:19],[0:19],[0:19],[0:19],[0:19],[0:19],[0:19],[0:19],[0:19],[0:19],[0:19],[7:11],[0:19],[0:19],[0:19],[0:19],[0:19],[6:11],1
[0:19],[0:19],[0:19],[0:19],[0:19],[0:19],[0:19],[0:19],[0:19],[0:19],[0:19],[0:19],[0:19],[7:11],[0:19],[0:19],[0:19],[0:19],[0:19],[12:15],0
[0:19],[0:19],[0:19],[0:19],[0:19],[0:19],[0:19],[0:19],[0:19],[0:19],[0:19],[0:19],[0:19],[7:11],[0:19],[0:19],[0:19],[0:19],[0:19],[3:5],0
[0:19],[0:19],[0:19],[0:19],[0:19],[0:19],[0:19],[0:19],[0:19],[0:19],[0:19],[0:19],[0:19],[7:11],[0:19],[0:19],[0:19],[0:19],[0:19],[6:11],0
[0:19],[0:19],[0:19],[0:19],[0:19],[0:19],[0:19],[0:19],[0:19],[0:19],[0:19],[0:19],[0:19],[7:11],[0:19],[0:19],[0:19],[0:19],[0:19],[6:11],0
[0:19],[0:19],[0:19],[0:19],[0:19],[0:19],[0:19],[0:19],[0:19],[0:19],[0:19],[0:19],[0:19],[7:11],[0:19],[0:19],[0:19],[0:19],[0:19],[6:11],0
[0:19],[0:19],[0:19],[0:19],[0:19],[0:19],[0:19],[0:19],[0:19],[0:19],[0:19],[0:19],[0:19],[12:14],[0:19],[0:19],[0:19],[0:19],[0:19],[6:11],1
[0:19],[0:19],[0:19],[0:19],[0:19],[0:19],[0:19],[0:19],[0:19],[0:19],[0:19],[0:19],[0:19],[7:11],[0:19],[0:19],[0:19],[0:19],[0:19],[6:11],1
[0:19],[0:19],[0:19],[0:19],[0:19],[0:19],[0:19],[0:19],[0:19],[0:19],[0:19],[0:19],[0:19],[7:11],[0:19],[0:19],[0:19],[0:19],[0:19],[12:15],0
[0:19],[0:19],[0:19],[0:19],[0:19],[0:19],[0:19],[0:19],[0:19],[0:19],[0:19],[0:19],[0:19],[7:11],[0:19],[0:19],[0:19],[0:19],[0:19],[6:11],1
[0:19],[0:19],[0:19],[0:19],[0:19],[0:19],[0:19],[0:19],[0:19],[0:19],[0:19],[0:19],[0:19],[7:11],[0:19],[0:19],[0:19],[0:19],[0:19],[6:11],1
[0:19],[0:19],[0:19],[0:19],[0:19],[0:19],[0:19],[0:19],[0:19],[0:19],[0:19],[0:19],[0:19],[7:11],[0:19],[0:19],[0:19],[0:19],[0:19],[6:11],0
[0:19],[0:19],[0:19],[0:19],[0:19],[0:19],[0:19],[0:19],[0:19],[0:19],[0:19],[0:19],[0:19],[7:11],[0:19],[0:19],[0:19],[0:19],[0:19],[6:11],0
[0:19],[0:19],[0:19],[0:19],[0:19],[0:19],[0:19],[0:19],[0:19],[0:19],[0:19],[0:19],[0:19],[7:11],[0:19],[0:19],[0:19],[0:19],[0:19],[6:11],0
[0:19],[0:19],[0:19],[0:19],[0:19],[0:19],[0:19],[0:19],[0:19],[0:19],[0:19],[0:19],[0:19],[7:11],[0:19],[0:19],[0:19],[0:19],[0:19],[6:11],1
[0:19],[0:19],[0:19],[0:19],[0:19],[0:19],[0:19],[0:19],[0:19],[0:19],[0:19],[0:19],[0:19],[0:6],[0:19],[0:19],[0:19],[0:19],[0:19],[6:11],0
[0:19],[0:19],[0:19],[0:19],[0:19],[0:19],[0:19],[0:19],[0:19],[0:19],[0:19],[0:19],[0:19],[7:11],[0:19],[0:19],[0:19],[0:19],[0:19],[6:11],0
[0:19],[0:19],[0:19],[0:19],[0:19],[0:19],[0:19],[0:19],[0:19],[0:19],[0:19],[0:19],[0:19],[7:11],[0:19],[0:19],[0:19],[0:19],[0:19],[6:11],1
[0:19],[0:19],[0:19],[0:19],[0:19],[0:19],[0:19],[0:19],[0:19],[0:19],[0:19],[0:19],[0:19],[12:14],[0:19],[0:19],[0:19],[0:19],[0:19],[6:11],1
[0:19],[0:19],[0:19],[0:19],[0:19],[0:19],[0:19],[0:19],[0:19],[0:19],[0:19],[0:19],[0:19],[7:11],[0:19],[0:19],[0:19],[0:19],[0:19],[6:11],0
[0:19],[0:19],[0:19],[0:19],[0:19],[0:19],[0:19],[0:19],[0:19],[0:19],[0:19],[0:19],[0:19],[7:11],[0:19],[0:19],[0:19],[0:19],[0:19],[6:11],1
[0:19],[0:19],[0:19],[0:19],[0:19],[0:19],[0:19],[0:19],[0:19],[0:19],[0:19],[0:19],[0:19],[12:14],[0:19],[0:19],[0:19],[0:19],[0:19],[6:11],0
[0:19],[0:19],[0:19],[0:19],[0:19],[0:19],[0:19],[0:19],[0:19],[0:19],[0:19],[0:19],[0:19],[12:14],[0:19],[0:19],[0:19],[0:19],[0:19],[6:11],1
[0:19],[0:19],[0:19],[0:19],[0:19],[0:19],[0:19],[0:19],[0:19],[0:19],[0:19],[0:19],[0:19],[7:11],[0:19],[0:19],[0:19],[0:19],[0:19],[6:11],1
[0:19],[0:19],[0:19],[0:19],[0:19],[0:19],[0:19],[0:19],[0:19],[0:19],[0:19],[0:19],[0:19],[7:11],[0:19],[0:19],[0:19],[0:19],[0:19],[6:11],1
[0:19],[0:19],[0:19],[0:19],[0:19],[0:19],[0:19],[0:19],[0:19],[0:19],[0:19],[0:19],[0:19],[7:11],[0:19],[0:19],[0:19],[0:19],[0:19],[6:11],1
[0:19],[0:19],[0:19],[0:19],[0:19],[0:19],[0:19],[0:19],[0:19],[0:19],[0:19],[0:19],[0:19],[7:11],[0:19],[0:19],[0:19],[0:19],[0:19],[6:11],1
[0:19],[0:19],[0:19],[0:19],[0:19],[0:19],[0:19],[0:19],[0:19],[0:19],[0:19],[0:19],[0:19],[7:11],[0:19],[0:19],[0:19],[0:19],[0:19],[6:11],1
[0:19],[0:19],[0:19],[0:19],[0:19],[0:19],[0:19],[0:19],[0:19],[0:19],[0:19],[0:19],[0:19],[7:11],[0:19],[0:19],[0:19],[0:19],[0:19],[6:11],1
[0:19],[0:19],[0:19],[0:19],[0:19],[0:19],[0:19],[0:19],[0:19],[0:19],[0:19],[0:19],[0:19],[7:11],[0:19],[0:19],[0:19],[0:19],[0:19],[6:11],1
[0:19],[0:19],[0:19],[0:19],[0:19],[0:19],[0:19],[0:19],[0:19],[0:19],[0:19],[0:19],[0:19],[12:14],[0:19],[0:19],[0:19],[0:19],[0:19],[6:11],1
[0:19],[0:19],[0:19],[0:19],[0:19],[0:19],[0:19],[0:19],[0:19],[0:19],[0:19],[0:19],[0:19],[7:11],[0:19],[0:19],[0:19],[0:19],[0:19],[6:11],0
[0:19],[0:19],[0:19],[0:19],[0:19],[0:19],[0:19],[0:19],[0:19],[0:19],[0:19],[0:19],[0:19],[7:11],[0:19],[0:19],[0:19],[0:19],[0:19],[6:11],1
[0:19],[0:19],[0:19],[0:19],[0:19],[0:19],[0:19],[0:19],[0:19],[0:19],[0:19],[0:19],[0:19],[12:14],[0:19],[0:19],[0:19],[0:19],[0:19],[12:15],0
[0:19],[0:19],[0:19],[0:19],[0:19],[0:19],[0:19],[0:19],[0:19],[0:19],[0:19],[0:19],[0:19],[12:14],[0:19],[0:19],[0:19],[0:19],[0:19],[6:11],0
[0:19],[0:19],[0:19],[0:19],[0:19],[0:19],[0:19],[0:19],[0:19],[0:19],[0:19],[0:19],[0:19],[7:11],[0:19],[0:19],[0:19],[0:19],[0:19],[3:5],0
[0:19],[0:19],[0:19],[0:19],[0:19],[0:19],[0:19],[0:19],[0:19],[0:19],[0:19],[0:19],[0:19],[7:11],[0:19],[0:19],[0:19],[0:19],[0:19],[3:5],0
[0:19],[0:19],[0:19],[0:19],[0:19],[0:19],[0:19],[0:19],[0:19],[0:19],[0:19],[0:19],[0:19],[7:11],[0:19],[0:19],[0:19],[0:19],[0:19],[6:11],1
[0:19],[0:19],[0:19],[0:19],[0:19],[0:19],[0:19],[0:19],[0:19],[0:19],[0:19],[0:19],[0:19],[0:6],[0:19],[0:19],[0:19],[0:19],[0:19],[6:11],0
[0:19],[0:19],[0:19],[0:19],[0:19],[0:19],[0:19],[0:19],[0:19],[0:19],[0:19],[0:19],[0:19],[7:11],[0:19],[0:19],[0:19],[0:19],[0:19],[6:11],0
[0:19],[0:19],[0:19],[0:19],[0:19],[0:19],[0:19],[0:19],[0:19],[0:19],[0:19],[0:19],[0:19],[7:11],[0:19],[0:19],[0:19],[0:19],[0:19],[6:11],1
[0:19],[0:19],[0:19],[0:19],[0:19],[0:19],[0:19],[0:19],[0:19],[0:19],[0:19],[0:19],[0:19],[7:11],[0:19],[0:19],[0:19],[0:19],[0:19],[6:11],0
[0:19],[0:19],[0:19],[0:19],[0:19],[0:19],[0:19],[0:19],[0:19],[0:19],[0:19],[0:19],[0:19],[7:11],[0:19],[0:19],[0:19],[0:19],[0:19],[12:15],0
[0:19],[0:19],[0:19],[0:19],[0:19],[0:19],[0:19],[0:19],[0:19],[0:19],[0:19],[0:19],[0:19],[7:11],[0:19],[0:19],[0:19],[0:19],[0:19],[6:11],0
[0:19],[0:19],[0:19],[0:19],[0:19],[0:19],[0:19],[0:19],[0:19],[0:19],[0:19],[0:19],[0:19],[7:11],[0:19],[0:19],[0:19],[0:19],[0:19],[6:11],1
[0:19],[0:19],[0:19],[0:19],[0:19],[0:19],[0:19],[0:19],[0:19],[0:19],[0:19],[0:19],[0:19],[7:11],[0:19],[0:19],[0:19],[0:19],[0:19],[6:11],0
[0:19],[0:19],[0:19],[0:19],[0:19],[0:19],[0:19],[0:19],[0:19],[0:19],[0:19],[0:19],[0:19],[7:11],[0:19],[0:19],[0:19],[0:19],[0:19],[6:11],1
[0:19],[0:19],[0:19],[0:19],[0:19],[0:19],[0:19],[0:19],[0:19],[0:19],[0:19],[0:19],[0:19],[7:11],[0:19],[0:19],[0:19],[0:19],[0:19],[6:11],1
[0:19],[0:19],[0:19],[0:19],[0:19],[0:19],[0:19],[0:19],[0:19],[0:19],[0:19],[0:19],[0:19],[12:14],[0:19],[0:19],[0:19],[0:19],[0:19],[6:11],1
[0:19],[0:19],[0:19],[0:19],[0:19],[0:19],[0:19],[0:19],[0:19],[0:19],[0:19],[0:19],[0:19],[7:11],[0:19],[0:19],[0:19],[0:19],[0:19],[6:11],0
[0:19],[0:19],[0:19],[0:19],[0:19],[0:19],[0:19],[0:19],[0:19],[0:19],[0:19],[0:19],[0:19],[7:11],[0:19],[0:19],[0:19],[0:19],[0:19],[6:11],1
[0:19],[0:19],[0:19],[0:19],[0:19],[0:19],[0:19],[0:19],[0:19],[0:19],[0:19],[0:19],[0:19],[12:14],[0:19],[0:19],[0:19],[0:19],[0:19],[12:15],0
[0:19],[0:19],[0:19],[0:19],[0:19],[0:19],[0:19],[0:19],[0:19],[0:19],[0:19],[0:19],[0:19],[7:11],[0:19],[0:19],[0:19],[0:19],[0:19],[12:15],1
[0:19],[0:19],[0:19],[0:19],[0:19],[0:19],[0:19],[0:19],[0:19],[0:19],[0:19],[0:19],[0:19],[12:14],[0:19],[0:19],[0:19],[0:19],[0:19],[6:11],1
[0:19],[0:19],[0:19],[0:19],[0:19],[0:19],[0:19],[0:19],[0:19],[0:19],[0:19],[0:19],[0:19],[12:14],[0:19],[0:19],[0:19],[0:19],[0:19],[6:11],0
[0:19],[0:19],[0:19],[0:19],[0:19],[0:19],[0:19],[0:19],[0:19],[0:19],[0:19],[0:19],[0:19],[7:11],[0:19],[0:19],[0:19],[0:19],[0:19],[6:11],0
[0:19],[0:19],[0:19],[0:19],[0:19],[0:19],[0:19],[0:19],[0:19],[0:19],[0:19],[0:19],[0:19],[7:11],[0:19],[0:19],[0:19],[0:19],[0:19],[6:11],1
[0:19],[0:19],[0:19],[0:19],[0:19],[0:19],[0:19],[0:19],[0:19],[0:19],[0:19],[0:19],[0:19],[7:11],[0:19],[0:19],[0:19],[0:19],[0:19],[6:11],1
[0:19],[0:19],[0:19],[0:19],[0:19],[0:19],[0:19],[0:19],[0:19],[0:19],[0:19],[0:19],[0:19],[7:11],[0:19],[0:19],[0:19],[0:19],[0:19],[6:11],0
[0:19],[0:19],[0:19],[0:19],[0:19],[0:19],[0:19],[0:19],[0:19],[0:19],[0:19],[0:19],[0:19],[7:11],[0:19],[0:19],[0:19],[0:19],[0:19],[6:11],1
[0:19],[0:19],[0:19],[0:19],[0:19],[0:19],[0:19],[0:19],[0:19],[0:19],[0:19],[0:19],[0:19],[12:14],[0:19],[0:19],[0:19],[0:19],[0:19],[6:11],1
[0:19],[0:19],[0:19],[0:19],[0:19],[0:19],[0:19],[0:19],[0:19],[0:19],[0:19],[0:19],[0:19],[7:11],[0:19],[0:19],[0:19],[0:19],[0:19],[6:11],0
[0:19],[0:19],[0:19],[0:19],[0:19],[0:19],[0:19],[0:19],[0:19],[0:19],[0:19],[0:19],[0:19],[12:14],[0:19],[0:19],[0:19],[0:19],[0:19],[6:11],0
[0:19],[0:19],[0:19],[0:19],[0:19],[0:19],[0:19],[0:19],[0:19],[0:19],[0:19],[0:19],[0:19],[7:11],[0:19],[0:19],[0:19],[0:19],[0:19],[6:11],0
[0:19],[0:19],[0:19],[0:19],[0:19],[0:19],[0:19],[0:19],[0:19],[0:19],[0:19],[0:19],[0:19],[7:11],[0:19],[0:19],[0:19],[0:19],[0:19],[6:11],1
[0:19],[0:19],[0:19],[0:19],[0:19],[0:19],[0:19],[0:19],[0:19],[0:19],[0:19],[0:19],[0:19],[7:11],[0:19],[0:19],[0:19],[0:19],[0:19],[6:11],1
[0:19],[0:19],[0:19],[0:19],[0:19],[0:19],[0:19],[0:19],[0:19],[0:19],[0:19],[0:19],[0:19],[7:11],[0:19],[0:19],[0:19],[0:19],[0:19],[6:11],0
[0:19],[0:19],[0:19],[0:19],[0:19],[0:19],[0:19],[0:19],[0:19],[0:19],[0:19],[0:19],[0:19],[12:14],[0:19],[0:19],[0:19],[0:19],[0:19],[6:11],1
[0:19],[0:19],[0:19],[0:19],[0:19],[0:19],[0:19],[0:19],[0:19],[0:19],[0:19],[0:19],[0:19],[7:11],[0:19],[0:19],[0:19],[0:19],[0:19],[6:11],1
[0:19],[0:19],[0:19],[0:19],[0:19],[0:19],[0:19],[0:19],[0:19],[0:19],[0:19],[0:19],[0:19],[7:11],[0:19],[0:19],[0:19],[0:19],[0:19],[6:11],1
[0:19],[0:19],[0:19],[0:19],[0:19],[0:19],[0:19],[0:19],[0:19],[0:19],[0:19],[0:19],[0:19],[7:11],[0:19],[0:19],[0:19],[0:19],[0:19],[6:11],1
[0:19],[0:19],[0:19],[0:19],[0:19],[0:19],[0:19],[0:19],[0:19],[0:19],[0:19],[0:19],[0:19],[7:11],[0:19],[0:19],[0:19],[0:19],[0:19],[6:11],1
[0:19],[0:19],[0:19],[0:19],[0:19],[0:19],[0:19],[0:19],[0:19],[0:19],[0:19],[0:19],[0:19],[12:14],[0:19],[0:19],[0:19],[0:19],[0:19],[3:5],0
[0:19],[0:19],[0:19],[0:19],[0:19],[0:19],[0:19],[0:19],[0:19],[0:19],[0:19],[0:19],[0:19],[7:11],[0:19],[0:19],[0:19],[0:19],[0:19],[6:11],0
[0:19],[0:19],[0:19],[0:19],[0:19],[0:19],[0:19],[0:19],[0:19],[0:19],[0:19],[0:19],[0:19],[12:14],[0:19],[0:19],[0:19],[0:19],[0:19],[12:15],1
[0:19],[0:19],[0:19],[0:19],[0:19],[0:19],[0:19],[0:19],[0:19],[0:19],[0:19],[0:19],[0:19],[7:11],[0:19],[0:19],[0:19],[0:19],[0:19],[6:11],0
[0:19],[0:19],[0:19],[0:19],[0:19],[0:19],[0:19],[0:19],[0:19],[0:19],[0:19],[0:19],[0:19],[7:11],[0:19],[0:19],[0:19],[0:19],[0:19],[6:11],0
[0:19],[0:19],[0:19],[0:19],[0:19],[0:19],[0:19],[0:19],[0:19],[0:19],[0:19],[0:19],[0:19],[7:11],[0:19],[0:19],[0:19],[0:19],[0:19],[6:11],0
[0:19],[0:19],[0:19],[0:19],[0:19],[0:19],[0:19],[0:19],[0:19],[0:19],[0:19],[0:19],[0:19],[7:11],[0:19],[0:19],[0:19],[0:19],[0:19],[6:11],1
[0:19],[0:19],[0:19],[0:19],[0:19],[0:19],[0:19],[0:19],[0:19],[0:19],[0:19],[0:19],[0:19],[7:11],[0:19],[0:19],[0:19],[0:19],[0:19],[6:11],1
[0:19],[0:19],[0:19],[0:19],[0:19],[0:19],[0:19],[0:19],[0:19],[0:19],[0:19],[0:19],[0:19],[7:11],[0:19],[0:19],[0:19],[0:19],[0:19],[12:15],1
[0:19],[0:19],[0:19],[0:19],[0:19],[0:19],[0:19],[0:19],[0:19],[0:19],[0:19],[0:19],[0:19],[12:14],[0:19],[0:19],[0:19],[0:19],[0:19],[3:5],0
[0:19],[0:19],[0:19],[0:19],[0:19],[0:19],[0:19],[0:19],[0:19],[0:19],[0:19],[0:19],[0:19],[7:11],[0:19],[0:19],[0:19],[0:19],[0:19],[6:11],1
[0:19],[0:19],[0:19],[0:19],[0:19],[0:19],[0:19],[0:19],[0:19],[0:19],[0:19],[0:19],[0:19],[7:11],[0:19],[0:19],[0:19],[0:19],[0:19],[6:11],1
[0:19],[0:19],[0:19],[0:19],[0:19],[0:19],[0:19],[0:19],[0:19],[0:19],[0:19],[0:19],[0:19],[7:11],[0:19],[0:19],[0:19],[0:19],[0:19],[3:5],0
[0:19],[0:19],[0:19],[0:19],[0:19],[0:19],[0:19],[0:19],[0:19],[0:19],[0:19],[0:19],[0:19],[7:11],[0:19],[0:19],[0:19],[0:19],[0:19],[6:11],0
[0:19],[0:19],[0:19],[0:19],[0:19],[0:19],[0:19],[0:19],[0:19],[0:19],[0:19],[0:19],[0:19],[7:11],[0:19],[0:19],[0:19],[0:19],[0:19],[6:11],1
[0:19],[0:19],[0:19],[0:19],[0:19],[0:19],[0:19],[0:19],[0:19],[0:19],[0:19],[0:19],[0:19],[7:11],[0:19],[0:19],[0:19],[0:19],[0:19],[6:11],0
[0:19],[0:19],[0:19],[0:19],[0:19],[0:19],[0:19],[0:19],[0:19],[0:19],[0:19],[0:19],[0:19],[7:11],[0:19],[0:19],[0:19],[0:19],[0:19],[6:11],0
[0:19],[0:19],[0:19],[0:19],[0:19],[0:19],[0:19],[0:19],[0:19],[0:19],[0:19],[0:19],[0:19],[7:11],[0:19],[0:19],[0:19],[0:19],[0:19],[6:11],1
[0:19],[0:19],[0:19],[0:19],[0:19],[0:19],[0:19],[0:19],[0:19],[0:19],[0:19],[0:19],[0:19],[7:11],[0:19],[0:19],[0:19],[0:19],[0:19],[6:11],1
[0:19],[0:19],[0:19],[0:19],[0:19],[0:19],[0:19],[0:19],[0:19],[0:19],[0:19],[0:19],[0:19],[12:14],[0:19],[0:19],[0:19],[0:19],[0:19],[6:11],0
[0:19],[0:19],[0:19],[0:19],[0:19],[0:19],[0:19],[0:19],[0:19],[0:19],[0:19],[0:19],[0:19],[7:11],[0:19],[0:19],[0:19],[0:19],[0:19],[6:11],1
[0:19],[0:19],[0:19],[0:19],[0:19],[0:19],[0:19],[0:19],[0:19],[0:19],[0:19],[0:19],[0:19],[7:11],[0:19],[0:19],[0:19],[0:19],[0:19],[6:11],0
[0:19],[0:19],[0:19],[0:19],[0:19],[0:19],[0:19],[0:19],[0:19],[0:19],[0:19],[0:19],[0:19],[7:11],[0:19],[0:19],[0:19],[0:19],[0:19],[12:15],1
[0:19],[0:19],[0:19],[0:19],[0:19],[0:19],[0:19],[0:19],[0:19],[0:19],[0:19],[0:19],[0:19],[7:11],[0:19],[0:19],[0:19],[0:19],[0:19],[6:11],0
[0:19],[0:19],[0:19],[0:19],[0:19],[0:19],[0:19],[0:19],[0:19],[0:19],[0:19],[0:19],[0:19],[7:11],[0:19],[0:19],[0:19],[0:19],[0:19],[6:11],1
[0:19],[0:19],[0:19],[0:19],[0:19],[0:19],[0:19],[0:19],[0:19],[0:19],[0:19],[0:19],[0:19],[12:14],[0:19],[0:19],[0:19],[0:19],[0:19],[6:11],0
[0:19],[0:19],[0:19],[0:19],[0:19],[0:19],[0:19],[0:19],[0:19],[0:19],[0:19],[0:19],[0:19],[7:11],[0:19],[0:19],[0:19],[0:19],[0:19],[12:15],1
[0:19],[0:19],[0:19],[0:19],[0:19],[0:19],[0:19],[0:19],[0:19],[0:19],[0:19],[0:19],[0:19],[7:11],[0:19],[0:19],[0:19],[0:19],[0:19],[6:11],0
[0:19],[0:19],[0:19],[0:19],[0:19],[0:19],[0:19],[0:19],[0:19],[0:19],[0:19],[0:19],[0:19],[7:11],[0:19],[0:19],[0:19],[0:19],[0:19],[6:11],1
[0:19],[0:19],[0:19],[0:19],[0:19],[0:19],[0:19],[0:19],[0:19],[0:19],[0:19],[0:19],[0:19],[7:11],[0:19],[0:19],[0:19],[0:19],[0:19],[6:11],0
[0:19],[0:19],[0:19],[0:19],[0:19],[0:19],[0:19],[0:19],[0:19],[0:19],[0:19],[0:19],[0:19],[12:14],[0:19],[0:19],[0:19],[0:19],[0:19],[6:11],0
[0:19],[0:19],[0:19],[0:19],[0:19],[0:19],[0:19],[0:19],[0:19],[0:19],[0:19],[0:19],[0:19],[7:11],[0:19],[0:19],[0:19],[0:19],[0:19],[6:11],0
[0:19],[0:19],[0:19],[0:19],[0:19],[0:19],[0:19],[0:19],[0:19],[0:19],[0:19],[0:19],[0:19],[12:14],[0:19],[0:19],[0:19],[0:19],[0:19],[6:11],1
[0:19],[0:19],[0:19],[0:19],[0:19],[0:19],[0:19],[0:19],[0:19],[0:19],[0:19],[0:19],[0:19],[7:11],[0:19],[0:19],[0:19],[0:19],[0:19],[6:11],1
[0:19],[0:19],[0:19],[0:19],[0:19],[0:19],[0:19],[0:19],[0:19],[0:19],[0:19],[0:19],[0:19],[12:14],[0:19],[0:19],[0:19],[0:19],[0:19],[12:15],1
[0:19],[0:19],[0:19],[0:19],[0:19],[0:19],[0:19],[0:19],[0:19],[0:19],[0:19],[0:19],[0:19],[7:11],[0:19],[0:19],[0:19],[0:19],[0:19],[6:11],0
[0:19],[0:19],[0:19],[0:19],[0:19],[0:19],[0:19],[0:19],[0:19],[0:19],[0:19],[0:19],[0:19],[7:11],[0:19],[0:19],[0:19],[0:19],[0:19],[3:5],0
[0:19],[0:19],[0:19],[0:19],[0:19],[0:19],[0:19],[0:19],[0:19],[0:19],[0:19],[0:19],[0:19],[7:11],[0:19],[0:19],[0:19],[0:19],[0:19],[6:11],1
[0:19],[0:19],[0:19],[0:19],[0:19],[0:19],[0:19],[0:19],[0:19],[0:19],[0:19],[0:19],[0:19],[7:11],[0:19],[0:19],[0:19],[0:19],[0:19],[6:11],1
[0:19],[0:19],[0:19],[0:19],[0:19],[0:19],[0:19],[0:19],[0:19],[0:19],[0:19],[0:19],[0:19],[7:11],[0:19],[0:19],[0:19],[0:19],[0:19],[6:11],1
[0:19],[0:19],[0:19],[0:19],[0:19],[0:19],[0:19],[0:19],[0:19],[0:19],[0:19],[0:19],[0:19],[7:11],[0:19],[0:19],[0:19],[0:19],[0:19],[6:11],1
[0:19],[0:19],[0:19],[0:19],[0:19],[0:19],[0:19],[0:19],[0:19],[0:19],[0:19],[0:19],[0:19],[7:11],[0:19],[0:19],[0:19],[0:19],[0:19],[6:11],0
[0:19],[0:19],[0:19],[0:19],[0:19],[0:19],[0:19],[0:19],[0:19],[0:19],[0:19],[0:19],[0:19],[7:11],[0:19],[0:19],[0:19],[0:19],[0:19],[6:11],1
[0:19],[0:19],[0:19],[0:19],[0:19],[0:19],[0:19],[0:19],[0:19],[0:19],[0:19],[0:19],[0:19],[7:11],[0:19],[0:19],[0:19],[0:19],[0:19],[6:11],0
[0:19],[0:19],[0:19],[0:19],[0:19],[0:19],[0:19],[0:19],[0:19],[0:19],[0:19],[0:19],[0:19],[7:11],[0:19],[0:19],[0:19],[0:19],[0:19],[6:11],0
[0:19],[0:19],[0:19],[0:19],[0:19],[0:19],[0:19],[0:19],[0:19],[0:19],[0:19],[0:19],[0:19],[7:11],[0:19],[0:19],[0:19],[0:19],[0:19],[6:11],0
[0:19],[0:19],[0:19],[0:19],[0:19],[0:19],[0:19],[0:19],[0:19],[0:19],[0:19],[0:19],[0:19],[7:11],[0:19],[0:19],[0:19],[0:19],[0:19],[6:11],1
[0:19],[0:19],[0:19],[0:19],[0:19],[0:19],[0:19],[0:19],[0:19],[0:19],[0:19],[0:19],[0:19],[0:6],[0:19],[0:19],[0:19],[0:19],[0:19],[6:11],0
[0:19],[0:19],[0:19],[0:19],[0:19],[0:19],[0:19],[0:19],[0:19],[0:19],[0:19],[0:19],[0:19],[7:11],[0:19],[0:19],[0:19],[0:19],[0:19],[6:11],0
[0:19],[0:19],[0:19],[0:19],[0:19],[0:19],[0:19],[0:19],[0:19],[0:19],[0:19],[0:19],[0:19],[12:14],[0:19],[0:19],[0:19],[0:19],[0:19],[6:11],1
[0:19],[0:19],[0:19],[0:19],[0:19],[0:19],[0:19],[0:19],[0:19],[0:19],[0:19],[0:19],[0:19],[7:11],[0:19],[0:19],[0:19],[0:19],[0:19],[6:11],1
[0:19],[0:19],[0:19],[0:19],[0:19],[0:19],[0:19],[0:19],[0:19],[0:19],[0:19],[0:19],[0:19],[7:11],[0:19],[0:19],[0:19],[0:19],[0:19],[6:11],1
[0:19],[0:19],[0:19],[0:19],[0:19],[0:19],[0:19],[0:19],[0:19],[0:19],[0:19],[0:19],[0:19],[0:6],[0:19],[0:19],[0:19],[0:19],[0:19],[6:11],0
[0:19],[0:19],[0:19],[0:19],[0:19],[0:19],[0:19],[0:19],[0:19],[0:19],[0:19],[0:19],[0:19],[7:11],[0:19],[0:19],[0:19],[0:19],[0:19],[6:11],1
[0:19],[0:19],[0:19],[0:19],[0:19],[0:19],[0:19],[0:19],[0:19],[0:19],[0:19],[0:19],[0:19],[7:11],[0:19],[0:19],[0:19],[0:19],[0:19],[6:11],1
[0:19],[0:19],[0:19],[0:19],[0:19],[0:19],[0:19],[0:19],[0:19],[0:19],[0:19],[0:19],[0:19],[12:14],[0:19],[0:19],[0:19],[0:19],[0:19],[6:11],1
[0:19],[0:19],[0:19],[0:19],[0:19],[0:19],[0:19],[0:19],[0:19],[0:19],[0:19],[0:19],[0:19],[0:6],[0:19],[0:19],[0:19],[0:19],[0:19],[6:11],0
[0:19],[0:19],[0:19],[0:19],[0:19],[0:19],[0:19],[0:19],[0:19],[0:19],[0:19],[0:19],[0:19],[7:11],[0:19],[0:19],[0:19],[0:19],[0:19],[6:11],1
[0:19],[0:19],[0:19],[0:19],[0:19],[0:19],[0:19],[0:19],[0:19],[0:19],[0:19],[0:19],[0:19],[12:14],[0:19],[0:19],[0:19],[0:19],[0:19],[12:15],0
[0:19],[0:19],[0:19],[0:19],[0:19],[0:19],[0:19],[0:19],[0:19],[0:19],[0:19],[0:19],[0:19],[7:11],[0:19],[0:19],[0:19],[0:19],[0:19],[6:11],1
[0:19],[0:19],[0:19],[0:19],[0:19],[0:19],[0:19],[0:19],[0:19],[0:19],[0:19],[0:19],[0:19],[7:11],[0:19],[0:19],[0:19],[0:19],[0:19],[6:11],0
[0:19],[0:19],[0:19],[0:19],[0:19],[0:19],[0:19],[0:19],[0:19],[0:19],[0:19],[0:19],[0:19],[7:11],[0:19],[0:19],[0:19],[0:19],[0:19],[6:11],0
[0:19],[0:19],[0:19],[0:19],[0:19],[0:19],[0:19],[0:19],[0:19],[0:19],[0:19],[0:19],[0:19],[7:11],[0:19],[0:19],[0:19],[0:19],[0:19],[6:11],1
[0:19],[0:19],[0:19],[0:19],[0:19],[0:19],[0:19],[0:19],[0:19],[0:19],[0:19],[0:19],[0:19],[12:14],[0:19],[0:19],[0:19],[0:19],[0:19],[6:11],1
[0:19],[0:19],[0:19],[0:19],[0:19],[0:19],[0:19],[0:19],[0:19],[0:19],[0:19],[0:19],[0:19],[7:11],[0:19],[0:19],[0:19],[0:19],[0:19],[6:11],0
[0:19],[0:19],[0:19],[0:19],[0:19],[0:19],[0:19],[0:19],[0:19],[0:19],[0:19],[0:19],[0:19],[7:11],[0:19],[0:19],[0:19],[0:19],[0:19],[6:11],1
[0:19],[0:19],[0:19],[0:19],[0:19],[0:19],[0:19],[0:19],[0:19],[0:19],[0:19],[0:19],[0:19],[7:11],[0:19],[0:19],[0:19],[0:19],[0:19],[6:11],1
[0:19],[0:19],[0:19],[0:19],[0:19],[0:19],[0:19],[0:19],[0:19],[0:19],[0:19],[0:19],[0:19],[7:11],[0:19],[0:19],[0:19],[0:19],[0:19],[6:11],0
[0:19],[0:19],[0:19],[0:19],[0:19],[0:19],[0:19],[0:19],[0:19],[0:19],[0:19],[0:19],[0:19],[7:11],[0:19],[0:19],[0:19],[0:19],[0:19],[6:11],1
[0:19],[0:19],[0:19],[0:19],[0:19],[0:19],[0:19],[0:19],[0:19],[0:19],[0:19],[0:19],[0:19],[7:11],[0:19],[0:19],[0:19],[0:19],[0:19],[12:15],1
[0:19],[0:19],[0:19],[0:19],[0:19],[0:19],[0:19],[0:19],[0:19],[0:19],[0:19],[0:19],[0:19],[7:11],[0:19],[0:19],[0:19],[0:19],[0:19],[3:5],0
[0:19],[0:19],[0:19],[0:19],[0:19],[0:19],[0:19],[0:19],[0:19],[0:19],[0:19],[0:19],[0:19],[7:11],[0:19],[0:19],[0:19],[0:19],[0:19],[6:11],1
[0:19],[0:19],[0:19],[0:19],[0:19],[0:19],[0:19],[0:19],[0:19],[0:19],[0:19],[0:19],[0:19],[7:11],[0:19],[0:19],[0:19],[0:19],[0:19],[6:11],1
[0:19],[0:19],[0:19],[0:19],[0:19],[0:19],[0:19],[0:19],[0:19],[0:19],[0:19],[0:19],[0:19],[7:11],[0:19],[0:19],[0:19],[0:19],[0:19],[6:11],1
[0:19],[0:19],[0:19],[0:19],[0:19],[0:19],[0:19],[0:19],[0:19],[0:19],[0:19],[0:19],[0:19],[7:11],[0:19],[0:19],[0:19],[0:19],[0:19],[6:11],1
[0:19],[0:19],[0:19],[0:19],[0:19],[0:19],[0:19],[0:19],[0:19],[0:19],[0:19],[0:19],[0:19],[7:11],[0:19],[0:19],[0:19],[0:19],[0:19],[6:11],1
[0:19],[0:19],[0:19],[0:19],[0:19],[0:19],[0:19],[0:19],[0:19],[0:19],[0:19],[0:19],[0:19],[7:11],[0:19],[0:19],[0:19],[0:19],[0:19],[12:15],1
[0:19],[0:19],[0:19],[0:19],[0:19],[0:19],[0:19],[0:19],[0:19],[0:19],[0:19],[0:19],[0:19],[7:11],[0:19],[0:19],[0:19],[0:19],[0:19],[6:11],1
[0:19],[0:19],[0:19],[0:19],[0:19],[0:19],[0:19],[0:19],[0:19],[0:19],[0:19],[0:19],[0:19],[15:19],[0:19],[0:19],[0:19],[0:19],[0:19],[6:11],0
[0:19],[0:19],[0:19],[0:19],[0:19],[0:19],[0:19],[0:19],[0:19],[0:19],[0:19],[0:19],[0:19],[7:11],[0:19],[0:19],[0:19],[0:19],[0:19],[6:11],1
[0:19],[0:19],[0:19],[0:19],[0:19],[0:19],[0:19],[0:19],[0:19],[0:19],[0:19],[0:19],[0:19],[7:11],[0:19],[0:19],[0:19],[0:19],[0:19],[6:11],1
[0:19],[0:19],[0:19],[0:19],[0:19],[0:19],[0:19],[0:19],[0:19],[0:19],[0:19],[0:19],[0:19],[7:11],[0:19],[0:19],[0:19],[0:19],[0:19],[6:11],0
[0:19],[0:19],[0:19],[0:19],[0:19],[0:19],[0:19],[0:19],[0:19],[0:19],[0:19],[0:19],[0:19],[7:11],[0:19],[0:19],[0:19],[0:19],[0:19],[12:15],0
[0:19],[0:19],[0:19],[0:19],[0:19],[0:19],[0:19],[0:19],[0:19],[0:19],[0:19],[0:19],[0:19],[15:19],[0:19],[0:19],[0:19],[0:19],[0:19],[6:11],0
[0:19],[0:19],[0:19],[0:19],[0:19],[0:19],[0:19],[0:19],[0:19],[0:19],[0:19],[0:19],[0:19],[7:11],[0:19],[0:19],[0:19],[0:19],[0:19],[6:11],1
[0:19],[0:19],[0:19],[0:19],[0:19],[0:19],[0:19],[0:19],[0:19],[0:19],[0:19],[0:19],[0:19],[7:11],[0:19],[0:19],[0:19],[0:19],[0:19],[6:11],1
[0:19],[0:19],[0:19],[0:19],[0:19],[0:19],[0:19],[0:19],[0:19],[0:19],[0:19],[0:19],[0:19],[7:11],[0:19],[0:19],[0:19],[0:19],[0:19],[3:5],0
[0:19],[0:19],[0:19],[0:19],[0:19],[0:19],[0:19],[0:19],[0:19],[0:19],[0:19],[0:19],[0:19],[12:14],[0:19],[0:19],[0:19],[0:19],[0:19],[6:11],1
[0:19],[0:19],[0:19],[0:19],[0:19],[0:19],[0:19],[0:19],[0:19],[0:19],[0:19],[0:19],[0:19],[12:14],[0:19],[0:19],[0:19],[0:19],[0:19],[12:15],0
[0:19],[0:19],[0:19],[0:19],[0:19],[0:19],[0:19],[0:19],[0:19],[0:19],[0:19],[0:19],[0:19],[7:11],[0:19],[0:19],[0:19],[0:19],[0:19],[6:11],1
[0:19],[0:19],[0:19],[0:19],[0:19],[0:19],[0:19],[0:19],[0:19],[0:19],[0:19],[0:19],[0:19],[7:11],[0:19],[0:19],[0:19],[0:19],[0:19],[6:11],1
[0:19],[0:19],[0:19],[0:19],[0:19],[0:19],[0:19],[0:19],[0:19],[0:19],[0:19],[0:19],[0:19],[12:14],[0:19],[0:19],[0:19],[0:19],[0:19],[6:11],1
[0:19],[0:19],[0:19],[0:19],[0:19],[0:19],[0:19],[0:19],[0:19],[0:19],[0:19],[0:19],[0:19],[0:6],[0:19],[0:19],[0:19],[0:19],[0:19],[6:11],0
[0:19],[0:19],[0:19],[0:19],[0:19],[0:19],[0:19],[0:19],[0:19],[0:19],[0:19],[0:19],[0:19],[12:14],[0:19],[0:19],[0:19],[0:19],[0:19],[6:11],1
[0:19],[0:19],[0:19],[0:19],[0:19],[0:19],[0:19],[0:19],[0:19],[0:19],[0:19],[0:19],[0:19],[7:11],[0:19],[0:19],[0:19],[0:19],[0:19],[6:11],1
[0:19],[0:19],[0:19],[0:19],[0:19],[0:19],[0:19],[0:19],[0:19],[0:19],[0:19],[0:19],[0:19],[12:14],[0:19],[0:19],[0:19],[0:19],[0:19],[6:11],0
[0:19],[0:19],[0:19],[0:19],[0:19],[0:19],[0:19],[0:19],[0:19],[0:19],[0:19],[0:19],[0:19],[7:11],[0:19],[0:19],[0:19],[0:19],[0:19],[6:11],1
[0:19],[0:19],[0:19],[0:19],[0:19],[0:19],[0:19],[0:19],[0:19],[0:19],[0:19],[0:19],[0:19],[7:11],[0:19],[0:19],[0:19],[0:19],[0:19],[6:11],1
[0:19],[0:19],[0:19],[0:19],[0:19],[0:19],[0:19],[0:19],[0:19],[0:19],[0:19],[0:19],[0:19],[7:11],[0:19],[0:19],[0:19],[0:19],[0:19],[0:2],0
[0:19],[0:19],[0:19],[0:19],[0:19],[0:19],[0:19],[0:19],[0:19],[0:19],[0:19],[0:19],[0:19],[12:14],[0:19],[0:19],[0:19],[0:19],[0:19],[6:11],1
[0:19],[0:19],[0:19],[0:19],[0:19],[0:19],[0:19],[0:19],[0:19],[0:19],[0:19],[0:19],[0:19],[0:6],[0:19],[0:19],[0:19],[0:19],[0:19],[6:11],0
[0:19],[0:19],[0:19],[0:19],[0:19],[0:19],[0:19],[0:19],[0:19],[0:19],[0:19],[0:19],[0:19],[7:11],[0:19],[0:19],[0:19],[0:19],[0:19],[6:11],1
[0:19],[0:19],[0:19],[0:19],[0:19],[0:19],[0:19],[0:19],[0:19],[0:19],[0:19],[0:19],[0:19],[7:11],[0:19],[0:19],[0:19],[0:19],[0:19],[12:15],1
[0:19],[0:19],[0:19],[0:19],[0:19],[0:19],[0:19],[0:19],[0:19],[0:19],[0:19],[0:19],[0:19],[7:11],[0:19],[0:19],[0:19],[0:19],[0:19],[6:11],0
[0:19],[0:19],[0:19],[0:19],[0:19],[0:19],[0:19],[0:19],[0:19],[0:19],[0:19],[0:19],[0:19],[7:11],[0:19],[0:19],[0:19],[0:19],[0:19],[12:15],0
[0:19],[0:19],[0:19],[0:19],[0:19],[0:19],[0:19],[0:19],[0:19],[0:19],[0:19],[0:19],[0:19],[7:11],[0:19],[0:19],[0:19],[0:19],[0:19],[6:11],1
[0:19],[0:19],[0:19],[0:19],[0:19],[0:19],[0:19],[0:19],[0:19],[0:19],[0:19],[0:19],[0:19],[7:11],[0:19],[0:19],[0:19],[0:19],[0:19],[6:11],0
[0:19],[0:19],[0:19],[0:19],[0:19],[0:19],[0:19],[0:19],[0:19],[0:19],[0:19],[0:19],[0:19],[7:11],[0:19],[0:19],[0:19],[0:19],[0:19],[6:11],0
[0:19],[0:19],[0:19],[0:19],[0:19],[0:19],[0:19],[0:19],[0:19],[0:19],[0:19],[0:19],[0:19],[7:11],[0:19],[0:19],[0:19],[0:19],[0:19],[6:11],0
[0:19],[0:19],[0:19],[0:19],[0:19],[0:19],[0:19],[0:19],[0:19],[0:19],[0:19],[0:19],[0:19],[12:14],[0:19],[0:19],[0:19],[0:19],[0:19],[6:11],1
[0:19],[0:19],[0:19],[0:19],[0:19],[0:19],[0:19],[0:19],[0:19],[0:19],[0:19],[0:19],[0:19],[12:14],[0:19],[0:19],[0:19],[0:19],[0:19],[12:15],1
[0:19],[0:19],[0:19],[0:19],[0:19],[0:19],[0:19],[0:19],[0:19],[0:19],[0:19],[0:19],[0:19],[12:14],[0:19],[0:19],[0:19],[0:19],[0:19],[16:19],0
[0:19],[0:19],[0:19],[0:19],[0:19],[0:19],[0:19],[0:19],[0:19],[0:19],[0:19],[0:19],[0:19],[12:14],[0:19],[0:19],[0:19],[0:19],[0:19],[12:15],1
[0:19],[0:19],[0:19],[0:19],[0:19],[0:19],[0:19],[0:19],[0:19],[0:19],[0:19],[0:19],[0:19],[7:11],[0:19],[0:19],[0:19],[0:19],[0:19],[12:15],1
[0:19],[0:19],[0:19],[0:19],[0:19],[0:19],[0:19],[0:19],[0:19],[0:19],[0:19],[0:19],[0:19],[7:11],[0:19],[0:19],[0:19],[0:19],[0:19],[6:11],0
[0:19],[0:19],[0:19],[0:19],[0:19],[0:19],[0:19],[0:19],[0:19],[0:19],[0:19],[0:19],[0:19],[7:11],[0:19],[0:19],[0:19],[0:19],[0:19],[6:11],1
[0:19],[0:19],[0:19],[0:19],[0:19],[0:19],[0:19],[0:19],[0:19],[0:19],[0:19],[0:19],[0:19],[7:11],[0:19],[0:19],[0:19],[0:19],[0:19],[6:11],1
[0:19],[0:19],[0:19],[0:19],[0:19],[0:19],[0:19],[0:19],[0:19],[0:19],[0:19],[0:19],[0:19],[7:11],[0:19],[0:19],[0:19],[0:19],[0:19],[6:11],1
[0:19],[0:19],[0:19],[0:19],[0:19],[0:19],[0:19],[0:19],[0:19],[0:19],[0:19],[0:19],[0:19],[7:11],[0:19],[0:19],[0:19],[0:19],[0:19],[6:11],0
[0:19],[0:19],[0:19],[0:19],[0:19],[0:19],[0:19],[0:19],[0:19],[0:19],[0:19],[0:19],[0:19],[7:11],[0:19],[0:19],[0:19],[0:19],[0:19],[6:11],1
[0:19],[0:19],[0:19],[0:19],[0:19],[0:19],[0:19],[0:19],[0:19],[0:19],[0:19],[0:19],[0:19],[7:11],[0:19],[0:19],[0:19],[0:19],[0:19],[6:11],1
[0:19],[0:19],[0:19],[0:19],[0:19],[0:19],[0:19],[0:19],[0:19],[0:19],[0:19],[0:19],[0:19],[7:11],[0:19],[0:19],[0:19],[0:19],[0:19],[6:11],0
[0:19],[0:19],[0:19],[0:19],[0:19],[0:19],[0:19],[0:19],[0:19],[0:19],[0:19],[0:19],[0:19],[7:11],[0:19],[0:19],[0:19],[0:19],[0:19],[6:11],1
[0:19],[0:19],[0:19],[0:19],[0:19],[0:19],[0:19],[0:19],[0:19],[0:19],[0:19],[0:19],[0:19],[7:11],[0:19],[0:19],[0:19],[0:19],[0:19],[6:11],0
[0:19],[0:19],[0:19],[0:19],[0:19],[0:19],[0:19],[0:19],[0:19],[0:19],[0:19],[0:19],[0:19],[12:14],[0:19],[0:19],[0:19],[0:19],[0:19],[6:11],0
[0:19],[0:19],[0:19],[0:19],[0:19],[0:19],[0:19],[0:19],[0:19],[0:19],[0:19],[0:19],[0:19],[7:11],[0:19],[0:19],[0:19],[0:19],[0:19],[6:11],0
[0:19],[0:19],[0:19],[0:19],[0:19],[0:19],[0:19],[0:19],[0:19],[0:19],[0:19],[0:19],[0:19],[7:11],[0:19],[0:19],[0:19],[0:19],[0:19],[3:5],0
[0:19],[0:19],[0:19],[0:19],[0:19],[0:19],[0:19],[0:19],[0:19],[0:19],[0:19],[0:19],[0:19],[12:14],[0:19],[0:19],[0:19],[0:19],[0:19],[6:11],0
[0:19],[0:19],[0:19],[0:19],[0:19],[0:19],[0:19],[0:19],[0:19],[0:19],[0:19],[0:19],[0:19],[7:11],[0:19],[0:19],[0:19],[0:19],[0:19],[6:11],1
[0:19],[0:19],[0:19],[0:19],[0:19],[0:19],[0:19],[0:19],[0:19],[0:19],[0:19],[0:19],[0:19],[12:14],[0:19],[0:19],[0:19],[0:19],[0:19],[6:11],0
[0:19],[0:19],[0:19],[0:19],[0:19],[0:19],[0:19],[0:19],[0:19],[0:19],[0:19],[0:19],[0:19],[12:14],[0:19],[0:19],[0:19],[0:19],[0:19],[12:15],0
[0:19],[0:19],[0:19],[0:19],[0:19],[0:19],[0:19],[0:19],[0:19],[0:19],[0:19],[0:19],[0:19],[12:14],[0:19],[0:19],[0:19],[0:19],[0:19],[6:11],1
[0:19],[0:19],[0:19],[0:19],[0:19],[0:19],[0:19],[0:19],[0:19],[0:19],[0:19],[0:19],[0:19],[7:11],[0:19],[0:19],[0:19],[0:19],[0:19],[6:11],1
[0:19],[0:19],[0:19],[0:19],[0:19],[0:19],[0:19],[0:19],[0:19],[0:19],[0:19],[0:19],[0:19],[12:14],[0:19],[0:19],[0:19],[0:19],[0:19],[6:11],1
[0:19],[0:19],[0:19],[0:19],[0:19],[0:19],[0:19],[0:19],[0:19],[0:19],[0:19],[0:19],[0:19],[12:14],[0:19],[0:19],[0:19],[0:19],[0:19],[6:11],1
[0:19],[0:19],[0:19],[0:19],[0:19],[0:19],[0:19],[0:19],[0:19],[0:19],[0:19],[0:19],[0:19],[7:11],[0:19],[0:19],[0:19],[0:19],[0:19],[6:11],1
[0:19],[0:19],[0:19],[0:19],[0:19],[0:19],[0:19],[0:19],[0:19],[0:19],[0:19],[0:19],[0:19],[7:11],[0:19],[0:19],[0:19],[0:19],[0:19],[6:11],1
[0:19],[0:19],[0:19],[0:19],[0:19],[0:19],[0:19],[0:19],[0:19],[0:19],[0:19],[0:19],[0:19],[7:11],[0:19],[0:19],[0:19],[0:19],[0:19],[6:11],1
[0:19],[0:19],[0:19],[0:19],[0:19],[0:19],[0:19],[0:19],[0:19],[0:19],[0:19],[0:19],[0:19],[12:14],[0:19],[0:19],[0:19],[0:19],[0:19],[6:11],0
[0:19],[0:19],[0:19],[0:19],[0:19],[0:19],[0:19],[0:19],[0:19],[0:19],[0:19],[0:19],[0:19],[12:14],[0:19],[0:19],[0:19],[0:19],[0:19],[6:11],0
[0:19],[0:19],[0:19],[0:19],[0:19],[0:19],[0:19],[0:19],[0:19],[0:19],[0:19],[0:19],[0:19],[7:11],[0:19],[0:19],[0:19],[0:19],[0:19],[6:11],0
[0:19],[0:19],[0:19],[0:19],[0:19],[0:19],[0:19],[0:19],[0:19],[0:19],[0:19],[0:19],[0:19],[7:11],[0:19],[0:19],[0:19],[0:19],[0:19],[6:11],1
[0:19],[0:19],[0:19],[0:19],[0:19],[0:19],[0:19],[0:19],[0:19],[0:19],[0:19],[0:19],[0:19],[12:14],[0:19],[0:19],[0:19],[0:19],[0:19],[6:11],0
[0:19],[0:19],[0:19],[0:19],[0:19],[0:19],[0:19],[0:19],[0:19],[0:19],[0:19],[0:19],[0:19],[7:11],[0:19],[0:19],[0:19],[0:19],[0:19],[6:11],0
[0:19],[0:19],[0:19],[0:19],[0:19],[0:19],[0:19],[0:19],[0:19],[0:19],[0:19],[0:19],[0:19],[7:11],[0:19],[0:19],[0:19],[0:19],[0:19],[3:5],0
[0:19],[0:19],[0:19],[0:19],[0:19],[0:19],[0:19],[0:19],[0:19],[0:19],[0:19],[0:19],[0:19],[7:11],[0:19],[0:19],[0:19],[0:19],[0:19],[6:11],1
[0:19],[0:19],[0:19],[0:19],[0:19],[0:19],[0:19],[0:19],[0:19],[0:19],[0:19],[0:19],[0:19],[7:11],[0:19],[0:19],[0:19],[0:19],[0:19],[6:11],0
[0:19],[0:19],[0:19],[0:19],[0:19],[0:19],[0:19],[0:19],[0:19],[0:19],[0:19],[0:19],[0:19],[7:11],[0:19],[0:19],[0:19],[0:19],[0:19],[6:11],1
[0:19],[0:19],[0:19],[0:19],[0:19],[0:19],[0:19],[0:19],[0:19],[0:19],[0:19],[0:19],[0:19],[7:11],[0:19],[0:19],[0:19],[0:19],[0:19],[3:5],0
[0:19],[0:19],[0:19],[0:19],[0:19],[0:19],[0:19],[0:19],[0:19],[0:19],[0:19],[0:19],[0:19],[12:14],[0:19],[0:19],[0:19],[0:19],[0:19],[6:11],1
[0:19],[0:19],[0:19],[0:19],[0:19],[0:19],[0:19],[0:19],[0:19],[0:19],[0:19],[0:19],[0:19],[7:11],[0:19],[0:19],[0:19],[0:19],[0:19],[12:15],0
[0:19],[0:19],[0:19],[0:19],[0:19],[0:19],[0:19],[0:19],[0:19],[0:19],[0:19],[0:19],[0:19],[7:11],[0:19],[0:19],[0:19],[0:19],[0:19],[6:11],1
[0:19],[0:19],[0:19],[0:19],[0:19],[0:19],[0:19],[0:19],[0:19],[0:19],[0:19],[0:19],[0:19],[12:14],[0:19],[0:19],[0:19],[0:19],[0:19],[6:11],1
[0:19],[0:19],[0:19],[0:19],[0:19],[0:19],[0:19],[0:19],[0:19],[0:19],[0:19],[0:19],[0:19],[7:11],[0:19],[0:19],[0:19],[0:19],[0:19],[6:11],0
[0:19],[0:19],[0:19],[0:19],[0:19],[0:19],[0:19],[0:19],[0:19],[0:19],[0:19],[0:19],[0:19],[7:11],[0:19],[0:19],[0:19],[0:19],[0:19],[6:11],0
[0:19],[0:19],[0:19],[0:19],[0:19],[0:19],[0:19],[0:19],[0:19],[0:19],[0:19],[0:19],[0:19],[7:11],[0:19],[0:19],[0:19],[0:19],[0:19],[6:11],0
[0:19],[0:19],[0:19],[0:19],[0:19],[0:19],[0:19],[0:19],[0:19],[0:19],[0:19],[0:19],[0:19],[0:6],[0:19],[0:19],[0:19],[0:19],[0:19],[6:11],0
[0:19],[0:19],[0:19],[0:19],[0:19],[0:19],[0:19],[0:19],[0:19],[0:19],[0:19],[0:19],[0:19],[7:11],[0:19],[0:19],[0:19],[0:19],[0:19],[6:11],1
[0:19],[0:19],[0:19],[0:19],[0:19],[0:19],[0:19],[0:19],[0:19],[0:19],[0:19],[0:19],[0:19],[7:11],[0:19],[0:19],[0:19],[0:19],[0:19],[6:11],1
[0:19],[0:19],[0:19],[0:19],[0:19],[0:19],[0:19],[0:19],[0:19],[0:19],[0:19],[0:19],[0:19],[7:11],[0:19],[0:19],[0:19],[0:19],[0:19],[6:11],1
[0:19],[0:19],[0:19],[0:19],[0:19],[0:19],[0:19],[0:19],[0:19],[0:19],[0:19],[0:19],[0:19],[7:11],[0:19],[0:19],[0:19],[0:19],[0:19],[6:11],0
[0:19],[0:19],[0:19],[0:19],[0:19],[0:19],[0:19],[0:19],[0:19],[0:19],[0:19],[0:19],[0:19],[7:11],[0:19],[0:19],[0:19],[0:19],[0:19],[6:11],1
[0:19],[0:19],[0:19],[0:19],[0:19],[0:19],[0:19],[0:19],[0:19],[0:19],[0:19],[0:19],[0:19],[7:11],[0:19],[0:19],[0:19],[0:19],[0:19],[6:11],0
[0:19],[0:19],[0:19],[0:19],[0:19],[0:19],[0:19],[0:19],[0:19],[0:19],[0:19],[0:19],[0:19],[7:11],[0:19],[0:19],[0:19],[0:19],[0:19],[6:11],1
[0:19],[0:19],[0:19],[0:19],[0:19],[0:19],[0:19],[0:19],[0:19],[0:19],[0:19],[0:19],[0:19],[7:11],[0:19],[0:19],[0:19],[0:19],[0:19],[3:5],0
[0:19],[0:19],[0:19],[0:19],[0:19],[0:19],[0:19],[0:19],[0:19],[0:19],[0:19],[0:19],[0:19],[12:14],[0:19],[0:19],[0:19],[0:19],[0:19],[6:11],0
[0:19],[0:19],[0:19],[0:19],[0:19],[0:19],[0:19],[0:19],[0:19],[0:19],[0:19],[0:19],[0:19],[7:11],[0:19],[0:19],[0:19],[0:19],[0:19],[12:15],1
[0:19],[0:19],[0:19],[0:19],[0:19],[0:19],[0:19],[0:19],[0:19],[0:19],[0:19],[0:19],[0:19],[7:11],[0:19],[0:19],[0:19],[0:19],[0:19],[12:15],0
[0:19],[0:19],[0:19],[0:19],[0:19],[0:19],[0:19],[0:19],[0:19],[0:19],[0:19],[0:19],[0:19],[7:11],[0:19],[0:19],[0:19],[0:19],[0:19],[6:11],0
[0:19],[0:19],[0:19],[0:19],[0:19],[0:19],[0:19],[0:19],[0:19],[0:19],[0:19],[0:19],[0:19],[7:11],[0:19],[0:19],[0:19],[0:19],[0:19],[6:11],1
[0:19],[0:19],[0:19],[0:19],[0:19],[0:19],[0:19],[0:19],[0:19],[0:19],[0:19],[0:19],[0:19],[12:14],[0:19],[0:19],[0:19],[0:19],[0:19],[6:11],0
[0:19],[0:19],[0:19],[0:19],[0:19],[0:19],[0:19],[0:19],[0:19],[0:19],[0:19],[0:19],[0:19],[7:11],[0:19],[0:19],[0:19],[0:19],[0:19],[6:11],0
[0:19],[0:19],[0:19],[0:19],[0:19],[0:19],[0:19],[0:19],[0:19],[0:19],[0:19],[0:19],[0:19],[7:11],[0:19],[0:19],[0:19],[0:19],[0:19],[6:11],1
[0:19],[0:19],[0:19],[0:19],[0:19],[0:19],[0:19],[0:19],[0:19],[0:19],[0:19],[0:19],[0:19],[7:11],[0:19],[0:19],[0:19],[0:19],[0:19],[6:11],1
[0:19],[0:19],[0:19],[0:19],[0:19],[0:19],[0:19],[0:19],[0:19],[0:19],[0:19],[0:19],[0:19],[7:11],[0:19],[0:19],[0:19],[0:19],[0:19],[6:11],0
[0:19],[0:19],[0:19],[0:19],[0:19],[0:19],[0:19],[0:19],[0:19],[0:19],[0:19],[0:19],[0:19],[7:11],[0:19],[0:19],[0:19],[0:19],[0:19],[6:11],0
[0:19],[0:19],[0:19],[0:19],[0:19],[0:19],[0:19],[0:19],[0:19],[0:19],[0:19],[0:19],[0:19],[7:11],[0:19],[0:19],[0:19],[0:19],[0:19],[6:11],0
[0:19],[0:19],[0:19],[0:19],[0:19],[0:19],[0:19],[0:19],[0:19],[0:19],[0:19],[0:19],[0:19],[12:14],[0:19],[0:19],[0:19],[0:19],[0:19],[3:5],0
[0:19],[0:19],[0:19],[0:19],[0:19],[0:19],[0:19],[0:19],[0:19],[0:19],[0:19],[0:19],[0:19],[7:11],[0:19],[0:19],[0:19],[0:19],[0:19],[6:11],1
[0:19],[0:19],[0:19],[0:19],[0:19],[0:19],[0:19],[0:19],[0:19],[0:19],[0:19],[0:19],[0:19],[7:11],[0:19],[0:19],[0:19],[0:19],[0:19],[6:11],1
[0:19],[0:19],[0:19],[0:19],[0:19],[0:19],[0:19],[0:19],[0:19],[0:19],[0:19],[0:19],[0:19],[7:11],[0:19],[0:19],[0:19],[0:19],[0:19],[3:5],0
[0:19],[0:19],[0:19],[0:19],[0:19],[0:19],[0:19],[0:19],[0:19],[0:19],[0:19],[0:19],[0:19],[7:11],[0:19],[0:19],[0:19],[0:19],[0:19],[6:11],1
[0:19],[0:19],[0:19],[0:19],[0:19],[0:19],[0:19],[0:19],[0:19],[0:19],[0:19],[0:19],[0:19],[7:11],[0:19],[0:19],[0:19],[0:19],[0:19],[6:11],1
[0:19],[0:19],[0:19],[0:19],[0:19],[0:19],[0:19],[0:19],[0:19],[0:19],[0:19],[0:19],[0:19],[7:11],[0:19],[0:19],[0:19],[0:19],[0:19],[6:11],0
[0:19],[0:19],[0:19],[0:19],[0:19],[0:19],[0:19],[0:19],[0:19],[0:19],[0:19],[0:19],[0:19],[7:11],[0:19],[0:19],[0:19],[0:19],[0:19],[6:11],0
[0:19],[0:19],[0:19],[0:19],[0:19],[0:19],[0:19],[0:19],[0:19],[0:19],[0:19],[0:19],[0:19],[7:11],[0:19],[0:19],[0:19],[0:19],[0:19],[16:19],0
[0:19],[0:19],[0:19],[0:19],[0:19],[0:19],[0:19],[0:19],[0:19],[0:19],[0:19],[0:19],[0:19],[7:11],[0:19],[0:19],[0:19],[0:19],[0:19],[6:11],1
[0:19],[0:19],[0:19],[0:19],[0:19],[0:19],[0:19],[0:19],[0:19],[0:19],[0:19],[0:19],[0:19],[7:11],[0:19],[0:19],[0:19],[0:19],[0:19],[12:15],1
[0:19],[0:19],[0:19],[0:19],[0:19],[0:19],[0:19],[0:19],[0:19],[0:19],[0:19],[0:19],[0:19],[7:11],[0:19],[0:19],[0:19],[0:19],[0:19],[6:11],1
[0:19],[0:19],[0:19],[0:19],[0:19],[0:19],[0:19],[0:19],[0:19],[0:19],[0:19],[0:19],[0:19],[12:14],[0:19],[0:19],[0:19],[0:19],[0:19],[6:11],0
[0:19],[0:19],[0:19],[0:19],[0:19],[0:19],[0:19],[0:19],[0:19],[0:19],[0:19],[0:19],[0:19],[12:14],[0:19],[0:19],[0:19],[0:19],[0:19],[6:11],0
[0:19],[0:19],[0:19],[0:19],[0:19],[0:19],[0:19],[0:19],[0:19],[0:19],[0:19],[0:19],[0:19],[12:14],[0:19],[0:19],[0:19],[0:19],[0:19],[6:11],1
[0:19],[0:19],[0:19],[0:19],[0:19],[0:19],[0:19],[0:19],[0:19],[0:19],[0:19],[0:19],[0:19],[7:11],[0:19],[0:19],[0:19],[0:19],[0:19],[6:11],1
[0:19],[0:19],[0:19],[0:19],[0:19],[0:19],[0:19],[0:19],[0:19],[0:19],[0:19],[0:19],[0:19],[7:11],[0:19],[0:19],[0:19],[0:19],[0:19],[6:11],0
[0:19],[0:19],[0:19],[0:19],[0:19],[0:19],[0:19],[0:19],[0:19],[0:19],[0:19],[0:19],[0:19],[7:11],[0:19],[0:19],[0:19],[0:19],[0:19],[6:11],1
[0:19],[0:19],[0:19],[0:19],[0:19],[0:19],[0:19],[0:19],[0:19],[0:19],[0:19],[0:19],[0:19],[7:11],[0:19],[0:19],[0:19],[0:19],[0:19],[3:5],0
[0:19],[0:19],[0:19],[0:19],[0:19],[0:19],[0:19],[0:19],[0:19],[0:19],[0:19],[0:19],[0:19],[7:11],[0:19],[0:19],[0:19],[0:19],[0:19],[6:11],0
[0:19],[0:19],[0:19],[0:19],[0:19],[0:19],[0:19],[0:19],[0:19],[0:19],[0:19],[0:19],[0:19],[12:14],[0:19],[0:19],[0:19],[0:19],[0:19],[6:11],0
[0:19],[0:19],[0:19],[0:19],[0:19],[0:19],[0:19],[0:19],[0:19],[0:19],[0:19],[0:19],[0:19],[7:11],[0:19],[0:19],[0:19],[0:19],[0:19],[6:11],1
[0:19],[0:19],[0:19],[0:19],[0:19],[0:19],[0:19],[0:19],[0:19],[0:19],[0:19],[0:19],[0:19],[7:11],[0:19],[0:19],[0:19],[0:19],[0:19],[6:11],1
[0:19],[0:19],[0:19],[0:19],[0:19],[0:19],[0:19],[0:19],[0:19],[0:19],[0:19],[0:19],[0:19],[7:11],[0:19],[0:19],[0:19],[0:19],[0:19],[6:11],0
[0:19],[0:19],[0:19],[0:19],[0:19],[0:19],[0:19],[0:19],[0:19],[0:19],[0:19],[0:19],[0:19],[7:11],[0:19],[0:19],[0:19],[0:19],[0:19],[6:11],1
[0:19],[0:19],[0:19],[0:19],[0:19],[0:19],[0:19],[0:19],[0:19],[0:19],[0:19],[0:19],[0:19],[7:11],[0:19],[0:19],[0:19],[0:19],[0:19],[6:11],1
[0:19],[0:19],[0:19],[0:19],[0:19],[0:19],[0:19],[0:19],[0:19],[0:19],[0:19],[0:19],[0:19],[12:14],[0:19],[0:19],[0:19],[0:19],[0:19],[3:5],0
[0:19],[0:19],[0:19],[0:19],[0:19],[0:19],[0:19],[0:19],[0:19],[0:19],[0:19],[0:19],[0:19],[7:11],[0:19],[0:19],[0:19],[0:19],[0:19],[6:11],0
[0:19],[0:19],[0:19],[0:19],[0:19],[0:19],[0:19],[0:19],[0:19],[0:19],[0:19],[0:19],[0:19],[0:6],[0:19],[0:19],[0:19],[0:19],[0:19],[6:11],0
[0:19],[0:19],[0:19],[0:19],[0:19],[0:19],[0:19],[0:19],[0:19],[0:19],[0:19],[0:19],[0:19],[12:14],[0:19],[0:19],[0:19],[0:19],[0:19],[6:11],1
[0:19],[0:19],[0:19],[0:19],[0:19],[0:19],[0:19],[0:19],[0:19],[0:19],[0:19],[0:19],[0:19],[12:14],[0:19],[0:19],[0:19],[0:19],[0:19],[6:11],1
[0:19],[0:19],[0:19],[0:19],[0:19],[0:19],[0:19],[0:19],[0:19],[0:19],[0:19],[0:19],[0:19],[7:11],[0:19],[0:19],[0:19],[0:19],[0:19],[6:11],0
[0:19],[0:19],[0:19],[0:19],[0:19],[0:19],[0:19],[0:19],[0:19],[0:19],[0:19],[0:19],[0:19],[7:11],[0:19],[0:19],[0:19],[0:19],[0:19],[6:11],0
[0:19],[0:19],[0:19],[0:19],[0:19],[0:19],[0:19],[0:19],[0:19],[0:19],[0:19],[0:19],[0:19],[7:11],[0:19],[0:19],[0:19],[0:19],[0:19],[6:11],1
[0:19],[0:19],[0:19],[0:19],[0:19],[0:19],[0:19],[0:19],[0:19],[0:19],[0:19],[0:19],[0:19],[7:11],[0:19],[0:19],[0:19],[0:19],[0:19],[6:11],1
[0:19],[0:19],[0:19],[0:19],[0:19],[0:19],[0:19],[0:19],[0:19],[0:19],[0:19],[0:19],[0:19],[7:11],[0:19],[0:19],[0:19],[0:19],[0:19],[6:11],1
[0:19],[0:19],[0:19],[0:19],[0:19],[0:19],[0:19],[0:19],[0:19],[0:19],[0:19],[0:19],[0:19],[7:11],[0:19],[0:19],[0:19],[0:19],[0:19],[6:11],0
[0:19],[0:19],[0:19],[0:19],[0:19],[0:19],[0:19],[0:19],[0:19],[0:19],[0:19],[0:19],[0:19],[7:11],[0:19],[0:19],[0:19],[0:19],[0:19],[6:11],1
[0:19],[0:19],[0:19],[0:19],[0:19],[0:19],[0:19],[0:19],[0:19],[0:19],[0:19],[0:19],[0:19],[7:11],[0:19],[0:19],[0:19],[0:19],[0:19],[6:11],1
[0:19],[0:19],[0:19],[0:19],[0:19],[0:19],[0:19],[0:19],[0:19],[0:19],[0:19],[0:19],[0:19],[0:6],[0:19],[0:19],[0:19],[0:19],[0:19],[6:11],0
[0:19],[0:19],[0:19],[0:19],[0:19],[0:19],[0:19],[0:19],[0:19],[0:19],[0:19],[0:19],[0:19],[7:11],[0:19],[0:19],[0:19],[0:19],[0:19],[6:11],0
[0:19],[0:19],[0:19],[0:19],[0:19],[0:19],[0:19],[0:19],[0:19],[0:19],[0:19],[0:19],[0:19],[7:11],[0:19],[0:19],[0:19],[0:19],[0:19],[6:11],1
[0:19],[0:19],[0:19],[0:19],[0:19],[0:19],[0:19],[0:19],[0:19],[0:19],[0:19],[0:19],[0:19],[0:6],[0:19],[0:19],[0:19],[0:19],[0:19],[6:11],0
[0:19],[0:19],[0:19],[0:19],[0:19],[0:19],[0:19],[0:19],[0:19],[0:19],[0:19],[0:19],[0:19],[7:11],[0:19],[0:19],[0:19],[0:19],[0:19],[6:11],1
[0:19],[0:19],[0:19],[0:19],[0:19],[0:19],[0:19],[0:19],[0:19],[0:19],[0:19],[0:19],[0:19],[12:14],[0:19],[0:19],[0:19],[0:19],[0:19],[6:11],0
[0:19],[0:19],[0:19],[0:19],[0:19],[0:19],[0:19],[0:19],[0:19],[0:19],[0:19],[0:19],[0:19],[7:11],[0:19],[0:19],[0:19],[0:19],[0:19],[6:11],1
[0:19],[0:19],[0:19],[0:19],[0:19],[0:19],[0:19],[0:19],[0:19],[0:19],[0:19],[0:19],[0:19],[7:11],[0:19],[0:19],[0:19],[0:19],[0:19],[6:11],1
[0:19],[0:19],[0:19],[0:19],[0:19],[0:19],[0:19],[0:19],[0:19],[0:19],[0:19],[0:19],[0:19],[12:14],[0:19],[0:19],[0:19],[0:19],[0:19],[6:11],1
[0:19],[0:19],[0:19],[0:19],[0:19],[0:19],[0:19],[0:19],[0:19],[0:19],[0:19],[0:19],[0:19],[7:11],[0:19],[0:19],[0:19],[0:19],[0:19],[6:11],0
[0:19],[0:19],[0:19],[0:19],[0:19],[0:19],[0:19],[0:19],[0:19],[0:19],[0:19],[0:19],[0:19],[7:11],[0:19],[0:19],[0:19],[0:19],[0:19],[12:15],0
[0:19],[0:19],[0:19],[0:19],[0:19],[0:19],[0:19],[0:19],[0:19],[0:19],[0:19],[0:19],[0:19],[0:6],[0:19],[0:19],[0:19],[0:19],[0:19],[6:11],0
[0:19],[0:19],[0:19],[0:19],[0:19],[0:19],[0:19],[0:19],[0:19],[0:19],[0:19],[0:19],[0:19],[7:11],[0:19],[0:19],[0:19],[0:19],[0:19],[6:11],0
[0:19],[0:19],[0:19],[0:19],[0:19],[0:19],[0:19],[0:19],[0:19],[0:19],[0:19],[0:19],[0:19],[12:14],[0:19],[0:19],[0:19],[0:19],[0:19],[6:11],0
[0:19],[0:19],[0:19],[0:19],[0:19],[0:19],[0:19],[0:19],[0:19],[0:19],[0:19],[0:19],[0:19],[7:11],[0:19],[0:19],[0:19],[0:19],[0:19],[6:11],0
[0:19],[0:19],[0:19],[0:19],[0:19],[0:19],[0:19],[0:19],[0:19],[0:19],[0:19],[0:19],[0:19],[12:14],[0:19],[0:19],[0:19],[0:19],[0:19],[6:11],1
[0:19],[0:19],[0:19],[0:19],[0:19],[0:19],[0:19],[0:19],[0:19],[0:19],[0:19],[0:19],[0:19],[7:11],[0:19],[0:19],[0:19],[0:19],[0:19],[6:11],1
[0:19],[0:19],[0:19],[0:19],[0:19],[0:19],[0:19],[0:19],[0:19],[0:19],[0:19],[0:19],[0:19],[7:11],[0:19],[0:19],[0:19],[0:19],[0:19],[6:11],1
[0:19],[0:19],[0:19],[0:19],[0:19],[0:19],[0:19],[0:19],[0:19],[0:19],[0:19],[0:19],[0:19],[12:14],[0:19],[0:19],[0:19],[0:19],[0:19],[6:11],1
[0:19],[0:19],[0:19],[0:19],[0:19],[0:19],[0:19],[0:19],[0:19],[0:19],[0:19],[0:19],[0:19],[12:14],[0:19],[0:19],[0:19],[0:19],[0:19],[3:5],0
[0:19],[0:19],[0:19],[0:19],[0:19],[0:19],[0:19],[0:19],[0:19],[0:19],[0:19],[0:19],[0:19],[7:11],[0:19],[0:19],[0:19],[0:19],[0:19],[6:11],0
[0:19],[0:19],[0:19],[0:19],[0:19],[0:19],[0:19],[0:19],[0:19],[0:19],[0:19],[0:19],[0:19],[7:11],[0:19],[0:19],[0:19],[0:19],[0:19],[6:11],0
[0:19],[0:19],[0:19],[0:19],[0:19],[0:19],[0:19],[0:19],[0:19],[0:19],[0:19],[0:19],[0:19],[7:11],[0:19],[0:19],[0:19],[0:19],[0:19],[6:11],1
[0:19],[0:19],[0:19],[0:19],[0:19],[0:19],[0:19],[0:19],[0:19],[0:19],[0:19],[0:19],[0:19],[7:11],[0:19],[0:19],[0:19],[0:19],[0:19],[6:11],0
[0:19],[0:19],[0:19],[0:19],[0:19],[0:19],[0:19],[0:19],[0:19],[0:19],[0:19],[0:19],[0:19],[7:11],[0:19],[0:19],[0:19],[0:19],[0:19],[6:11],0
[0:19],[0:19],[0:19],[0:19],[0:19],[0:19],[0:19],[0:19],[0:19],[0:19],[0:19],[0:19],[0:19],[7:11],[0:19],[0:19],[0:19],[0:19],[0:19],[6:11],1
[0:19],[0:19],[0:19],[0:19],[0:19],[0:19],[0:19],[0:19],[0:19],[0:19],[0:19],[0:19],[0:19],[7:11],[0:19],[0:19],[0:19],[0:19],[0:19],[6:11],1
[0:19],[0:19],[0:19],[0:19],[0:19],[0:19],[0:19],[0:19],[0:19],[0:19],[0:19],[0:19],[0:19],[7:11],[0:19],[0:19],[0:19],[0:19],[0:19],[6:11],1
[0:19],[0:19],[0:19],[0:19],[0:19],[0:19],[0:19],[0:19],[0:19],[0:19],[0:19],[0:19],[0:19],[0:6],[0:19],[0:19],[0:19],[0:19],[0:19],[6:11],0
[0:19],[0:19],[0:19],[0:19],[0:19],[0:19],[0:19],[0:19],[0:19],[0:19],[0:19],[0:19],[0:19],[7:11],[0:19],[0:19],[0:19],[0:19],[0:19],[6:11],1
[0:19],[0:19],[0:19],[0:19],[0:19],[0:19],[0:19],[0:19],[0:19],[0:19],[0:19],[0:19],[0:19],[7:11],[0:19],[0:19],[0:19],[0:19],[0:19],[6:11],1
[0:19],[0:19],[0:19],[0:19],[0:19],[0:19],[0:19],[0:19],[0:19],[0:19],[0:19],[0:19],[0:19],[12:14],[0:19],[0:19],[0:19],[0:19],[0:19],[6:11],1
[0:19],[0:19],[0:19],[0:19],[0:19],[0:19],[0:19],[0:19],[0:19],[0:19],[0:19],[0:19],[0:19],[7:11],[0:19],[0:19],[0:19],[0:19],[0:19],[6:11],0
[0:19],[0:19],[0:19],[0:19],[0:19],[0:19],[0:19],[0:19],[0:19],[0:19],[0:19],[0:19],[0:19],[7:11],[0:19],[0:19],[0:19],[0:19],[0:19],[6:11],0
[0:19],[0:19],[0:19],[0:19],[0:19],[0:19],[0:19],[0:19],[0:19],[0:19],[0:19],[0:19],[0:19],[7:11],[0:19],[0:19],[0:19],[0:19],[0:19],[6:11],0
[0:19],[0:19],[0:19],[0:19],[0:19],[0:19],[0:19],[0:19],[0:19],[0:19],[0:19],[0:19],[0:19],[7:11],[0:19],[0:19],[0:19],[0:19],[0:19],[6:11],1
[0:19],[0:19],[0:19],[0:19],[0:19],[0:19],[0:19],[0:19],[0:19],[0:19],[0:19],[0:19],[0:19],[7:11],[0:19],[0:19],[0:19],[0:19],[0:19],[6:11],1
[0:19],[0:19],[0:19],[0:19],[0:19],[0:19],[0:19],[0:19],[0:19],[0:19],[0:19],[0:19],[0:19],[12:14],[0:19],[0:19],[0:19],[0:19],[0:19],[6:11],1
[0:19],[0:19],[0:19],[0:19],[0:19],[0:19],[0:19],[0:19],[0:19],[0:19],[0:19],[0:19],[0:19],[15:19],[0:19],[0:19],[0:19],[0:19],[0:19],[6:11],0
[0:19],[0:19],[0:19],[0:19],[0:19],[0:19],[0:19],[0:19],[0:19],[0:19],[0:19],[0:19],[0:19],[7:11],[0:19],[0:19],[0:19],[0:19],[0:19],[6:11],1
[0:19],[0:19],[0:19],[0:19],[0:19],[0:19],[0:19],[0:19],[0:19],[0:19],[0:19],[0:19],[0:19],[7:11],[0:19],[0:19],[0:19],[0:19],[0:19],[6:11],1
[0:19],[0:19],[0:19],[0:19],[0:19],[0:19],[0:19],[0:19],[0:19],[0:19],[0:19],[0:19],[0:19],[0:6],[0:19],[0:19],[0:19],[0:19],[0:19],[12:15],0
[0:19],[0:19],[0:19],[0:19],[0:19],[0:19],[0:19],[0:19],[0:19],[0:19],[0:19],[0:19],[0:19],[7:11],[0:19],[0:19],[0:19],[0:19],[0:19],[6:11],1
[0:19],[0:19],[0:19],[0:19],[0:19],[0:19],[0:19],[0:19],[0:19],[0:19],[0:19],[0:19],[0:19],[7:11],[0:19],[0:19],[0:19],[0:19],[0:19],[6:11],1
[0:19],[0:19],[0:19],[0:19],[0:19],[0:19],[0:19],[0:19],[0:19],[0:19],[0:19],[0:19],[0:19],[0:6],[0:19],[0:19],[0:19],[0:19],[0:19],[3:5],0
[0:19],[0:19],[0:19],[0:19],[0:19],[0:19],[0:19],[0:19],[0:19],[0:19],[0:19],[0:19],[0:19],[12:14],[0:19],[0:19],[0:19],[0:19],[0:19],[6:11],1
[0:19],[0:19],[0:19],[0:19],[0:19],[0:19],[0:19],[0:19],[0:19],[0:19],[0:19],[0:19],[0:19],[7:11],[0:19],[0:19],[0:19],[0:19],[0:19],[6:11],1
[0:19],[0:19],[0:19],[0:19],[0:19],[0:19],[0:19],[0:19],[0:19],[0:19],[0:19],[0:19],[0:19],[7:11],[0:19],[0:19],[0:19],[0:19],[0:19],[6:11],1
[0:19],[0:19],[0:19],[0:19],[0:19],[0:19],[0:19],[0:19],[0:19],[0:19],[0:19],[0:19],[0:19],[7:11],[0:19],[0:19],[0:19],[0:19],[0:19],[6:11],0
[0:19],[0:19],[0:19],[0:19],[0:19],[0:19],[0:19],[0:19],[0:19],[0:19],[0:19],[0:19],[0:19],[12:14],[0:19],[0:19],[0:19],[0:19],[0:19],[6:11],0
[0:19],[0:19],[0:19],[0:19],[0:19],[0:19],[0:19],[0:19],[0:19],[0:19],[0:19],[0:19],[0:19],[0:6],[0:19],[0:19],[0:19],[0:19],[0:19],[6:11],0
[0:19],[0:19],[0:19],[0:19],[0:19],[0:19],[0:19],[0:19],[0:19],[0:19],[0:19],[0:19],[0:19],[12:14],[0:19],[0:19],[0:19],[0:19],[0:19],[6:11],1
[0:19],[0:19],[0:19],[0:19],[0:19],[0:19],[0:19],[0:19],[0:19],[0:19],[0:19],[0:19],[0:19],[7:11],[0:19],[0:19],[0:19],[0:19],[0:19],[12:15],0
[0:19],[0:19],[0:19],[0:19],[0:19],[0:19],[0:19],[0:19],[0:19],[0:19],[0:19],[0:19],[0:19],[7:11],[0:19],[0:19],[0:19],[0:19],[0:19],[6:11],1
[0:19],[0:19],[0:19],[0:19],[0:19],[0:19],[0:19],[0:19],[0:19],[0:19],[0:19],[0:19],[0:19],[7:11],[0:19],[0:19],[0:19],[0:19],[0:19],[6:11],1
[0:19],[0:19],[0:19],[0:19],[0:19],[0:19],[0:19],[0:19],[0:19],[0:19],[0:19],[0:19],[0:19],[12:14],[0:19],[0:19],[0:19],[0:19],[0:19],[6:11],0
[0:19],[0:19],[0:19],[0:19],[0:19],[0:19],[0:19],[0:19],[0:19],[0:19],[0:19],[0:19],[0:19],[7:11],[0:19],[0:19],[0:19],[0:19],[0:19],[6:11],0
[0:19],[0:19],[0:19],[0:19],[0:19],[0:19],[0:19],[0:19],[0:19],[0:19],[0:19],[0:19],[0:19],[7:11],[0:19],[0:19],[0:19],[0:19],[0:19],[6:11],0
[0:19],[0:19],[0:19],[0:19],[0:19],[0:19],[0:19],[0:19],[0:19],[0:19],[0:19],[0:19],[0:19],[7:11],[0:19],[0:19],[0:19],[0:19],[0:19],[6:11],1
[0:19],[0:19],[0:19],[0:19],[0:19],[0:19],[0:19],[0:19],[0:19],[0:19],[0:19],[0:19],[0:19],[7:11],[0:19],[0:19],[0:19],[0:19],[0:19],[6:11],0
[0:19],[0:19],[0:19],[0:19],[0:19],[0:19],[0:19],[0:19],[0:19],[0:19],[0:19],[0:19],[0:19],[7:11],[0:19],[0:19],[0:19],[0:19],[0:19],[6:11],1
[0:19],[0:19],[0:19],[0:19],[0:19],[0:19],[0:19],[0:19],[0:19],[0:19],[0:19],[0:19],[0:19],[7:11],[0:19],[0:19],[0:19],[0:19],[0:19],[12:15],0
[0:19],[0:19],[0:19],[0:19],[0:19],[0:19],[0:19],[0:19],[0:19],[0:19],[0:19],[0:19],[0:19],[15:19],[0:19],[0:19],[0:19],[0:19],[0:19],[3:5],0
[0:19],[0:19],[0:19],[0:19],[0:19],[0:19],[0:19],[0:19],[0:19],[0:19],[0:19],[0:19],[0:19],[7:11],[0:19],[0:19],[0:19],[0:19],[0:19],[6:11],0
[0:19],[0:19],[0:19],[0:19],[0:19],[0:19],[0:19],[0:19],[0:19],[0:19],[0:19],[0:19],[0:19],[7:11],[0:19],[0:19],[0:19],[0:19],[0:19],[6:11],0
[0:19],[0:19],[0:19],[0:19],[0:19],[0:19],[0:19],[0:19],[0:19],[0:19],[0:19],[0:19],[0:19],[7:11],[0:19],[0:19],[0:19],[0:19],[0:19],[6:11],0
[0:19],[0:19],[0:19],[0:19],[0:19],[0:19],[0:19],[0:19],[0:19],[0:19],[0:19],[0:19],[0:19],[7:11],[0:19],[0:19],[0:19],[0:19],[0:19],[6:11],1
[0:19],[0:19],[0:19],[0:19],[0:19],[0:19],[0:19],[0:19],[0:19],[0:19],[0:19],[0:19],[0:19],[7:11],[0:19],[0:19],[0:19],[0:19],[0:19],[6:11],0
[0:19],[0:19],[0:19],[0:19],[0:19],[0:19],[0:19],[0:19],[0:19],[0:19],[0:19],[0:19],[0:19],[7:11],[0:19],[0:19],[0:19],[0:19],[0:19],[6:11],0
[0:19],[0:19],[0:19],[0:19],[0:19],[0:19],[0:19],[0:19],[0:19],[0:19],[0:19],[0:19],[0:19],[15:19],[0:19],[0:19],[0:19],[0:19],[0:19],[6:11],0
[0:19],[0:19],[0:19],[0:19],[0:19],[0:19],[0:19],[0:19],[0:19],[0:19],[0:19],[0:19],[0:19],[7:11],[0:19],[0:19],[0:19],[0:19],[0:19],[12:15],0
[0:19],[0:19],[0:19],[0:19],[0:19],[0:19],[0:19],[0:19],[0:19],[0:19],[0:19],[0:19],[0:19],[12:14],[0:19],[0:19],[0:19],[0:19],[0:19],[6:11],1
[0:19],[0:19],[0:19],[0:19],[0:19],[0:19],[0:19],[0:19],[0:19],[0:19],[0:19],[0:19],[0:19],[7:11],[0:19],[0:19],[0:19],[0:19],[0:19],[6:11],1
[0:19],[0:19],[0:19],[0:19],[0:19],[0:19],[0:19],[0:19],[0:19],[0:19],[0:19],[0:19],[0:19],[7:11],[0:19],[0:19],[0:19],[0:19],[0:19],[6:11],0
[0:19],[0:19],[0:19],[0:19],[0:19],[0:19],[0:19],[0:19],[0:19],[0:19],[0:19],[0:19],[0:19],[12:14],[0:19],[0:19],[0:19],[0:19],[0:19],[6:11],0
[0:19],[0:19],[0:19],[0:19],[0:19],[0:19],[0:19],[0:19],[0:19],[0:19],[0:19],[0:19],[0:19],[7:11],[0:19],[0:19],[0:19],[0:19],[0:19],[0:2],0
[0:19],[0:19],[0:19],[0:19],[0:19],[0:19],[0:19],[0:19],[0:19],[0:19],[0:19],[0:19],[0:19],[7:11],[0:19],[0:19],[0:19],[0:19],[0:19],[6:11],0
[0:19],[0:19],[0:19],[0:19],[0:19],[0:19],[0:19],[0:19],[0:19],[0:19],[0:19],[0:19],[0:19],[7:11],[0:19],[0:19],[0:19],[0:19],[0:19],[6:11],0
[0:19],[0:19],[0:19],[0:19],[0:19],[0:19],[0:19],[0:19],[0:19],[0:19],[0:19],[0:19],[0:19],[7:11],[0:19],[0:19],[0:19],[0:19],[0:19],[6:11],0
[0:19],[0:19],[0:19],[0:19],[0:19],[0:19],[0:19],[0:19],[0:19],[0:19],[0:19],[0:19],[0:19],[7:11],[0:19],[0:19],[0:19],[0:19],[0:19],[6:11],1
[0:19],[0:19],[0:19],[0:19],[0:19],[0:19],[0:19],[0:19],[0:19],[0:19],[0:19],[0:19],[0:19],[12:14],[0:19],[0:19],[0:19],[0:19],[0:19],[6:11],1
[0:19],[0:19],[0:19],[0:19],[0:19],[0:19],[0:19],[0:19],[0:19],[0:19],[0:19],[0:19],[0:19],[7:11],[0:19],[0:19],[0:19],[0:19],[0:19],[6:11],1
[0:19],[0:19],[0:19],[0:19],[0:19],[0:19],[0:19],[0:19],[0:19],[0:19],[0:19],[0:19],[0:19],[15:19],[0:19],[0:19],[0:19],[0:19],[0:19],[6:11],0
[0:19],[0:19],[0:19],[0:19],[0:19],[0:19],[0:19],[0:19],[0:19],[0:19],[0:19],[0:19],[0:19],[7:11],[0:19],[0:19],[0:19],[0:19],[0:19],[6:11],1
[0:19],[0:19],[0:19],[0:19],[0:19],[0:19],[0:19],[0:19],[0:19],[0:19],[0:19],[0:19],[0:19],[12:14],[0:19],[0:19],[0:19],[0:19],[0:19],[6:11],0
[0:19],[0:19],[0:19],[0:19],[0:19],[0:19],[0:19],[0:19],[0:19],[0:19],[0:19],[0:19],[0:19],[7:11],[0:19],[0:19],[0:19],[0:19],[0:19],[6:11],1
[0:19],[0:19],[0:19],[0:19],[0:19],[0:19],[0:19],[0:19],[0:19],[0:19],[0:19],[0:19],[0:19],[7:11],[0:19],[0:19],[0:19],[0:19],[0:19],[6:11],0
[0:19],[0:19],[0:19],[0:19],[0:19],[0:19],[0:19],[0:19],[0:19],[0:19],[0:19],[0:19],[0:19],[7:11],[0:19],[0:19],[0:19],[0:19],[0:19],[6:11],1
[0:19],[0:19],[0:19],[0:19],[0:19],[0:19],[0:19],[0:19],[0:19],[0:19],[0:19],[0:19],[0:19],[7:11],[0:19],[0:19],[0:19],[0:19],[0:19],[6:11],1
[0:19],[0:19],[0:19],[0:19],[0:19],[0:19],[0:19],[0:19],[0:19],[0:19],[0:19],[0:19],[0:19],[7:11],[0:19],[0:19],[0:19],[0:19],[0:19],[6:11],0
[0:19],[0:19],[0:19],[0:19],[0:19],[0:19],[0:19],[0:19],[0:19],[0:19],[0:19],[0:19],[0:19],[7:11],[0:19],[0:19],[0:19],[0:19],[0:19],[12:15],0
[0:19],[0:19],[0:19],[0:19],[0:19],[0:19],[0:19],[0:19],[0:19],[0:19],[0:19],[0:19],[0:19],[7:11],[0:19],[0:19],[0:19],[0:19],[0:19],[6:11],0
[0:19],[0:19],[0:19],[0:19],[0:19],[0:19],[0:19],[0:19],[0:19],[0:19],[0:19],[0:19],[0:19],[7:11],[0:19],[0:19],[0:19],[0:19],[0:19],[6:11],1
[0:19],[0:19],[0:19],[0:19],[0:19],[0:19],[0:19],[0:19],[0:19],[0:19],[0:19],[0:19],[0:19],[7:11],[0:19],[0:19],[0:19],[0:19],[0:19],[3:5],0
[0:19],[0:19],[0:19],[0:19],[0:19],[0:19],[0:19],[0:19],[0:19],[0:19],[0:19],[0:19],[0:19],[7:11],[0:19],[0:19],[0:19],[0:19],[0:19],[6:11],1
[0:19],[0:19],[0:19],[0:19],[0:19],[0:19],[0:19],[0:19],[0:19],[0:19],[0:19],[0:19],[0:19],[7:11],[0:19],[0:19],[0:19],[0:19],[0:19],[6:11],0
[0:19],[0:19],[0:19],[0:19],[0:19],[0:19],[0:19],[0:19],[0:19],[0:19],[0:19],[0:19],[0:19],[7:11],[0:19],[0:19],[0:19],[0:19],[0:19],[6:11],1
[0:19],[0:19],[0:19],[0:19],[0:19],[0:19],[0:19],[0:19],[0:19],[0:19],[0:19],[0:19],[0:19],[12:14],[0:19],[0:19],[0:19],[0:19],[0:19],[6:11],1
[0:19],[0:19],[0:19],[0:19],[0:19],[0:19],[0:19],[0:19],[0:19],[0:19],[0:19],[0:19],[0:19],[7:11],[0:19],[0:19],[0:19],[0:19],[0:19],[3:5],0
[0:19],[0:19],[0:19],[0:19],[0:19],[0:19],[0:19],[0:19],[0:19],[0:19],[0:19],[0:19],[0:19],[7:11],[0:19],[0:19],[0:19],[0:19],[0:19],[6:11],1
[0:19],[0:19],[0:19],[0:19],[0:19],[0:19],[0:19],[0:19],[0:19],[0:19],[0:19],[0:19],[0:19],[7:11],[0:19],[0:19],[0:19],[0:19],[0:19],[6:11],0
[0:19],[0:19],[0:19],[0:19],[0:19],[0:19],[0:19],[0:19],[0:19],[0:19],[0:19],[0:19],[0:19],[7:11],[0:19],[0:19],[0:19],[0:19],[0:19],[6:11],1
[0:19],[0:19],[0:19],[0:19],[0:19],[0:19],[0:19],[0:19],[0:19],[0:19],[0:19],[0:19],[0:19],[7:11],[0:19],[0:19],[0:19],[0:19],[0:19],[6:11],0
[0:19],[0:19],[0:19],[0:19],[0:19],[0:19],[0:19],[0:19],[0:19],[0:19],[0:19],[0:19],[0:19],[15:19],[0:19],[0:19],[0:19],[0:19],[0:19],[6:11],0
[0:19],[0:19],[0:19],[0:19],[0:19],[0:19],[0:19],[0:19],[0:19],[0:19],[0:19],[0:19],[0:19],[7:11],[0:19],[0:19],[0:19],[0:19],[0:19],[6:11],0
[0:19],[0:19],[0:19],[0:19],[0:19],[0:19],[0:19],[0:19],[0:19],[0:19],[0:19],[0:19],[0:19],[7:11],[0:19],[0:19],[0:19],[0:19],[0:19],[6:11],0
[0:19],[0:19],[0:19],[0:19],[0:19],[0:19],[0:19],[0:19],[0:19],[0:19],[0:19],[0:19],[0:19],[7:11],[0:19],[0:19],[0:19],[0:19],[0:19],[6:11],1
[0:19],[0:19],[0:19],[0:19],[0:19],[0:19],[0:19],[0:19],[0:19],[0:19],[0:19],[0:19],[0:19],[7:11],[0:19],[0:19],[0:19],[0:19],[0:19],[6:11],1
[0:19],[0:19],[0:19],[0:19],[0:19],[0:19],[0:19],[0:19],[0:19],[0:19],[0:19],[0:19],[0:19],[7:11],[0:19],[0:19],[0:19],[0:19],[0:19],[6:11],0
[0:19],[0:19],[0:19],[0:19],[0:19],[0:19],[0:19],[0:19],[0:19],[0:19],[0:19],[0:19],[0:19],[7:11],[0:19],[0:19],[0:19],[0:19],[0:19],[6:11],1
[0:19],[0:19],[0:19],[0:19],[0:19],[0:19],[0:19],[0:19],[0:19],[0:19],[0:19],[0:19],[0:19],[7:11],[0:19],[0:19],[0:19],[0:19],[0:19],[3:5],0
[0:19],[0:19],[0:19],[0:19],[0:19],[0:19],[0:19],[0:19],[0:19],[0:19],[0:19],[0:19],[0:19],[7:11],[0:19],[0:19],[0:19],[0:19],[0:19],[6:11],1
[0:19],[0:19],[0:19],[0:19],[0:19],[0:19],[0:19],[0:19],[0:19],[0:19],[0:19],[0:19],[0:19],[7:11],[0:19],[0:19],[0:19],[0:19],[0:19],[6:11],0
[0:19],[0:19],[0:19],[0:19],[0:19],[0:19],[0:19],[0:19],[0:19],[0:19],[0:19],[0:19],[0:19],[7:11],[0:19],[0:19],[0:19],[0:19],[0:19],[6:11],1
[0:19],[0:19],[0:19],[0:19],[0:19],[0:19],[0:19],[0:19],[0:19],[0:19],[0:19],[0:19],[0:19],[12:14],[0:19],[0:19],[0:19],[0:19],[0:19],[6:11],1
[0:19],[0:19],[0:19],[0:19],[0:19],[0:19],[0:19],[0:19],[0:19],[0:19],[0:19],[0:19],[0:19],[0:6],[0:19],[0:19],[0:19],[0:19],[0:19],[6:11],0
[0:19],[0:19],[0:19],[0:19],[0:19],[0:19],[0:19],[0:19],[0:19],[0:19],[0:19],[0:19],[0:19],[7:11],[0:19],[0:19],[0:19],[0:19],[0:19],[6:11],1
[0:19],[0:19],[0:19],[0:19],[0:19],[0:19],[0:19],[0:19],[0:19],[0:19],[0:19],[0:19],[0:19],[0:6],[0:19],[0:19],[0:19],[0:19],[0:19],[6:11],0
[0:19],[0:19],[0:19],[0:19],[0:19],[0:19],[0:19],[0:19],[0:19],[0:19],[0:19],[0:19],[0:19],[12:14],[0:19],[0:19],[0:19],[0:19],[0:19],[6:11],0
[0:19],[0:19],[0:19],[0:19],[0:19],[0:19],[0:19],[0:19],[0:19],[0:19],[0:19],[0:19],[0:19],[12:14],[0:19],[0:19],[0:19],[0:19],[0:19],[12:15],0
[0:19],[0:19],[0:19],[0:19],[0:19],[0:19],[0:19],[0:19],[0:19],[0:19],[0:19],[0:19],[0:19],[12:14],[0:19],[0:19],[0:19],[0:19],[0:19],[12:15],1
[0:19],[0:19],[0:19],[0:19],[0:19],[0:19],[0:19],[0:19],[0:19],[0:19],[0:19],[0:19],[0:19],[12:14],[0:19],[0:19],[0:19],[0:19],[0:19],[6:11],0
[0:19],[0:19],[0:19],[0:19],[0:19],[0:19],[0:19],[0:19],[0:19],[0:19],[0:19],[0:19],[0:19],[7:11],[0:19],[0:19],[0:19],[0:19],[0:19],[6:11],0
[0:19],[0:19],[0:19],[0:19],[0:19],[0:19],[0:19],[0:19],[0:19],[0:19],[0:19],[0:19],[0:19],[7:11],[0:19],[0:19],[0:19],[0:19],[0:19],[6:11],0
[0:19],[0:19],[0:19],[0:19],[0:19],[0:19],[0:19],[0:19],[0:19],[0:19],[0:19],[0:19],[0:19],[7:11],[0:19],[0:19],[0:19],[0:19],[0:19],[12:15],1
[0:19],[0:19],[0:19],[0:19],[0:19],[0:19],[0:19],[0:19],[0:19],[0:19],[0:19],[0:19],[0:19],[7:11],[0:19],[0:19],[0:19],[0:19],[0:19],[6:11],0
[0:19],[0:19],[0:19],[0:19],[0:19],[0:19],[0:19],[0:19],[0:19],[0:19],[0:19],[0:19],[0:19],[7:11],[0:19],[0:19],[0:19],[0:19],[0:19],[6:11],0
[0:19],[0:19],[0:19],[0:19],[0:19],[0:19],[0:19],[0:19],[0:19],[0:19],[0:19],[0:19],[0:19],[7:11],[0:19],[0:19],[0:19],[0:19],[0:19],[6:11],1
[0:19],[0:19],[0:19],[0:19],[0:19],[0:19],[0:19],[0:19],[0:19],[0:19],[0:19],[0:19],[0:19],[7:11],[0:19],[0:19],[0:19],[0:19],[0:19],[6:11],1
[0:19],[0:19],[0:19],[0:19],[0:19],[0:19],[0:19],[0:19],[0:19],[0:19],[0:19],[0:19],[0:19],[0:6],[0:19],[0:19],[0:19],[0:19],[0:19],[6:11],0
[0:19],[0:19],[0:19],[0:19],[0:19],[0:19],[0:19],[0:19],[0:19],[0:19],[0:19],[0:19],[0:19],[7:11],[0:19],[0:19],[0:19],[0:19],[0:19],[6:11],1
[0:19],[0:19],[0:19],[0:19],[0:19],[0:19],[0:19],[0:19],[0:19],[0:19],[0:19],[0:19],[0:19],[7:11],[0:19],[0:19],[0:19],[0:19],[0:19],[6:11],1
[0:19],[0:19],[0:19],[0:19],[0:19],[0:19],[0:19],[0:19],[0:19],[0:19],[0:19],[0:19],[0:19],[12:14],[0:19],[0:19],[0:19],[0:19],[0:19],[6:11],1
[0:19],[0:19],[0:19],[0:19],[0:19],[0:19],[0:19],[0:19],[0:19],[0:19],[0:19],[0:19],[0:19],[7:11],[0:19],[0:19],[0:19],[0:19],[0:19],[6:11],1
[0:19],[0:19],[0:19],[0:19],[0:19],[0:19],[0:19],[0:19],[0:19],[0:19],[0:19],[0:19],[0:19],[12:14],[0:19],[0:19],[0:19],[0:19],[0:19],[12:15],1
[0:19],[0:19],[0:19],[0:19],[0:19],[0:19],[0:19],[0:19],[0:19],[0:19],[0:19],[0:19],[0:19],[0:6],[0:19],[0:19],[0:19],[0:19],[0:19],[6:11],0
[0:19],[0:19],[0:19],[0:19],[0:19],[0:19],[0:19],[0:19],[0:19],[0:19],[0:19],[0:19],[0:19],[12:14],[0:19],[0:19],[0:19],[0:19],[0:19],[12:15],0
[0:19],[0:19],[0:19],[0:19],[0:19],[0:19],[0:19],[0:19],[0:19],[0:19],[0:19],[0:19],[0:19],[7:11],[0:19],[0:19],[0:19],[0:19],[0:19],[6:11],0
[0:19],[0:19],[0:19],[0:19],[0:19],[0:19],[0:19],[0:19],[0:19],[0:19],[0:19],[0:19],[0:19],[7:11],[0:19],[0:19],[0:19],[0:19],[0:19],[6:11],1
[0:19],[0:19],[0:19],[0:19],[0:19],[0:19],[0:19],[0:19],[0:19],[0:19],[0:19],[0:19],[0:19],[12:14],[0:19],[0:19],[0:19],[0:19],[0:19],[6:11],0
[0:19],[0:19],[0:19],[0:19],[0:19],[0:19],[0:19],[0:19],[0:19],[0:19],[0:19],[0:19],[0:19],[7:11],[0:19],[0:19],[0:19],[0:19],[0:19],[6:11],0
[0:19],[0:19],[0:19],[0:19],[0:19],[0:19],[0:19],[0:19],[0:19],[0:19],[0:19],[0:19],[0:19],[7:11],[0:19],[0:19],[0:19],[0:19],[0:19],[3:5],0
[0:19],[0:19],[0:19],[0:19],[0:19],[0:19],[0:19],[0:19],[0:19],[0:19],[0:19],[0:19],[0:19],[7:11],[0:19],[0:19],[0:19],[0:19],[0:19],[6:11],0
[0:19],[0:19],[0:19],[0:19],[0:19],[0:19],[0:19],[0:19],[0:19],[0:19],[0:19],[0:19],[0:19],[7:11],[0:19],[0:19],[0:19],[0:19],[0:19],[6:11],1
[0:19],[0:19],[0:19],[0:19],[0:19],[0:19],[0:19],[0:19],[0:19],[0:19],[0:19],[0:19],[0:19],[7:11],[0:19],[0:19],[0:19],[0:19],[0:19],[12:15],1
[0:19],[0:19],[0:19],[0:19],[0:19],[0:19],[0:19],[0:19],[0:19],[0:19],[0:19],[0:19],[0:19],[12:14],[0:19],[0:19],[0:19],[0:19],[0:19],[6:11],1
[0:19],[0:19],[0:19],[0:19],[0:19],[0:19],[0:19],[0:19],[0:19],[0:19],[0:19],[0:19],[0:19],[7:11],[0:19],[0:19],[0:19],[0:19],[0:19],[6:11],0
[0:19],[0:19],[0:19],[0:19],[0:19],[0:19],[0:19],[0:19],[0:19],[0:19],[0:19],[0:19],[0:19],[12:14],[0:19],[0:19],[0:19],[0:19],[0:19],[6:11],0
[0:19],[0:19],[0:19],[0:19],[0:19],[0:19],[0:19],[0:19],[0:19],[0:19],[0:19],[0:19],[0:19],[7:11],[0:19],[0:19],[0:19],[0:19],[0:19],[3:5],0
[0:19],[0:19],[0:19],[0:19],[0:19],[0:19],[0:19],[0:19],[0:19],[0:19],[0:19],[0:19],[0:19],[7:11],[0:19],[0:19],[0:19],[0:19],[0:19],[6:11],1
[0:19],[0:19],[0:19],[0:19],[0:19],[0:19],[0:19],[0:19],[0:19],[0:19],[0:19],[0:19],[0:19],[7:11],[0:19],[0:19],[0:19],[0:19],[0:19],[12:15],0
[0:19],[0:19],[0:19],[0:19],[0:19],[0:19],[0:19],[0:19],[0:19],[0:19],[0:19],[0:19],[0:19],[7:11],[0:19],[0:19],[0:19],[0:19],[0:19],[6:11],1
[0:19],[0:19],[0:19],[0:19],[0:19],[0:19],[0:19],[0:19],[0:19],[0:19],[0:19],[0:19],[0:19],[7:11],[0:19],[0:19],[0:19],[0:19],[0:19],[6:11],1
[0:19],[0:19],[0:19],[0:19],[0:19],[0:19],[0:19],[0:19],[0:19],[0:19],[0:19],[0:19],[0:19],[7:11],[0:19],[0:19],[0:19],[0:19],[0:19],[6:11],0
[0:19],[0:19],[0:19],[0:19],[0:19],[0:19],[0:19],[0:19],[0:19],[0:19],[0:19],[0:19],[0:19],[7:11],[0:19],[0:19],[0:19],[0:19],[0:19],[6:11],1
[0:19],[0:19],[0:19],[0:19],[0:19],[0:19],[0:19],[0:19],[0:19],[0:19],[0:19],[0:19],[0:19],[0:6],[0:19],[0:19],[0:19],[0:19],[0:19],[6:11],0
[0:19],[0:19],[0:19],[0:19],[0:19],[0:19],[0:19],[0:19],[0:19],[0:19],[0:19],[0:19],[0:19],[12:14],[0:19],[0:19],[0:19],[0:19],[0:19],[6:11],1
[0:19],[0:19],[0:19],[0:19],[0:19],[0:19],[0:19],[0:19],[0:19],[0:19],[0:19],[0:19],[0:19],[7:11],[0:19],[0:19],[0:19],[0:19],[0:19],[6:11],1
[0:19],[0:19],[0:19],[0:19],[0:19],[0:19],[0:19],[0:19],[0:19],[0:19],[0:19],[0:19],[0:19],[7:11],[0:19],[0:19],[0:19],[0:19],[0:19],[6:11],1
[0:19],[0:19],[0:19],[0:19],[0:19],[0:19],[0:19],[0:19],[0:19],[0:19],[0:19],[0:19],[0:19],[12:14],[0:19],[0:19],[0:19],[0:19],[0:19],[6:11],1
[0:19],[0:19],[0:19],[0:19],[0:19],[0:19],[0:19],[0:19],[0:19],[0:19],[0:19],[0:19],[0:19],[7:11],[0:19],[0:19],[0:19],[0:19],[0:19],[6:11],1
[0:19],[0:19],[0:19],[0:19],[0:19],[0:19],[0:19],[0:19],[0:19],[0:19],[0:19],[0:19],[0:19],[7:11],[0:19],[0:19],[0:19],[0:19],[0:19],[6:11],0
[0:19],[0:19],[0:19],[0:19],[0:19],[0:19],[0:19],[0:19],[0:19],[0:19],[0:19],[0:19],[0:19],[7:11],[0:19],[0:19],[0:19],[0:19],[0:19],[6:11],0
[0:19],[0:19],[0:19],[0:19],[0:19],[0:19],[0:19],[0:19],[0:19],[0:19],[0:19],[0:19],[0:19],[7:11],[0:19],[0:19],[0:19],[0:19],[0:19],[6:11],0
[0:19],[0:19],[0:19],[0:19],[0:19],[0:19],[0:19],[0:19],[0:19],[0:19],[0:19],[0:19],[0:19],[7:11],[0:19],[0:19],[0:19],[0:19],[0:19],[6:11],0
[0:19],[0:19],[0:19],[0:19],[0:19],[0:19],[0:19],[0:19],[0:19],[0:19],[0:19],[0:19],[0:19],[7:11],[0:19],[0:19],[0:19],[0:19],[0:19],[6:11],0
[0:19],[0:19],[0:19],[0:19],[0:19],[0:19],[0:19],[0:19],[0:19],[0:19],[0:19],[0:19],[0:19],[7:11],[0:19],[0:19],[0:19],[0:19],[0:19],[6:11],0
[0:19],[0:19],[0:19],[0:19],[0:19],[0:19],[0:19],[0:19],[0:19],[0:19],[0:19],[0:19],[0:19],[7:11],[0:19],[0:19],[0:19],[0:19],[0:19],[3:5],0
[0:19],[0:19],[0:19],[0:19],[0:19],[0:19],[0:19],[0:19],[0:19],[0:19],[0:19],[0:19],[0:19],[7:11],[0:19],[0:19],[0:19],[0:19],[0:19],[6:11],0
[0:19],[0:19],[0:19],[0:19],[0:19],[0:19],[0:19],[0:19],[0:19],[0:19],[0:19],[0:19],[0:19],[7:11],[0:19],[0:19],[0:19],[0:19],[0:19],[6:11],1
[0:19],[0:19],[0:19],[0:19],[0:19],[0:19],[0:19],[0:19],[0:19],[0:19],[0:19],[0:19],[0:19],[12:14],[0:19],[0:19],[0:19],[0:19],[0:19],[6:11],1
[0:19],[0:19],[0:19],[0:19],[0:19],[0:19],[0:19],[0:19],[0:19],[0:19],[0:19],[0:19],[0:19],[7:11],[0:19],[0:19],[0:19],[0:19],[0:19],[6:11],0
[0:19],[0:19],[0:19],[0:19],[0:19],[0:19],[0:19],[0:19],[0:19],[0:19],[0:19],[0:19],[0:19],[7:11],[0:19],[0:19],[0:19],[0:19],[0:19],[6:11],1
[0:19],[0:19],[0:19],[0:19],[0:19],[0:19],[0:19],[0:19],[0:19],[0:19],[0:19],[0:19],[0:19],[7:11],[0:19],[0:19],[0:19],[0:19],[0:19],[6:11],0
[0:19],[0:19],[0:19],[0:19],[0:19],[0:19],[0:19],[0:19],[0:19],[0:19],[0:19],[0:19],[0:19],[7:11],[0:19],[0:19],[0:19],[0:19],[0:19],[12:15],0
[0:19],[0:19],[0:19],[0:19],[0:19],[0:19],[0:19],[0:19],[0:19],[0:19],[0:19],[0:19],[0:19],[7:11],[0:19],[0:19],[0:19],[0:19],[0:19],[6:11],1
[0:19],[0:19],[0:19],[0:19],[0:19],[0:19],[0:19],[0:19],[0:19],[0:19],[0:19],[0:19],[0:19],[0:6],[0:19],[0:19],[0:19],[0:19],[0:19],[6:11],0
[0:19],[0:19],[0:19],[0:19],[0:19],[0:19],[0:19],[0:19],[0:19],[0:19],[0:19],[0:19],[0:19],[7:11],[0:19],[0:19],[0:19],[0:19],[0:19],[6:11],1
[0:19],[0:19],[0:19],[0:19],[0:19],[0:19],[0:19],[0:19],[0:19],[0:19],[0:19],[0:19],[0:19],[7:11],[0:19],[0:19],[0:19],[0:19],[0:19],[6:11],0
[0:19],[0:19],[0:19],[0:19],[0:19],[0:19],[0:19],[0:19],[0:19],[0:19],[0:19],[0:19],[0:19],[7:11],[0:19],[0:19],[0:19],[0:19],[0:19],[12:15],0
[0:19],[0:19],[0:19],[0:19],[0:19],[0:19],[0:19],[0:19],[0:19],[0:19],[0:19],[0:19],[0:19],[7:11],[0:19],[0:19],[0:19],[0:19],[0:19],[6:11],1
[0:19],[0:19],[0:19],[0:19],[0:19],[0:19],[0:19],[0:19],[0:19],[0:19],[0:19],[0:19],[0:19],[12:14],[0:19],[0:19],[0:19],[0:19],[0:19],[6:11],0
[0:19],[0:19],[0:19],[0:19],[0:19],[0:19],[0:19],[0:19],[0:19],[0:19],[0:19],[0:19],[0:19],[7:11],[0:19],[0:19],[0:19],[0:19],[0:19],[12:15],1
[0:19],[0:19],[0:19],[0:19],[0:19],[0:19],[0:19],[0:19],[0:19],[0:19],[0:19],[0:19],[0:19],[12:14],[0:19],[0:19],[0:19],[0:19],[0:19],[6:11],1
[0:19],[0:19],[0:19],[0:19],[0:19],[0:19],[0:19],[0:19],[0:19],[0:19],[0:19],[0:19],[0:19],[7:11],[0:19],[0:19],[0:19],[0:19],[0:19],[16:19],0
[0:19],[0:19],[0:19],[0:19],[0:19],[0:19],[0:19],[0:19],[0:19],[0:19],[0:19],[0:19],[0:19],[7:11],[0:19],[0:19],[0:19],[0:19],[0:19],[6:11],1
[0:19],[0:19],[0:19],[0:19],[0:19],[0:19],[0:19],[0:19],[0:19],[0:19],[0:19],[0:19],[0:19],[7:11],[0:19],[0:19],[0:19],[0:19],[0:19],[12:15],0
[0:19],[0:19],[0:19],[0:19],[0:19],[0:19],[0:19],[0:19],[0:19],[0:19],[0:19],[0:19],[0:19],[7:11],[0:19],[0:19],[0:19],[0:19],[0:19],[6:11],1
[0:19],[0:19],[0:19],[0:19],[0:19],[0:19],[0:19],[0:19],[0:19],[0:19],[0:19],[0:19],[0:19],[12:14],[0:19],[0:19],[0:19],[0:19],[0:19],[6:11],0
[0:19],[0:19],[0:19],[0:19],[0:19],[0:19],[0:19],[0:19],[0:19],[0:19],[0:19],[0:19],[0:19],[7:11],[0:19],[0:19],[0:19],[0:19],[0:19],[6:11],1
[0:19],[0:19],[0:19],[0:19],[0:19],[0:19],[0:19],[0:19],[0:19],[0:19],[0:19],[0:19],[0:19],[7:11],[0:19],[0:19],[0:19],[0:19],[0:19],[12:15],1
[0:19],[0:19],[0:19],[0:19],[0:19],[0:19],[0:19],[0:19],[0:19],[0:19],[0:19],[0:19],[0:19],[7:11],[0:19],[0:19],[0:19],[0:19],[0:19],[6:11],1
[0:19],[0:19],[0:19],[0:19],[0:19],[0:19],[0:19],[0:19],[0:19],[0:19],[0:19],[0:19],[0:19],[7:11],[0:19],[0:19],[0:19],[0:19],[0:19],[3:5],0
[0:19],[0:19],[0:19],[0:19],[0:19],[0:19],[0:19],[0:19],[0:19],[0:19],[0:19],[0:19],[0:19],[7:11],[0:19],[0:19],[0:19],[0:19],[0:19],[6:11],1
[0:19],[0:19],[0:19],[0:19],[0:19],[0:19],[0:19],[0:19],[0:19],[0:19],[0:19],[0:19],[0:19],[12:14],[0:19],[0:19],[0:19],[0:19],[0:19],[6:11],1
[0:19],[0:19],[0:19],[0:19],[0:19],[0:19],[0:19],[0:19],[0:19],[0:19],[0:19],[0:19],[0:19],[7:11],[0:19],[0:19],[0:19],[0:19],[0:19],[6:11],1
[0:19],[0:19],[0:19],[0:19],[0:19],[0:19],[0:19],[0:19],[0:19],[0:19],[0:19],[0:19],[0:19],[7:11],[0:19],[0:19],[0:19],[0:19],[0:19],[6:11],0
[0:19],[0:19],[0:19],[0:19],[0:19],[0:19],[0:19],[0:19],[0:19],[0:19],[0:19],[0:19],[0:19],[7:11],[0:19],[0:19],[0:19],[0:19],[0:19],[6:11],0
[0:19],[0:19],[0:19],[0:19],[0:19],[0:19],[0:19],[0:19],[0:19],[0:19],[0:19],[0:19],[0:19],[12:14],[0:19],[0:19],[0:19],[0:19],[0:19],[6:11],0
[0:19],[0:19],[0:19],[0:19],[0:19],[0:19],[0:19],[0:19],[0:19],[0:19],[0:19],[0:19],[0:19],[12:14],[0:19],[0:19],[0:19],[0:19],[0:19],[6:11],0
[0:19],[0:19],[0:19],[0:19],[0:19],[0:19],[0:19],[0:19],[0:19],[0:19],[0:19],[0:19],[0:19],[7:11],[0:19],[0:19],[0:19],[0:19],[0:19],[6:11],1
[0:19],[0:19],[0:19],[0:19],[0:19],[0:19],[0:19],[0:19],[0:19],[0:19],[0:19],[0:19],[0:19],[12:14],[0:19],[0:19],[0:19],[0:19],[0:19],[6:11],1
[0:19],[0:19],[0:19],[0:19],[0:19],[0:19],[0:19],[0:19],[0:19],[0:19],[0:19],[0:19],[0:19],[7:11],[0:19],[0:19],[0:19],[0:19],[0:19],[0:2],0
[0:19],[0:19],[0:19],[0:19],[0:19],[0:19],[0:19],[0:19],[0:19],[0:19],[0:19],[0:19],[0:19],[7:11],[0:19],[0:19],[0:19],[0:19],[0:19],[6:11],1
[0:19],[0:19],[0:19],[0:19],[0:19],[0:19],[0:19],[0:19],[0:19],[0:19],[0:19],[0:19],[0:19],[7:11],[0:19],[0:19],[0:19],[0:19],[0:19],[6:11],1
[0:19],[0:19],[0:19],[0:19],[0:19],[0:19],[0:19],[0:19],[0:19],[0:19],[0:19],[0:19],[0:19],[7:11],[0:19],[0:19],[0:19],[0:19],[0:19],[6:11],1
[0:19],[0:19],[0:19],[0:19],[0:19],[0:19],[0:19],[0:19],[0:19],[0:19],[0:19],[0:19],[0:19],[7:11],[0:19],[0:19],[0:19],[0:19],[0:19],[6:11],0
[0:19],[0:19],[0:19],[0:19],[0:19],[0:19],[0:19],[0:19],[0:19],[0:19],[0:19],[0:19],[0:19],[7:11],[0:19],[0:19],[0:19],[0:19],[0:19],[6:11],0
[0:19],[0:19],[0:19],[0:19],[0:19],[0:19],[0:19],[0:19],[0:19],[0:19],[0:19],[0:19],[0:19],[12:14],[0:19],[0:19],[0:19],[0:19],[0:19],[6:11],1
[0:19],[0:19],[0:19],[0:19],[0:19],[0:19],[0:19],[0:19],[0:19],[0:19],[0:19],[0:19],[0:19],[12:14],[0:19],[0:19],[0:19],[0:19],[0:19],[16:19],0
[0:19],[0:19],[0:19],[0:19],[0:19],[0:19],[0:19],[0:19],[0:19],[0:19],[0:19],[0:19],[0:19],[7:11],[0:19],[0:19],[0:19],[0:19],[0:19],[6:11],0
[0:19],[0:19],[0:19],[0:19],[0:19],[0:19],[0:19],[0:19],[0:19],[0:19],[0:19],[0:19],[0:19],[7:11],[0:19],[0:19],[0:19],[0:19],[0:19],[6:11],1
[0:19],[0:19],[0:19],[0:19],[0:19],[0:19],[0:19],[0:19],[0:19],[0:19],[0:19],[0:19],[0:19],[7:11],[0:19],[0:19],[0:19],[0:19],[0:19],[6:11],0
[0:19],[0:19],[0:19],[0:19],[0:19],[0:19],[0:19],[0:19],[0:19],[0:19],[0:19],[0:19],[0:19],[12:14],[0:19],[0:19],[0:19],[0:19],[0:19],[6:11],0
[0:19],[0:19],[0:19],[0:19],[0:19],[0:19],[0:19],[0:19],[0:19],[0:19],[0:19],[0:19],[0:19],[15:19],[0:19],[0:19],[0:19],[0:19],[0:19],[6:11],0
[0:19],[0:19],[0:19],[0:19],[0:19],[0:19],[0:19],[0:19],[0:19],[0:19],[0:19],[0:19],[0:19],[12:14],[0:19],[0:19],[0:19],[0:19],[0:19],[6:11],1
[0:19],[0:19],[0:19],[0:19],[0:19],[0:19],[0:19],[0:19],[0:19],[0:19],[0:19],[0:19],[0:19],[7:11],[0:19],[0:19],[0:19],[0:19],[0:19],[6:11],1
[0:19],[0:19],[0:19],[0:19],[0:19],[0:19],[0:19],[0:19],[0:19],[0:19],[0:19],[0:19],[0:19],[7:11],[0:19],[0:19],[0:19],[0:19],[0:19],[6:11],1
[0:19],[0:19],[0:19],[0:19],[0:19],[0:19],[0:19],[0:19],[0:19],[0:19],[0:19],[0:19],[0:19],[7:11],[0:19],[0:19],[0:19],[0:19],[0:19],[6:11],1
[0:19],[0:19],[0:19],[0:19],[0:19],[0:19],[0:19],[0:19],[0:19],[0:19],[0:19],[0:19],[0:19],[7:11],[0:19],[0:19],[0:19],[0:19],[0:19],[6:11],0
[0:19],[0:19],[0:19],[0:19],[0:19],[0:19],[0:19],[0:19],[0:19],[0:19],[0:19],[0:19],[0:19],[7:11],[0:19],[0:19],[0:19],[0:19],[0:19],[6:11],1
[0:19],[0:19],[0:19],[0:19],[0:19],[0:19],[0:19],[0:19],[0:19],[0:19],[0:19],[0:19],[0:19],[7:11],[0:19],[0:19],[0:19],[0:19],[0:19],[6:11],1
[0:19],[0:19],[0:19],[0:19],[0:19],[0:19],[0:19],[0:19],[0:19],[0:19],[0:19],[0:19],[0:19],[7:11],[0:19],[0:19],[0:19],[0:19],[0:19],[3:5],0
[0:19],[0:19],[0:19],[0:19],[0:19],[0:19],[0:19],[0:19],[0:19],[0:19],[0:19],[0:19],[0:19],[7:11],[0:19],[0:19],[0:19],[0:19],[0:19],[6:11],1
[0:19],[0:19],[0:19],[0:19],[0:19],[0:19],[0:19],[0:19],[0:19],[0:19],[0:19],[0:19],[0:19],[7:11],[0:19],[0:19],[0:19],[0:19],[0:19],[6:11],1
[0:19],[0:19],[0:19],[0:19],[0:19],[0:19],[0:19],[0:19],[0:19],[0:19],[0:19],[0:19],[0:19],[12:14],[0:19],[0:19],[0:19],[0:19],[0:19],[6:11],1
[0:19],[0:19],[0:19],[0:19],[0:19],[0:19],[0:19],[0:19],[0:19],[0:19],[0:19],[0:19],[0:19],[7:11],[0:19],[0:19],[0:19],[0:19],[0:19],[6:11],1
[0:19],[0:19],[0:19],[0:19],[0:19],[0:19],[0:19],[0:19],[0:19],[0:19],[0:19],[0:19],[0:19],[7:11],[0:19],[0:19],[0:19],[0:19],[0:19],[6:11],0
[0:19],[0:19],[0:19],[0:19],[0:19],[0:19],[0:19],[0:19],[0:19],[0:19],[0:19],[0:19],[0:19],[7:11],[0:19],[0:19],[0:19],[0:19],[0:19],[6:11],1
[0:19],[0:19],[0:19],[0:19],[0:19],[0:19],[0:19],[0:19],[0:19],[0:19],[0:19],[0:19],[0:19],[12:14],[0:19],[0:19],[0:19],[0:19],[0:19],[6:11],1
[0:19],[0:19],[0:19],[0:19],[0:19],[0:19],[0:19],[0:19],[0:19],[0:19],[0:19],[0:19],[0:19],[7:11],[0:19],[0:19],[0:19],[0:19],[0:19],[6:11],0
[0:19],[0:19],[0:19],[0:19],[0:19],[0:19],[0:19],[0:19],[0:19],[0:19],[0:19],[0:19],[0:19],[7:11],[0:19],[0:19],[0:19],[0:19],[0:19],[6:11],0
[0:19],[0:19],[0:19],[0:19],[0:19],[0:19],[0:19],[0:19],[0:19],[0:19],[0:19],[0:19],[0:19],[7:11],[0:19],[0:19],[0:19],[0:19],[0:19],[6:11],0
[0:19],[0:19],[0:19],[0:19],[0:19],[0:19],[0:19],[0:19],[0:19],[0:19],[0:19],[0:19],[0:19],[7:11],[0:19],[0:19],[0:19],[0:19],[0:19],[6:11],1
[0:19],[0:19],[0:19],[0:19],[0:19],[0:19],[0:19],[0:19],[0:19],[0:19],[0:19],[0:19],[0:19],[0:6],[0:19],[0:19],[0:19],[0:19],[0:19],[12:15],0
[0:19],[0:19],[0:19],[0:19],[0:19],[0:19],[0:19],[0:19],[0:19],[0:19],[0:19],[0:19],[0:19],[12:14],[0:19],[0:19],[0:19],[0:19],[0:19],[6:11],1
[0:19],[0:19],[0:19],[0:19],[0:19],[0:19],[0:19],[0:19],[0:19],[0:19],[0:19],[0:19],[0:19],[7:11],[0:19],[0:19],[0:19],[0:19],[0:19],[6:11],1
[0:19],[0:19],[0:19],[0:19],[0:19],[0:19],[0:19],[0:19],[0:19],[0:19],[0:19],[0:19],[0:19],[7:11],[0:19],[0:19],[0:19],[0:19],[0:19],[6:11],1
[0:19],[0:19],[0:19],[0:19],[0:19],[0:19],[0:19],[0:19],[0:19],[0:19],[0:19],[0:19],[0:19],[7:11],[0:19],[0:19],[0:19],[0:19],[0:19],[6:11],0
[0:19],[0:19],[0:19],[0:19],[0:19],[0:19],[0:19],[0:19],[0:19],[0:19],[0:19],[0:19],[0:19],[7:11],[0:19],[0:19],[0:19],[0:19],[0:19],[6:11],0
[0:19],[0:19],[0:19],[0:19],[0:19],[0:19],[0:19],[0:19],[0:19],[0:19],[0:19],[0:19],[0:19],[7:11],[0:19],[0:19],[0:19],[0:19],[0:19],[6:11],0
[0:19],[0:19],[0:19],[0:19],[0:19],[0:19],[0:19],[0:19],[0:19],[0:19],[0:19],[0:19],[0:19],[7:11],[0:19],[0:19],[0:19],[0:19],[0:19],[6:11],1
[0:19],[0:19],[0:19],[0:19],[0:19],[0:19],[0:19],[0:19],[0:19],[0:19],[0:19],[0:19],[0:19],[7:11],[0:19],[0:19],[0:19],[0:19],[0:19],[6:11],0
[0:19],[0:19],[0:19],[0:19],[0:19],[0:19],[0:19],[0:19],[0:19],[0:19],[0:19],[0:19],[0:19],[7:11],[0:19],[0:19],[0:19],[0:19],[0:19],[12:15],0
[0:19],[0:19],[0:19],[0:19],[0:19],[0:19],[0:19],[0:19],[0:19],[0:19],[0:19],[0:19],[0:19],[7:11],[0:19],[0:19],[0:19],[0:19],[0:19],[6:11],1
[0:19],[0:19],[0:19],[0:19],[0:19],[0:19],[0:19],[0:19],[0:19],[0:19],[0:19],[0:19],[0:19],[7:11],[0:19],[0:19],[0:19],[0:19],[0:19],[6:11],1
[0:19],[0:19],[0:19],[0:19],[0:19],[0:19],[0:19],[0:19],[0:19],[0:19],[0:19],[0:19],[0:19],[12:14],[0:19],[0:19],[0:19],[0:19],[0:19],[6:11],0
[0:19],[0:19],[0:19],[0:19],[0:19],[0:19],[0:19],[0:19],[0:19],[0:19],[0:19],[0:19],[0:19],[7:11],[0:19],[0:19],[0:19],[0:19],[0:19],[6:11],1
[0:19],[0:19],[0:19],[0:19],[0:19],[0:19],[0:19],[0:19],[0:19],[0:19],[0:19],[0:19],[0:19],[0:6],[0:19],[0:19],[0:19],[0:19],[0:19],[6:11],0
[0:19],[0:19],[0:19],[0:19],[0:19],[0:19],[0:19],[0:19],[0:19],[0:19],[0:19],[0:19],[0:19],[7:11],[0:19],[0:19],[0:19],[0:19],[0:19],[0:2],0
[0:19],[0:19],[0:19],[0:19],[0:19],[0:19],[0:19],[0:19],[0:19],[0:19],[0:19],[0:19],[0:19],[12:14],[0:19],[0:19],[0:19],[0:19],[0:19],[6:11],0
[0:19],[0:19],[0:19],[0:19],[0:19],[0:19],[0:19],[0:19],[0:19],[0:19],[0:19],[0:19],[0:19],[12:14],[0:19],[0:19],[0:19],[0:19],[0:19],[6:11],0
[0:19],[0:19],[0:19],[0:19],[0:19],[0:19],[0:19],[0:19],[0:19],[0:19],[0:19],[0:19],[0:19],[7:11],[0:19],[0:19],[0:19],[0:19],[0:19],[6:11],1
[0:19],[0:19],[0:19],[0:19],[0:19],[0:19],[0:19],[0:19],[0:19],[0:19],[0:19],[0:19],[0:19],[7:11],[0:19],[0:19],[0:19],[0:19],[0:19],[12:15],1
[0:19],[0:19],[0:19],[0:19],[0:19],[0:19],[0:19],[0:19],[0:19],[0:19],[0:19],[0:19],[0:19],[7:11],[0:19],[0:19],[0:19],[0:19],[0:19],[6:11],1
[0:19],[0:19],[0:19],[0:19],[0:19],[0:19],[0:19],[0:19],[0:19],[0:19],[0:19],[0:19],[0:19],[7:11],[0:19],[0:19],[0:19],[0:19],[0:19],[6:11],1
[0:19],[0:19],[0:19],[0:19],[0:19],[0:19],[0:19],[0:19],[0:19],[0:19],[0:19],[0:19],[0:19],[7:11],[0:19],[0:19],[0:19],[0:19],[0:19],[6:11],1
[0:19],[0:19],[0:19],[0:19],[0:19],[0:19],[0:19],[0:19],[0:19],[0:19],[0:19],[0:19],[0:19],[7:11],[0:19],[0:19],[0:19],[0:19],[0:19],[12:15],0
[0:19],[0:19],[0:19],[0:19],[0:19],[0:19],[0:19],[0:19],[0:19],[0:19],[0:19],[0:19],[0:19],[0:6],[0:19],[0:19],[0:19],[0:19],[0:19],[6:11],0
[0:19],[0:19],[0:19],[0:19],[0:19],[0:19],[0:19],[0:19],[0:19],[0:19],[0:19],[0:19],[0:19],[7:11],[0:19],[0:19],[0:19],[0:19],[0:19],[6:11],0
[0:19],[0:19],[0:19],[0:19],[0:19],[0:19],[0:19],[0:19],[0:19],[0:19],[0:19],[0:19],[0:19],[12:14],[0:19],[0:19],[0:19],[0:19],[0:19],[12:15],0
[0:19],[0:19],[0:19],[0:19],[0:19],[0:19],[0:19],[0:19],[0:19],[0:19],[0:19],[0:19],[0:19],[7:11],[0:19],[0:19],[0:19],[0:19],[0:19],[6:11],1
[0:19],[0:19],[0:19],[0:19],[0:19],[0:19],[0:19],[0:19],[0:19],[0:19],[0:19],[0:19],[0:19],[7:11],[0:19],[0:19],[0:19],[0:19],[0:19],[6:11],1
[0:19],[0:19],[0:19],[0:19],[0:19],[0:19],[0:19],[0:19],[0:19],[0:19],[0:19],[0:19],[0:19],[7:11],[0:19],[0:19],[0:19],[0:19],[0:19],[12:15],0
[0:19],[0:19],[0:19],[0:19],[0:19],[0:19],[0:19],[0:19],[0:19],[0:19],[0:19],[0:19],[0:19],[7:11],[0:19],[0:19],[0:19],[0:19],[0:19],[12:15],0
[0:19],[0:19],[0:19],[0:19],[0:19],[0:19],[0:19],[0:19],[0:19],[0:19],[0:19],[0:19],[0:19],[7:11],[0:19],[0:19],[0:19],[0:19],[0:19],[0:2],0
[0:19],[0:19],[0:19],[0:19],[0:19],[0:19],[0:19],[0:19],[0:19],[0:19],[0:19],[0:19],[0:19],[0:6],[0:19],[0:19],[0:19],[0:19],[0:19],[6:11],0
[0:19],[0:19],[0:19],[0:19],[0:19],[0:19],[0:19],[0:19],[0:19],[0:19],[0:19],[0:19],[0:19],[7:11],[0:19],[0:19],[0:19],[0:19],[0:19],[6:11],1
[0:19],[0:19],[0:19],[0:19],[0:19],[0:19],[0:19],[0:19],[0:19],[0:19],[0:19],[0:19],[0:19],[7:11],[0:19],[0:19],[0:19],[0:19],[0:19],[6:11],1
[0:19],[0:19],[0:19],[0:19],[0:19],[0:19],[0:19],[0:19],[0:19],[0:19],[0:19],[0:19],[0:19],[7:11],[0:19],[0:19],[0:19],[0:19],[0:19],[3:5],0
[0:19],[0:19],[0:19],[0:19],[0:19],[0:19],[0:19],[0:19],[0:19],[0:19],[0:19],[0:19],[0:19],[12:14],[0:19],[0:19],[0:19],[0:19],[0:19],[6:11],1
[0:19],[0:19],[0:19],[0:19],[0:19],[0:19],[0:19],[0:19],[0:19],[0:19],[0:19],[0:19],[0:19],[0:6],[0:19],[0:19],[0:19],[0:19],[0:19],[6:11],0
[0:19],[0:19],[0:19],[0:19],[0:19],[0:19],[0:19],[0:19],[0:19],[0:19],[0:19],[0:19],[0:19],[7:11],[0:19],[0:19],[0:19],[0:19],[0:19],[6:11],1
[0:19],[0:19],[0:19],[0:19],[0:19],[0:19],[0:19],[0:19],[0:19],[0:19],[0:19],[0:19],[0:19],[7:11],[0:19],[0:19],[0:19],[0:19],[0:19],[6:11],1
[0:19],[0:19],[0:19],[0:19],[0:19],[0:19],[0:19],[0:19],[0:19],[0:19],[0:19],[0:19],[0:19],[7:11],[0:19],[0:19],[0:19],[0:19],[0:19],[6:11],0
[0:19],[0:19],[0:19],[0:19],[0:19],[0:19],[0:19],[0:19],[0:19],[0:19],[0:19],[0:19],[0:19],[12:14],[0:19],[0:19],[0:19],[0:19],[0:19],[6:11],1
[0:19],[0:19],[0:19],[0:19],[0:19],[0:19],[0:19],[0:19],[0:19],[0:19],[0:19],[0:19],[0:19],[7:11],[0:19],[0:19],[0:19],[0:19],[0:19],[6:11],1
[0:19],[0:19],[0:19],[0:19],[0:19],[0:19],[0:19],[0:19],[0:19],[0:19],[0:19],[0:19],[0:19],[12:14],[0:19],[0:19],[0:19],[0:19],[0:19],[6:11],0
[0:19],[0:19],[0:19],[0:19],[0:19],[0:19],[0:19],[0:19],[0:19],[0:19],[0:19],[0:19],[0:19],[12:14],[0:19],[0:19],[0:19],[0:19],[0:19],[6:11],1
[0:19],[0:19],[0:19],[0:19],[0:19],[0:19],[0:19],[0:19],[0:19],[0:19],[0:19],[0:19],[0:19],[7:11],[0:19],[0:19],[0:19],[0:19],[0:19],[6:11],1
[0:19],[0:19],[0:19],[0:19],[0:19],[0:19],[0:19],[0:19],[0:19],[0:19],[0:19],[0:19],[0:19],[7:11],[0:19],[0:19],[0:19],[0:19],[0:19],[6:11],1
[0:19],[0:19],[0:19],[0:19],[0:19],[0:19],[0:19],[0:19],[0:19],[0:19],[0:19],[0:19],[0:19],[7:11],[0:19],[0:19],[0:19],[0:19],[0:19],[6:11],1
[0:19],[0:19],[0:19],[0:19],[0:19],[0:19],[0:19],[0:19],[0:19],[0:19],[0:19],[0:19],[0:19],[7:11],[0:19],[0:19],[0:19],[0:19],[0:19],[6:11],1
[0:19],[0:19],[0:19],[0:19],[0:19],[0:19],[0:19],[0:19],[0:19],[0:19],[0:19],[0:19],[0:19],[12:14],[0:19],[0:19],[0:19],[0:19],[0:19],[6:11],1
[0:19],[0:19],[0:19],[0:19],[0:19],[0:19],[0:19],[0:19],[0:19],[0:19],[0:19],[0:19],[0:19],[15:19],[0:19],[0:19],[0:19],[0:19],[0:19],[6:11],0
[0:19],[0:19],[0:19],[0:19],[0:19],[0:19],[0:19],[0:19],[0:19],[0:19],[0:19],[0:19],[0:19],[7:11],[0:19],[0:19],[0:19],[0:19],[0:19],[6:11],1
[0:19],[0:19],[0:19],[0:19],[0:19],[0:19],[0:19],[0:19],[0:19],[0:19],[0:19],[0:19],[0:19],[0:6],[0:19],[0:19],[0:19],[0:19],[0:19],[6:11],0
[0:19],[0:19],[0:19],[0:19],[0:19],[0:19],[0:19],[0:19],[0:19],[0:19],[0:19],[0:19],[0:19],[7:11],[0:19],[0:19],[0:19],[0:19],[0:19],[6:11],1
[0:19],[0:19],[0:19],[0:19],[0:19],[0:19],[0:19],[0:19],[0:19],[0:19],[0:19],[0:19],[0:19],[7:11],[0:19],[0:19],[0:19],[0:19],[0:19],[6:11],1
[0:19],[0:19],[0:19],[0:19],[0:19],[0:19],[0:19],[0:19],[0:19],[0:19],[0:19],[0:19],[0:19],[7:11],[0:19],[0:19],[0:19],[0:19],[0:19],[6:11],1
[0:19],[0:19],[0:19],[0:19],[0:19],[0:19],[0:19],[0:19],[0:19],[0:19],[0:19],[0:19],[0:19],[7:11],[0:19],[0:19],[0:19],[0:19],[0:19],[6:11],0
[0:19],[0:19],[0:19],[0:19],[0:19],[0:19],[0:19],[0:19],[0:19],[0:19],[0:19],[0:19],[0:19],[7:11],[0:19],[0:19],[0:19],[0:19],[0:19],[6:11],0
[0:19],[0:19],[0:19],[0:19],[0:19],[0:19],[0:19],[0:19],[0:19],[0:19],[0:19],[0:19],[0:19],[7:11],[0:19],[0:19],[0:19],[0:19],[0:19],[6:11],1
[0:19],[0:19],[0:19],[0:19],[0:19],[0:19],[0:19],[0:19],[0:19],[0:19],[0:19],[0:19],[0:19],[12:14],[0:19],[0:19],[0:19],[0:19],[0:19],[6:11],1
[0:19],[0:19],[0:19],[0:19],[0:19],[0:19],[0:19],[0:19],[0:19],[0:19],[0:19],[0:19],[0:19],[7:11],[0:19],[0:19],[0:19],[0:19],[0:19],[6:11],0
[0:19],[0:19],[0:19],[0:19],[0:19],[0:19],[0:19],[0:19],[0:19],[0:19],[0:19],[0:19],[0:19],[12:14],[0:19],[0:19],[0:19],[0:19],[0:19],[6:11],1
[0:19],[0:19],[0:19],[0:19],[0:19],[0:19],[0:19],[0:19],[0:19],[0:19],[0:19],[0:19],[0:19],[7:11],[0:19],[0:19],[0:19],[0:19],[0:19],[6:11],0
[0:19],[0:19],[0:19],[0:19],[0:19],[0:19],[0:19],[0:19],[0:19],[0:19],[0:19],[0:19],[0:19],[7:11],[0:19],[0:19],[0:19],[0:19],[0:19],[6:11],1
[0:19],[0:19],[0:19],[0:19],[0:19],[0:19],[0:19],[0:19],[0:19],[0:19],[0:19],[0:19],[0:19],[7:11],[0:19],[0:19],[0:19],[0:19],[0:19],[12:15],0
[0:19],[0:19],[0:19],[0:19],[0:19],[0:19],[0:19],[0:19],[0:19],[0:19],[0:19],[0:19],[0:19],[7:11],[0:19],[0:19],[0:19],[0:19],[0:19],[6:11],0
[0:19],[0:19],[0:19],[0:19],[0:19],[0:19],[0:19],[0:19],[0:19],[0:19],[0:19],[0:19],[0:19],[7:11],[0:19],[0:19],[0:19],[0:19],[0:19],[6:11],0
[0:19],[0:19],[0:19],[0:19],[0:19],[0:19],[0:19],[0:19],[0:19],[0:19],[0:19],[0:19],[0:19],[7:11],[0:19],[0:19],[0:19],[0:19],[0:19],[6:11],1
[0:19],[0:19],[0:19],[0:19],[0:19],[0:19],[0:19],[0:19],[0:19],[0:19],[0:19],[0:19],[0:19],[7:11],[0:19],[0:19],[0:19],[0:19],[0:19],[6:11],1
[0:19],[0:19],[0:19],[0:19],[0:19],[0:19],[0:19],[0:19],[0:19],[0:19],[0:19],[0:19],[0:19],[7:11],[0:19],[0:19],[0:19],[0:19],[0:19],[6:11],0
[0:19],[0:19],[0:19],[0:19],[0:19],[0:19],[0:19],[0:19],[0:19],[0:19],[0:19],[0:19],[0:19],[7:11],[0:19],[0:19],[0:19],[0:19],[0:19],[6:11],1
[0:19],[0:19],[0:19],[0:19],[0:19],[0:19],[0:19],[0:19],[0:19],[0:19],[0:19],[0:19],[0:19],[7:11],[0:19],[0:19],[0:19],[0:19],[0:19],[6:11],0
[0:19],[0:19],[0:19],[0:19],[0:19],[0:19],[0:19],[0:19],[0:19],[0:19],[0:19],[0:19],[0:19],[7:11],[0:19],[0:19],[0:19],[0:19],[0:19],[6:11],1
[0:19],[0:19],[0:19],[0:19],[0:19],[0:19],[0:19],[0:19],[0:19],[0:19],[0:19],[0:19],[0:19],[12:14],[0:19],[0:19],[0:19],[0:19],[0:19],[6:11],0
[0:19],[0:19],[0:19],[0:19],[0:19],[0:19],[0:19],[0:19],[0:19],[0:19],[0:19],[0:19],[0:19],[7:11],[0:19],[0:19],[0:19],[0:19],[0:19],[6:11],0
[0:19],[0:19],[0:19],[0:19],[0:19],[0:19],[0:19],[0:19],[0:19],[0:19],[0:19],[0:19],[0:19],[7:11],[0:19],[0:19],[0:19],[0:19],[0:19],[6:11],1
[0:19],[0:19],[0:19],[0:19],[0:19],[0:19],[0:19],[0:19],[0:19],[0:19],[0:19],[0:19],[0:19],[7:11],[0:19],[0:19],[0:19],[0:19],[0:19],[6:11],0
[0:19],[0:19],[0:19],[0:19],[0:19],[0:19],[0:19],[0:19],[0:19],[0:19],[0:19],[0:19],[0:19],[7:11],[0:19],[0:19],[0:19],[0:19],[0:19],[6:11],1
[0:19],[0:19],[0:19],[0:19],[0:19],[0:19],[0:19],[0:19],[0:19],[0:19],[0:19],[0:19],[0:19],[15:19],[0:19],[0:19],[0:19],[0:19],[0:19],[12:15],0
[0:19],[0:19],[0:19],[0:19],[0:19],[0:19],[0:19],[0:19],[0:19],[0:19],[0:19],[0:19],[0:19],[7:11],[0:19],[0:19],[0:19],[0:19],[0:19],[6:11],1
[0:19],[0:19],[0:19],[0:19],[0:19],[0:19],[0:19],[0:19],[0:19],[0:19],[0:19],[0:19],[0:19],[7:11],[0:19],[0:19],[0:19],[0:19],[0:19],[6:11],1
[0:19],[0:19],[0:19],[0:19],[0:19],[0:19],[0:19],[0:19],[0:19],[0:19],[0:19],[0:19],[0:19],[7:11],[0:19],[0:19],[0:19],[0:19],[0:19],[6:11],0
[0:19],[0:19],[0:19],[0:19],[0:19],[0:19],[0:19],[0:19],[0:19],[0:19],[0:19],[0:19],[0:19],[7:11],[0:19],[0:19],[0:19],[0:19],[0:19],[6:11],1
[0:19],[0:19],[0:19],[0:19],[0:19],[0:19],[0:19],[0:19],[0:19],[0:19],[0:19],[0:19],[0:19],[7:11],[0:19],[0:19],[0:19],[0:19],[0:19],[6:11],0
[0:19],[0:19],[0:19],[0:19],[0:19],[0:19],[0:19],[0:19],[0:19],[0:19],[0:19],[0:19],[0:19],[7:11],[0:19],[0:19],[0:19],[0:19],[0:19],[12:15],0
[0:19],[0:19],[0:19],[0:19],[0:19],[0:19],[0:19],[0:19],[0:19],[0:19],[0:19],[0:19],[0:19],[7:11],[0:19],[0:19],[0:19],[0:19],[0:19],[6:11],1
[0:19],[0:19],[0:19],[0:19],[0:19],[0:19],[0:19],[0:19],[0:19],[0:19],[0:19],[0:19],[0:19],[7:11],[0:19],[0:19],[0:19],[0:19],[0:19],[6:11],1
[0:19],[0:19],[0:19],[0:19],[0:19],[0:19],[0:19],[0:19],[0:19],[0:19],[0:19],[0:19],[0:19],[7:11],[0:19],[0:19],[0:19],[0:19],[0:19],[6:11],1
[0:19],[0:19],[0:19],[0:19],[0:19],[0:19],[0:19],[0:19],[0:19],[0:19],[0:19],[0:19],[0:19],[7:11],[0:19],[0:19],[0:19],[0:19],[0:19],[6:11],0
[0:19],[0:19],[0:19],[0:19],[0:19],[0:19],[0:19],[0:19],[0:19],[0:19],[0:19],[0:19],[0:19],[7:11],[0:19],[0:19],[0:19],[0:19],[0:19],[6:11],0
[0:19],[0:19],[0:19],[0:19],[0:19],[0:19],[0:19],[0:19],[0:19],[0:19],[0:19],[0:19],[0:19],[7:11],[0:19],[0:19],[0:19],[0:19],[0:19],[6:11],1
[0:19],[0:19],[0:19],[0:19],[0:19],[0:19],[0:19],[0:19],[0:19],[0:19],[0:19],[0:19],[0:19],[7:11],[0:19],[0:19],[0:19],[0:19],[0:19],[6:11],1
[0:19],[0:19],[0:19],[0:19],[0:19],[0:19],[0:19],[0:19],[0:19],[0:19],[0:19],[0:19],[0:19],[7:11],[0:19],[0:19],[0:19],[0:19],[0:19],[6:11],1
[0:19],[0:19],[0:19],[0:19],[0:19],[0:19],[0:19],[0:19],[0:19],[0:19],[0:19],[0:19],[0:19],[7:11],[0:19],[0:19],[0:19],[0:19],[0:19],[6:11],1
[0:19],[0:19],[0:19],[0:19],[0:19],[0:19],[0:19],[0:19],[0:19],[0:19],[0:19],[0:19],[0:19],[7:11],[0:19],[0:19],[0:19],[0:19],[0:19],[6:11],0
[0:19],[0:19],[0:19],[0:19],[0:19],[0:19],[0:19],[0:19],[0:19],[0:19],[0:19],[0:19],[0:19],[12:14],[0:19],[0:19],[0:19],[0:19],[0:19],[6:11],0
[0:19],[0:19],[0:19],[0:19],[0:19],[0:19],[0:19],[0:19],[0:19],[0:19],[0:19],[0:19],[0:19],[7:11],[0:19],[0:19],[0:19],[0:19],[0:19],[6:11],0
[0:19],[0:19],[0:19],[0:19],[0:19],[0:19],[0:19],[0:19],[0:19],[0:19],[0:19],[0:19],[0:19],[12:14],[0:19],[0:19],[0:19],[0:19],[0:19],[3:5],0
[0:19],[0:19],[0:19],[0:19],[0:19],[0:19],[0:19],[0:19],[0:19],[0:19],[0:19],[0:19],[0:19],[7:11],[0:19],[0:19],[0:19],[0:19],[0:19],[6:11],1
[0:19],[0:19],[0:19],[0:19],[0:19],[0:19],[0:19],[0:19],[0:19],[0:19],[0:19],[0:19],[0:19],[12:14],[0:19],[0:19],[0:19],[0:19],[0:19],[6:11],0
[0:19],[0:19],[0:19],[0:19],[0:19],[0:19],[0:19],[0:19],[0:19],[0:19],[0:19],[0:19],[0:19],[7:11],[0:19],[0:19],[0:19],[0:19],[0:19],[6:11],0
[0:19],[0:19],[0:19],[0:19],[0:19],[0:19],[0:19],[0:19],[0:19],[0:19],[0:19],[0:19],[0:19],[15:19],[0:19],[0:19],[0:19],[0:19],[0:19],[3:5],0
[0:19],[0:19],[0:19],[0:19],[0:19],[0:19],[0:19],[0:19],[0:19],[0:19],[0:19],[0:19],[0:19],[7:11],[0:19],[0:19],[0:19],[0:19],[0:19],[12:15],0
[0:19],[0:19],[0:19],[0:19],[0:19],[0:19],[0:19],[0:19],[0:19],[0:19],[0:19],[0:19],[0:19],[12:14],[0:19],[0:19],[0:19],[0:19],[0:19],[6:11],0
[0:19],[0:19],[0:19],[0:19],[0:19],[0:19],[0:19],[0:19],[0:19],[0:19],[0:19],[0:19],[0:19],[12:14],[0:19],[0:19],[0:19],[0:19],[0:19],[6:11],1
[0:19],[0:19],[0:19],[0:19],[0:19],[0:19],[0:19],[0:19],[0:19],[0:19],[0:19],[0:19],[0:19],[7:11],[0:19],[0:19],[0:19],[0:19],[0:19],[6:11],1
[0:19],[0:19],[0:19],[0:19],[0:19],[0:19],[0:19],[0:19],[0:19],[0:19],[0:19],[0:19],[0:19],[7:11],[0:19],[0:19],[0:19],[0:19],[0:19],[12:15],1
[0:19],[0:19],[0:19],[0:19],[0:19],[0:19],[0:19],[0:19],[0:19],[0:19],[0:19],[0:19],[0:19],[7:11],[0:19],[0:19],[0:19],[0:19],[0:19],[6:11],1
[0:19],[0:19],[0:19],[0:19],[0:19],[0:19],[0:19],[0:19],[0:19],[0:19],[0:19],[0:19],[0:19],[7:11],[0:19],[0:19],[0:19],[0:19],[0:19],[6:11],0
[0:19],[0:19],[0:19],[0:19],[0:19],[0:19],[0:19],[0:19],[0:19],[0:19],[0:19],[0:19],[0:19],[15:19],[0:19],[0:19],[0:19],[0:19],[0:19],[6:11],0
[0:19],[0:19],[0:19],[0:19],[0:19],[0:19],[0:19],[0:19],[0:19],[0:19],[0:19],[0:19],[0:19],[12:14],[0:19],[0:19],[0:19],[0:19],[0:19],[12:15],0
[0:19],[0:19],[0:19],[0:19],[0:19],[0:19],[0:19],[0:19],[0:19],[0:19],[0:19],[0:19],[0:19],[7:11],[0:19],[0:19],[0:19],[0:19],[0:19],[6:11],1
[0:19],[0:19],[0:19],[0:19],[0:19],[0:19],[0:19],[0:19],[0:19],[0:19],[0:19],[0:19],[0:19],[7:11],[0:19],[0:19],[0:19],[0:19],[0:19],[6:11],0
[0:19],[0:19],[0:19],[0:19],[0:19],[0:19],[0:19],[0:19],[0:19],[0:19],[0:19],[0:19],[0:19],[7:11],[0:19],[0:19],[0:19],[0:19],[0:19],[6:11],1
[0:19],[0:19],[0:19],[0:19],[0:19],[0:19],[0:19],[0:19],[0:19],[0:19],[0:19],[0:19],[0:19],[7:11],[0:19],[0:19],[0:19],[0:19],[0:19],[6:11],0
[0:19],[0:19],[0:19],[0:19],[0:19],[0:19],[0:19],[0:19],[0:19],[0:19],[0:19],[0:19],[0:19],[7:11],[0:19],[0:19],[0:19],[0:19],[0:19],[6:11],0
[0:19],[0:19],[0:19],[0:19],[0:19],[0:19],[0:19],[0:19],[0:19],[0:19],[0:19],[0:19],[0:19],[7:11],[0:19],[0:19],[0:19],[0:19],[0:19],[6:11],0
[0:19],[0:19],[0:19],[0:19],[0:19],[0:19],[0:19],[0:19],[0:19],[0:19],[0:19],[0:19],[0:19],[0:6],[0:19],[0:19],[0:19],[0:19],[0:19],[6:11],0
[0:19],[0:19],[0:19],[0:19],[0:19],[0:19],[0:19],[0:19],[0:19],[0:19],[0:19],[0:19],[0:19],[7:11],[0:19],[0:19],[0:19],[0:19],[0:19],[6:11],1
[0:19],[0:19],[0:19],[0:19],[0:19],[0:19],[0:19],[0:19],[0:19],[0:19],[0:19],[0:19],[0:19],[0:6],[0:19],[0:19],[0:19],[0:19],[0:19],[6:11],0
[0:19],[0:19],[0:19],[0:19],[0:19],[0:19],[0:19],[0:19],[0:19],[0:19],[0:19],[0:19],[0:19],[7:11],[0:19],[0:19],[0:19],[0:19],[0:19],[6:11],1
[0:19],[0:19],[0:19],[0:19],[0:19],[0:19],[0:19],[0:19],[0:19],[0:19],[0:19],[0:19],[0:19],[7:11],[0:19],[0:19],[0:19],[0:19],[0:19],[6:11],1
[0:19],[0:19],[0:19],[0:19],[0:19],[0:19],[0:19],[0:19],[0:19],[0:19],[0:19],[0:19],[0:19],[0:6],[0:19],[0:19],[0:19],[0:19],[0:19],[6:11],0
[0:19],[0:19],[0:19],[0:19],[0:19],[0:19],[0:19],[0:19],[0:19],[0:19],[0:19],[0:19],[0:19],[12:14],[0:19],[0:19],[0:19],[0:19],[0:19],[6:11],1
[0:19],[0:19],[0:19],[0:19],[0:19],[0:19],[0:19],[0:19],[0:19],[0:19],[0:19],[0:19],[0:19],[7:11],[0:19],[0:19],[0:19],[0:19],[0:19],[6:11],1
[0:19],[0:19],[0:19],[0:19],[0:19],[0:19],[0:19],[0:19],[0:19],[0:19],[0:19],[0:19],[0:19],[0:6],[0:19],[0:19],[0:19],[0:19],[0:19],[3:5],0
[0:19],[0:19],[0:19],[0:19],[0:19],[0:19],[0:19],[0:19],[0:19],[0:19],[0:19],[0:19],[0:19],[7:11],[0:19],[0:19],[0:19],[0:19],[0:19],[6:11],1
[0:19],[0:19],[0:19],[0:19],[0:19],[0:19],[0:19],[0:19],[0:19],[0:19],[0:19],[0:19],[0:19],[7:11],[0:19],[0:19],[0:19],[0:19],[0:19],[6:11],1
[0:19],[0:19],[0:19],[0:19],[0:19],[0:19],[0:19],[0:19],[0:19],[0:19],[0:19],[0:19],[0:19],[7:11],[0:19],[0:19],[0:19],[0:19],[0:19],[6:11],0
[0:19],[0:19],[0:19],[0:19],[0:19],[0:19],[0:19],[0:19],[0:19],[0:19],[0:19],[0:19],[0:19],[7:11],[0:19],[0:19],[0:19],[0:19],[0:19],[12:15],1
[0:19],[0:19],[0:19],[0:19],[0:19],[0:19],[0:19],[0:19],[0:19],[0:19],[0:19],[0:19],[0:19],[0:6],[0:19],[0:19],[0:19],[0:19],[0:19],[6:11],0
[0:19],[0:19],[0:19],[0:19],[0:19],[0:19],[0:19],[0:19],[0:19],[0:19],[0:19],[0:19],[0:19],[7:11],[0:19],[0:19],[0:19],[0:19],[0:19],[6:11],0
[0:19],[0:19],[0:19],[0:19],[0:19],[0:19],[0:19],[0:19],[0:19],[0:19],[0:19],[0:19],[0:19],[12:14],[0:19],[0:19],[0:19],[0:19],[0:19],[6:11],0
[0:19],[0:19],[0:19],[0:19],[0:19],[0:19],[0:19],[0:19],[0:19],[0:19],[0:19],[0:19],[0:19],[7:11],[0:19],[0:19],[0:19],[0:19],[0:19],[6:11],1
[0:19],[0:19],[0:19],[0:19],[0:19],[0:19],[0:19],[0:19],[0:19],[0:19],[0:19],[0:19],[0:19],[7:11],[0:19],[0:19],[0:19],[0:19],[0:19],[6:11],1
[0:19],[0:19],[0:19],[0:19],[0:19],[0:19],[0:19],[0:19],[0:19],[0:19],[0:19],[0:19],[0:19],[7:11],[0:19],[0:19],[0:19],[0:19],[0:19],[6:11],0
[0:19],[0:19],[0:19],[0:19],[0:19],[0:19],[0:19],[0:19],[0:19],[0:19],[0:19],[0:19],[0:19],[7:11],[0:19],[0:19],[0:19],[0:19],[0:19],[6:11],1
[0:19],[0:19],[0:19],[0:19],[0:19],[0:19],[0:19],[0:19],[0:19],[0:19],[0:19],[0:19],[0:19],[7:11],[0:19],[0:19],[0:19],[0:19],[0:19],[6:11],1
[0:19],[0:19],[0:19],[0:19],[0:19],[0:19],[0:19],[0:19],[0:19],[0:19],[0:19],[0:19],[0:19],[7:11],[0:19],[0:19],[0:19],[0:19],[0:19],[12:15],1
[0:19],[0:19],[0:19],[0:19],[0:19],[0:19],[0:19],[0:19],[0:19],[0:19],[0:19],[0:19],[0:19],[0:6],[0:19],[0:19],[0:19],[0:19],[0:19],[6:11],0
[0:19],[0:19],[0:19],[0:19],[0:19],[0:19],[0:19],[0:19],[0:19],[0:19],[0:19],[0:19],[0:19],[7:11],[0:19],[0:19],[0:19],[0:19],[0:19],[6:11],1
[0:19],[0:19],[0:19],[0:19],[0:19],[0:19],[0:19],[0:19],[0:19],[0:19],[0:19],[0:19],[0:19],[7:11],[0:19],[0:19],[0:19],[0:19],[0:19],[6:11],1
[0:19],[0:19],[0:19],[0:19],[0:19],[0:19],[0:19],[0:19],[0:19],[0:19],[0:19],[0:19],[0:19],[12:14],[0:19],[0:19],[0:19],[0:19],[0:19],[6:11],1
[0:19],[0:19],[0:19],[0:19],[0:19],[0:19],[0:19],[0:19],[0:19],[0:19],[0:19],[0:19],[0:19],[7:11],[0:19],[0:19],[0:19],[0:19],[0:19],[6:11],0
[0:19],[0:19],[0:19],[0:19],[0:19],[0:19],[0:19],[0:19],[0:19],[0:19],[0:19],[0:19],[0:19],[7:11],[0:19],[0:19],[0:19],[0:19],[0:19],[6:11],1
[0:19],[0:19],[0:19],[0:19],[0:19],[0:19],[0:19],[0:19],[0:19],[0:19],[0:19],[0:19],[0:19],[12:14],[0:19],[0:19],[0:19],[0:19],[0:19],[12:15],1
[0:19],[0:19],[0:19],[0:19],[0:19],[0:19],[0:19],[0:19],[0:19],[0:19],[0:19],[0:19],[0:19],[7:11],[0:19],[0:19],[0:19],[0:19],[0:19],[6:11],1
[0:19],[0:19],[0:19],[0:19],[0:19],[0:19],[0:19],[0:19],[0:19],[0:19],[0:19],[0:19],[0:19],[7:11],[0:19],[0:19],[0:19],[0:19],[0:19],[6:11],1
[0:19],[0:19],[0:19],[0:19],[0:19],[0:19],[0:19],[0:19],[0:19],[0:19],[0:19],[0:19],[0:19],[7:11],[0:19],[0:19],[0:19],[0:19],[0:19],[6:11],0
[0:19],[0:19],[0:19],[0:19],[0:19],[0:19],[0:19],[0:19],[0:19],[0:19],[0:19],[0:19],[0:19],[7:11],[0:19],[0:19],[0:19],[0:19],[0:19],[6:11],1
[0:19],[0:19],[0:19],[0:19],[0:19],[0:19],[0:19],[0:19],[0:19],[0:19],[0:19],[0:19],[0:19],[7:11],[0:19],[0:19],[0:19],[0:19],[0:19],[6:11],0
[0:19],[0:19],[0:19],[0:19],[0:19],[0:19],[0:19],[0:19],[0:19],[0:19],[0:19],[0:19],[0:19],[7:11],[0:19],[0:19],[0:19],[0:19],[0:19],[6:11],0
[0:19],[0:19],[0:19],[0:19],[0:19],[0:19],[0:19],[0:19],[0:19],[0:19],[0:19],[0:19],[0:19],[7:11],[0:19],[0:19],[0:19],[0:19],[0:19],[6:11],1
[0:19],[0:19],[0:19],[0:19],[0:19],[0:19],[0:19],[0:19],[0:19],[0:19],[0:19],[0:19],[0:19],[7:11],[0:19],[0:19],[0:19],[0:19],[0:19],[6:11],1
[0:19],[0:19],[0:19],[0:19],[0:19],[0:19],[0:19],[0:19],[0:19],[0:19],[0:19],[0:19],[0:19],[7:11],[0:19],[0:19],[0:19],[0:19],[0:19],[6:11],0
[0:19],[0:19],[0:19],[0:19],[0:19],[0:19],[0:19],[0:19],[0:19],[0:19],[0:19],[0:19],[0:19],[7:11],[0:19],[0:19],[0:19],[0:19],[0:19],[6:11],1
[0:19],[0:19],[0:19],[0:19],[0:19],[0:19],[0:19],[0:19],[0:19],[0:19],[0:19],[0:19],[0:19],[0:6],[0:19],[0:19],[0:19],[0:19],[0:19],[6:11],0
[0:19],[0:19],[0:19],[0:19],[0:19],[0:19],[0:19],[0:19],[0:19],[0:19],[0:19],[0:19],[0:19],[7:11],[0:19],[0:19],[0:19],[0:19],[0:19],[6:11],1
[0:19],[0:19],[0:19],[0:19],[0:19],[0:19],[0:19],[0:19],[0:19],[0:19],[0:19],[0:19],[0:19],[7:11],[0:19],[0:19],[0:19],[0:19],[0:19],[6:11],1
[0:19],[0:19],[0:19],[0:19],[0:19],[0:19],[0:19],[0:19],[0:19],[0:19],[0:19],[0:19],[0:19],[12:14],[0:19],[0:19],[0:19],[0:19],[0:19],[6:11],1
[0:19],[0:19],[0:19],[0:19],[0:19],[0:19],[0:19],[0:19],[0:19],[0:19],[0:19],[0:19],[0:19],[7:11],[0:19],[0:19],[0:19],[0:19],[0:19],[6:11],0
[0:19],[0:19],[0:19],[0:19],[0:19],[0:19],[0:19],[0:19],[0:19],[0:19],[0:19],[0:19],[0:19],[7:11],[0:19],[0:19],[0:19],[0:19],[0:19],[6:11],1
[0:19],[0:19],[0:19],[0:19],[0:19],[0:19],[0:19],[0:19],[0:19],[0:19],[0:19],[0:19],[0:19],[15:19],[0:19],[0:19],[0:19],[0:19],[0:19],[6:11],0
[0:19],[0:19],[0:19],[0:19],[0:19],[0:19],[0:19],[0:19],[0:19],[0:19],[0:19],[0:19],[0:19],[7:11],[0:19],[0:19],[0:19],[0:19],[0:19],[12:15],0
[0:19],[0:19],[0:19],[0:19],[0:19],[0:19],[0:19],[0:19],[0:19],[0:19],[0:19],[0:19],[0:19],[7:11],[0:19],[0:19],[0:19],[0:19],[0:19],[6:11],0
[0:19],[0:19],[0:19],[0:19],[0:19],[0:19],[0:19],[0:19],[0:19],[0:19],[0:19],[0:19],[0:19],[7:11],[0:19],[0:19],[0:19],[0:19],[0:19],[6:11],1
[0:19],[0:19],[0:19],[0:19],[0:19],[0:19],[0:19],[0:19],[0:19],[0:19],[0:19],[0:19],[0:19],[7:11],[0:19],[0:19],[0:19],[0:19],[0:19],[6:11],1
[0:19],[0:19],[0:19],[0:19],[0:19],[0:19],[0:19],[0:19],[0:19],[0:19],[0:19],[0:19],[0:19],[15:19],[0:19],[0:19],[0:19],[0:19],[0:19],[6:11],0
[0:19],[0:19],[0:19],[0:19],[0:19],[0:19],[0:19],[0:19],[0:19],[0:19],[0:19],[0:19],[0:19],[12:14],[0:19],[0:19],[0:19],[0:19],[0:19],[6:11],1
[0:19],[0:19],[0:19],[0:19],[0:19],[0:19],[0:19],[0:19],[0:19],[0:19],[0:19],[0:19],[0:19],[7:11],[0:19],[0:19],[0:19],[0:19],[0:19],[6:11],1
[0:19],[0:19],[0:19],[0:19],[0:19],[0:19],[0:19],[0:19],[0:19],[0:19],[0:19],[0:19],[0:19],[7:11],[0:19],[0:19],[0:19],[0:19],[0:19],[6:11],1
[0:19],[0:19],[0:19],[0:19],[0:19],[0:19],[0:19],[0:19],[0:19],[0:19],[0:19],[0:19],[0:19],[7:11],[0:19],[0:19],[0:19],[0:19],[0:19],[6:11],1
[0:19],[0:19],[0:19],[0:19],[0:19],[0:19],[0:19],[0:19],[0:19],[0:19],[0:19],[0:19],[0:19],[7:11],[0:19],[0:19],[0:19],[0:19],[0:19],[6:11],1
[0:19],[0:19],[0:19],[0:19],[0:19],[0:19],[0:19],[0:19],[0:19],[0:19],[0:19],[0:19],[0:19],[7:11],[0:19],[0:19],[0:19],[0:19],[0:19],[6:11],0
[0:19],[0:19],[0:19],[0:19],[0:19],[0:19],[0:19],[0:19],[0:19],[0:19],[0:19],[0:19],[0:19],[12:14],[0:19],[0:19],[0:19],[0:19],[0:19],[6:11],1
[0:19],[0:19],[0:19],[0:19],[0:19],[0:19],[0:19],[0:19],[0:19],[0:19],[0:19],[0:19],[0:19],[12:14],[0:19],[0:19],[0:19],[0:19],[0:19],[6:11],1
[0:19],[0:19],[0:19],[0:19],[0:19],[0:19],[0:19],[0:19],[0:19],[0:19],[0:19],[0:19],[0:19],[12:14],[0:19],[0:19],[0:19],[0:19],[0:19],[6:11],1
[0:19],[0:19],[0:19],[0:19],[0:19],[0:19],[0:19],[0:19],[0:19],[0:19],[0:19],[0:19],[0:19],[7:11],[0:19],[0:19],[0:19],[0:19],[0:19],[6:11],1
[0:19],[0:19],[0:19],[0:19],[0:19],[0:19],[0:19],[0:19],[0:19],[0:19],[0:19],[0:19],[0:19],[12:14],[0:19],[0:19],[0:19],[0:19],[0:19],[6:11],0
[0:19],[0:19],[0:19],[0:19],[0:19],[0:19],[0:19],[0:19],[0:19],[0:19],[0:19],[0:19],[0:19],[0:6],[0:19],[0:19],[0:19],[0:19],[0:19],[12:15],0
[0:19],[0:19],[0:19],[0:19],[0:19],[0:19],[0:19],[0:19],[0:19],[0:19],[0:19],[0:19],[0:19],[0:6],[0:19],[0:19],[0:19],[0:19],[0:19],[12:15],0
[0:19],[0:19],[0:19],[0:19],[0:19],[0:19],[0:19],[0:19],[0:19],[0:19],[0:19],[0:19],[0:19],[12:14],[0:19],[0:19],[0:19],[0:19],[0:19],[6:11],1
[0:19],[0:19],[0:19],[0:19],[0:19],[0:19],[0:19],[0:19],[0:19],[0:19],[0:19],[0:19],[0:19],[7:11],[0:19],[0:19],[0:19],[0:19],[0:19],[6:11],0
[0:19],[0:19],[0:19],[0:19],[0:19],[0:19],[0:19],[0:19],[0:19],[0:19],[0:19],[0:19],[0:19],[7:11],[0:19],[0:19],[0:19],[0:19],[0:19],[6:11],1
[0:19],[0:19],[0:19],[0:19],[0:19],[0:19],[0:19],[0:19],[0:19],[0:19],[0:19],[0:19],[0:19],[12:14],[0:19],[0:19],[0:19],[0:19],[0:19],[6:11],0
[0:19],[0:19],[0:19],[0:19],[0:19],[0:19],[0:19],[0:19],[0:19],[0:19],[0:19],[0:19],[0:19],[0:6],[0:19],[0:19],[0:19],[0:19],[0:19],[6:11],0
[0:19],[0:19],[0:19],[0:19],[0:19],[0:19],[0:19],[0:19],[0:19],[0:19],[0:19],[0:19],[0:19],[7:11],[0:19],[0:19],[0:19],[0:19],[0:19],[6:11],0
[0:19],[0:19],[0:19],[0:19],[0:19],[0:19],[0:19],[0:19],[0:19],[0:19],[0:19],[0:19],[0:19],[7:11],[0:19],[0:19],[0:19],[0:19],[0:19],[6:11],1
[0:19],[0:19],[0:19],[0:19],[0:19],[0:19],[0:19],[0:19],[0:19],[0:19],[0:19],[0:19],[0:19],[7:11],[0:19],[0:19],[0:19],[0:19],[0:19],[3:5],0
[0:19],[0:19],[0:19],[0:19],[0:19],[0:19],[0:19],[0:19],[0:19],[0:19],[0:19],[0:19],[0:19],[7:11],[0:19],[0:19],[0:19],[0:19],[0:19],[6:11],1
[0:19],[0:19],[0:19],[0:19],[0:19],[0:19],[0:19],[0:19],[0:19],[0:19],[0:19],[0:19],[0:19],[7:11],[0:19],[0:19],[0:19],[0:19],[0:19],[6:11],1
[0:19],[0:19],[0:19],[0:19],[0:19],[0:19],[0:19],[0:19],[0:19],[0:19],[0:19],[0:19],[0:19],[7:11],[0:19],[0:19],[0:19],[0:19],[0:19],[6:11],1
[0:19],[0:19],[0:19],[0:19],[0:19],[0:19],[0:19],[0:19],[0:19],[0:19],[0:19],[0:19],[0:19],[7:11],[0:19],[0:19],[0:19],[0:19],[0:19],[6:11],1
[0:19],[0:19],[0:19],[0:19],[0:19],[0:19],[0:19],[0:19],[0:19],[0:19],[0:19],[0:19],[0:19],[7:11],[0:19],[0:19],[0:19],[0:19],[0:19],[6:11],0
[0:19],[0:19],[0:19],[0:19],[0:19],[0:19],[0:19],[0:19],[0:19],[0:19],[0:19],[0:19],[0:19],[0:6],[0:19],[0:19],[0:19],[0:19],[0:19],[12:15],0
[0:19],[0:19],[0:19],[0:19],[0:19],[0:19],[0:19],[0:19],[0:19],[0:19],[0:19],[0:19],[0:19],[12:14],[0:19],[0:19],[0:19],[0:19],[0:19],[6:11],0
[0:19],[0:19],[0:19],[0:19],[0:19],[0:19],[0:19],[0:19],[0:19],[0:19],[0:19],[0:19],[0:19],[7:11],[0:19],[0:19],[0:19],[0:19],[0:19],[6:11],1
[0:19],[0:19],[0:19],[0:19],[0:19],[0:19],[0:19],[0:19],[0:19],[0:19],[0:19],[0:19],[0:19],[12:14],[0:19],[0:19],[0:19],[0:19],[0:19],[6:11],0
[0:19],[0:19],[0:19],[0:19],[0:19],[0:19],[0:19],[0:19],[0:19],[0:19],[0:19],[0:19],[0:19],[12:14],[0:19],[0:19],[0:19],[0:19],[0:19],[6:11],0
[0:19],[0:19],[0:19],[0:19],[0:19],[0:19],[0:19],[0:19],[0:19],[0:19],[0:19],[0:19],[0:19],[7:11],[0:19],[0:19],[0:19],[0:19],[0:19],[6:11],1
[0:19],[0:19],[0:19],[0:19],[0:19],[0:19],[0:19],[0:19],[0:19],[0:19],[0:19],[0:19],[0:19],[12:14],[0:19],[0:19],[0:19],[0:19],[0:19],[6:11],0
[0:19],[0:19],[0:19],[0:19],[0:19],[0:19],[0:19],[0:19],[0:19],[0:19],[0:19],[0:19],[0:19],[12:14],[0:19],[0:19],[0:19],[0:19],[0:19],[6:11],1
[0:19],[0:19],[0:19],[0:19],[0:19],[0:19],[0:19],[0:19],[0:19],[0:19],[0:19],[0:19],[0:19],[7:11],[0:19],[0:19],[0:19],[0:19],[0:19],[6:11],1
[0:19],[0:19],[0:19],[0:19],[0:19],[0:19],[0:19],[0:19],[0:19],[0:19],[0:19],[0:19],[0:19],[12:14],[0:19],[0:19],[0:19],[0:19],[0:19],[12:15],0
[0:19],[0:19],[0:19],[0:19],[0:19],[0:19],[0:19],[0:19],[0:19],[0:19],[0:19],[0:19],[0:19],[7:11],[0:19],[0:19],[0:19],[0:19],[0:19],[3:5],0
[0:19],[0:19],[0:19],[0:19],[0:19],[0:19],[0:19],[0:19],[0:19],[0:19],[0:19],[0:19],[0:19],[0:6],[0:19],[0:19],[0:19],[0:19],[0:19],[6:11],0
[0:19],[0:19],[0:19],[0:19],[0:19],[0:19],[0:19],[0:19],[0:19],[0:19],[0:19],[0:19],[0:19],[7:11],[0:19],[0:19],[0:19],[0:19],[0:19],[6:11],1
[0:19],[0:19],[0:19],[0:19],[0:19],[0:19],[0:19],[0:19],[0:19],[0:19],[0:19],[0:19],[0:19],[7:11],[0:19],[0:19],[0:19],[0:19],[0:19],[6:11],1
[0:19],[0:19],[0:19],[0:19],[0:19],[0:19],[0:19],[0:19],[0:19],[0:19],[0:19],[0:19],[0:19],[7:11],[0:19],[0:19],[0:19],[0:19],[0:19],[6:11],1
[0:19],[0:19],[0:19],[0:19],[0:19],[0:19],[0:19],[0:19],[0:19],[0:19],[0:19],[0:19],[0:19],[12:14],[0:19],[0:19],[0:19],[0:19],[0:19],[12:15],1
[0:19],[0:19],[0:19],[0:19],[0:19],[0:19],[0:19],[0:19],[0:19],[0:19],[0:19],[0:19],[0:19],[7:11],[0:19],[0:19],[0:19],[0:19],[0:19],[12:15],0
[0:19],[0:19],[0:19],[0:19],[0:19],[0:19],[0:19],[0:19],[0:19],[0:19],[0:19],[0:19],[0:19],[7:11],[0:19],[0:19],[0:19],[0:19],[0:19],[12:15],1
[0:19],[0:19],[0:19],[0:19],[0:19],[0:19],[0:19],[0:19],[0:19],[0:19],[0:19],[0:19],[0:19],[7:11],[0:19],[0:19],[0:19],[0:19],[0:19],[6:11],0
[0:19],[0:19],[0:19],[0:19],[0:19],[0:19],[0:19],[0:19],[0:19],[0:19],[0:19],[0:19],[0:19],[12:14],[0:19],[0:19],[0:19],[0:19],[0:19],[6:11],1
[0:19],[0:19],[0:19],[0:19],[0:19],[0:19],[0:19],[0:19],[0:19],[0:19],[0:19],[0:19],[0:19],[12:14],[0:19],[0:19],[0:19],[0:19],[0:19],[6:11],1
[0:19],[0:19],[0:19],[0:19],[0:19],[0:19],[0:19],[0:19],[0:19],[0:19],[0:19],[0:19],[0:19],[12:14],[0:19],[0:19],[0:19],[0:19],[0:19],[6:11],1
[0:19],[0:19],[0:19],[0:19],[0:19],[0:19],[0:19],[0:19],[0:19],[0:19],[0:19],[0:19],[0:19],[12:14],[0:19],[0:19],[0:19],[0:19],[0:19],[6:11],0
[0:19],[0:19],[0:19],[0:19],[0:19],[0:19],[0:19],[0:19],[0:19],[0:19],[0:19],[0:19],[0:19],[0:6],[0:19],[0:19],[0:19],[0:19],[0:19],[6:11],0
[0:19],[0:19],[0:19],[0:19],[0:19],[0:19],[0:19],[0:19],[0:19],[0:19],[0:19],[0:19],[0:19],[7:11],[0:19],[0:19],[0:19],[0:19],[0:19],[6:11],1
[0:19],[0:19],[0:19],[0:19],[0:19],[0:19],[0:19],[0:19],[0:19],[0:19],[0:19],[0:19],[0:19],[7:11],[0:19],[0:19],[0:19],[0:19],[0:19],[6:11],1
[0:19],[0:19],[0:19],[0:19],[0:19],[0:19],[0:19],[0:19],[0:19],[0:19],[0:19],[0:19],[0:19],[7:11],[0:19],[0:19],[0:19],[0:19],[0:19],[6:11],0
[0:19],[0:19],[0:19],[0:19],[0:19],[0:19],[0:19],[0:19],[0:19],[0:19],[0:19],[0:19],[0:19],[7:11],[0:19],[0:19],[0:19],[0:19],[0:19],[6:11],1
[0:19],[0:19],[0:19],[0:19],[0:19],[0:19],[0:19],[0:19],[0:19],[0:19],[0:19],[0:19],[0:19],[12:14],[0:19],[0:19],[0:19],[0:19],[0:19],[6:11],0
[0:19],[0:19],[0:19],[0:19],[0:19],[0:19],[0:19],[0:19],[0:19],[0:19],[0:19],[0:19],[0:19],[7:11],[0:19],[0:19],[0:19],[0:19],[0:19],[6:11],1
[0:19],[0:19],[0:19],[0:19],[0:19],[0:19],[0:19],[0:19],[0:19],[0:19],[0:19],[0:19],[0:19],[12:14],[0:19],[0:19],[0:19],[0:19],[0:19],[6:11],1
[0:19],[0:19],[0:19],[0:19],[0:19],[0:19],[0:19],[0:19],[0:19],[0:19],[0:19],[0:19],[0:19],[7:11],[0:19],[0:19],[0:19],[0:19],[0:19],[6:11],1
[0:19],[0:19],[0:19],[0:19],[0:19],[0:19],[0:19],[0:19],[0:19],[0:19],[0:19],[0:19],[0:19],[7:11],[0:19],[0:19],[0:19],[0:19],[0:19],[6:11],1
[0:19],[0:19],[0:19],[0:19],[0:19],[0:19],[0:19],[0:19],[0:19],[0:19],[0:19],[0:19],[0:19],[0:6],[0:19],[0:19],[0:19],[0:19],[0:19],[12:15],0
[0:19],[0:19],[0:19],[0:19],[0:19],[0:19],[0:19],[0:19],[0:19],[0:19],[0:19],[0:19],[0:19],[7:11],[0:19],[0:19],[0:19],[0:19],[0:19],[6:11],0
[0:19],[0:19],[0:19],[0:19],[0:19],[0:19],[0:19],[0:19],[0:19],[0:19],[0:19],[0:19],[0:19],[7:11],[0:19],[0:19],[0:19],[0:19],[0:19],[6:11],1
[0:19],[0:19],[0:19],[0:19],[0:19],[0:19],[0:19],[0:19],[0:19],[0:19],[0:19],[0:19],[0:19],[7:11],[0:19],[0:19],[0:19],[0:19],[0:19],[6:11],1
[0:19],[0:19],[0:19],[0:19],[0:19],[0:19],[0:19],[0:19],[0:19],[0:19],[0:19],[0:19],[0:19],[7:11],[0:19],[0:19],[0:19],[0:19],[0:19],[6:11],0
[0:19],[0:19],[0:19],[0:19],[0:19],[0:19],[0:19],[0:19],[0:19],[0:19],[0:19],[0:19],[0:19],[7:11],[0:19],[0:19],[0:19],[0:19],[0:19],[6:11],1
[0:19],[0:19],[0:19],[0:19],[0:19],[0:19],[0:19],[0:19],[0:19],[0:19],[0:19],[0:19],[0:19],[0:6],[0:19],[0:19],[0:19],[0:19],[0:19],[6:11],0
[0:19],[0:19],[0:19],[0:19],[0:19],[0:19],[0:19],[0:19],[0:19],[0:19],[0:19],[0:19],[0:19],[7:11],[0:19],[0:19],[0:19],[0:19],[0:19],[6:11],0
[0:19],[0:19],[0:19],[0:19],[0:19],[0:19],[0:19],[0:19],[0:19],[0:19],[0:19],[0:19],[0:19],[12:14],[0:19],[0:19],[0:19],[0:19],[0:19],[6:11],1
[0:19],[0:19],[0:19],[0:19],[0:19],[0:19],[0:19],[0:19],[0:19],[0:19],[0:19],[0:19],[0:19],[7:11],[0:19],[0:19],[0:19],[0:19],[0:19],[6:11],1
[0:19],[0:19],[0:19],[0:19],[0:19],[0:19],[0:19],[0:19],[0:19],[0:19],[0:19],[0:19],[0:19],[7:11],[0:19],[0:19],[0:19],[0:19],[0:19],[6:11],1
[0:19],[0:19],[0:19],[0:19],[0:19],[0:19],[0:19],[0:19],[0:19],[0:19],[0:19],[0:19],[0:19],[7:11],[0:19],[0:19],[0:19],[0:19],[0:19],[6:11],0
[0:19],[0:19],[0:19],[0:19],[0:19],[0:19],[0:19],[0:19],[0:19],[0:19],[0:19],[0:19],[0:19],[7:11],[0:19],[0:19],[0:19],[0:19],[0:19],[6:11],0
[0:19],[0:19],[0:19],[0:19],[0:19],[0:19],[0:19],[0:19],[0:19],[0:19],[0:19],[0:19],[0:19],[7:11],[0:19],[0:19],[0:19],[0:19],[0:19],[12:15],1
[0:19],[0:19],[0:19],[0:19],[0:19],[0:19],[0:19],[0:19],[0:19],[0:19],[0:19],[0:19],[0:19],[7:11],[0:19],[0:19],[0:19],[0:19],[0:19],[6:11],1
[0:19],[0:19],[0:19],[0:19],[0:19],[0:19],[0:19],[0:19],[0:19],[0:19],[0:19],[0:19],[0:19],[12:14],[0:19],[0:19],[0:19],[0:19],[0:19],[6:11],0
[0:19],[0:19],[0:19],[0:19],[0:19],[0:19],[0:19],[0:19],[0:19],[0:19],[0:19],[0:19],[0:19],[7:11],[0:19],[0:19],[0:19],[0:19],[0:19],[6:11],0
[0:19],[0:19],[0:19],[0:19],[0:19],[0:19],[0:19],[0:19],[0:19],[0:19],[0:19],[0:19],[0:19],[7:11],[0:19],[0:19],[0:19],[0:19],[0:19],[6:11],1
[0:19],[0:19],[0:19],[0:19],[0:19],[0:19],[0:19],[0:19],[0:19],[0:19],[0:19],[0:19],[0:19],[7:11],[0:19],[0:19],[0:19],[0:19],[0:19],[12:15],0
[0:19],[0:19],[0:19],[0:19],[0:19],[0:19],[0:19],[0:19],[0:19],[0:19],[0:19],[0:19],[0:19],[7:11],[0:19],[0:19],[0:19],[0:19],[0:19],[6:11],1
[0:19],[0:19],[0:19],[0:19],[0:19],[0:19],[0:19],[0:19],[0:19],[0:19],[0:19],[0:19],[0:19],[12:14],[0:19],[0:19],[0:19],[0:19],[0:19],[6:11],1
[0:19],[0:19],[0:19],[0:19],[0:19],[0:19],[0:19],[0:19],[0:19],[0:19],[0:19],[0:19],[0:19],[7:11],[0:19],[0:19],[0:19],[0:19],[0:19],[6:11],1
[0:19],[0:19],[0:19],[0:19],[0:19],[0:19],[0:19],[0:19],[0:19],[0:19],[0:19],[0:19],[0:19],[7:11],[0:19],[0:19],[0:19],[0:19],[0:19],[6:11],1
[0:19],[0:19],[0:19],[0:19],[0:19],[0:19],[0:19],[0:19],[0:19],[0:19],[0:19],[0:19],[0:19],[7:11],[0:19],[0:19],[0:19],[0:19],[0:19],[6:11],1
[0:19],[0:19],[0:19],[0:19],[0:19],[0:19],[0:19],[0:19],[0:19],[0:19],[0:19],[0:19],[0:19],[7:11],[0:19],[0:19],[0:19],[0:19],[0:19],[6:11],1
[0:19],[0:19],[0:19],[0:19],[0:19],[0:19],[0:19],[0:19],[0:19],[0:19],[0:19],[0:19],[0:19],[12:14],[0:19],[0:19],[0:19],[0:19],[0:19],[6:11],0
[0:19],[0:19],[0:19],[0:19],[0:19],[0:19],[0:19],[0:19],[0:19],[0:19],[0:19],[0:19],[0:19],[7:11],[0:19],[0:19],[0:19],[0:19],[0:19],[6:11],0
[0:19],[0:19],[0:19],[0:19],[0:19],[0:19],[0:19],[0:19],[0:19],[0:19],[0:19],[0:19],[0:19],[7:11],[0:19],[0:19],[0:19],[0:19],[0:19],[6:11],1
[0:19],[0:19],[0:19],[0:19],[0:19],[0:19],[0:19],[0:19],[0:19],[0:19],[0:19],[0:19],[0:19],[7:11],[0:19],[0:19],[0:19],[0:19],[0:19],[6:11],1
[0:19],[0:19],[0:19],[0:19],[0:19],[0:19],[0:19],[0:19],[0:19],[0:19],[0:19],[0:19],[0:19],[7:11],[0:19],[0:19],[0:19],[0:19],[0:19],[6:11],0
[0:19],[0:19],[0:19],[0:19],[0:19],[0:19],[0:19],[0:19],[0:19],[0:19],[0:19],[0:19],[0:19],[0:6],[0:19],[0:19],[0:19],[0:19],[0:19],[6:11],0
[0:19],[0:19],[0:19],[0:19],[0:19],[0:19],[0:19],[0:19],[0:19],[0:19],[0:19],[0:19],[0:19],[12:14],[0:19],[0:19],[0:19],[0:19],[0:19],[6:11],1
[0:19],[0:19],[0:19],[0:19],[0:19],[0:19],[0:19],[0:19],[0:19],[0:19],[0:19],[0:19],[0:19],[12:14],[0:19],[0:19],[0:19],[0:19],[0:19],[12:15],1
[0:19],[0:19],[0:19],[0:19],[0:19],[0:19],[0:19],[0:19],[0:19],[0:19],[0:19],[0:19],[0:19],[7:11],[0:19],[0:19],[0:19],[0:19],[0:19],[6:11],0
[0:19],[0:19],[0:19],[0:19],[0:19],[0:19],[0:19],[0:19],[0:19],[0:19],[0:19],[0:19],[0:19],[7:11],[0:19],[0:19],[0:19],[0:19],[0:19],[6:11],0
[0:19],[0:19],[0:19],[0:19],[0:19],[0:19],[0:19],[0:19],[0:19],[0:19],[0:19],[0:19],[0:19],[7:11],[0:19],[0:19],[0:19],[0:19],[0:19],[6:11],1
[0:19],[0:19],[0:19],[0:19],[0:19],[0:19],[0:19],[0:19],[0:19],[0:19],[0:19],[0:19],[0:19],[7:11],[0:19],[0:19],[0:19],[0:19],[0:19],[6:11],0
[0:19],[0:19],[0:19],[0:19],[0:19],[0:19],[0:19],[0:19],[0:19],[0:19],[0:19],[0:19],[0:19],[7:11],[0:19],[0:19],[0:19],[0:19],[0:19],[6:11],1
[0:19],[0:19],[0:19],[0:19],[0:19],[0:19],[0:19],[0:19],[0:19],[0:19],[0:19],[0:19],[0:19],[7:11],[0:19],[0:19],[0:19],[0:19],[0:19],[12:15],0
[0:19],[0:19],[0:19],[0:19],[0:19],[0:19],[0:19],[0:19],[0:19],[0:19],[0:19],[0:19],[0:19],[7:11],[0:19],[0:19],[0:19],[0:19],[0:19],[6:11],0
[0:19],[0:19],[0:19],[0:19],[0:19],[0:19],[0:19],[0:19],[0:19],[0:19],[0:19],[0:19],[0:19],[12:14],[0:19],[0:19],[0:19],[0:19],[0:19],[12:15],0
[0:19],[0:19],[0:19],[0:19],[0:19],[0:19],[0:19],[0:19],[0:19],[0:19],[0:19],[0:19],[0:19],[7:11],[0:19],[0:19],[0:19],[0:19],[0:19],[3:5],0
[0:19],[0:19],[0:19],[0:19],[0:19],[0:19],[0:19],[0:19],[0:19],[0:19],[0:19],[0:19],[0:19],[7:11],[0:19],[0:19],[0:19],[0:19],[0:19],[6:11],1
[0:19],[0:19],[0:19],[0:19],[0:19],[0:19],[0:19],[0:19],[0:19],[0:19],[0:19],[0:19],[0:19],[7:11],[0:19],[0:19],[0:19],[0:19],[0:19],[12:15],0
[0:19],[0:19],[0:19],[0:19],[0:19],[0:19],[0:19],[0:19],[0:19],[0:19],[0:19],[0:19],[0:19],[12:14],[0:19],[0:19],[0:19],[0:19],[0:19],[6:11],0
[0:19],[0:19],[0:19],[0:19],[0:19],[0:19],[0:19],[0:19],[0:19],[0:19],[0:19],[0:19],[0:19],[7:11],[0:19],[0:19],[0:19],[0:19],[0:19],[6:11],1
[0:19],[0:19],[0:19],[0:19],[0:19],[0:19],[0:19],[0:19],[0:19],[0:19],[0:19],[0:19],[0:19],[7:11],[0:19],[0:19],[0:19],[0:19],[0:19],[6:11],0
[0:19],[0:19],[0:19],[0:19],[0:19],[0:19],[0:19],[0:19],[0:19],[0:19],[0:19],[0:19],[0:19],[7:11],[0:19],[0:19],[0:19],[0:19],[0:19],[6:11],1
[0:19],[0:19],[0:19],[0:19],[0:19],[0:19],[0:19],[0:19],[0:19],[0:19],[0:19],[0:19],[0:19],[7:11],[0:19],[0:19],[0:19],[0:19],[0:19],[6:11],0
[0:19],[0:19],[0:19],[0:19],[0:19],[0:19],[0:19],[0:19],[0:19],[0:19],[0:19],[0:19],[0:19],[7:11],[0:19],[0:19],[0:19],[0:19],[0:19],[6:11],1
[0:19],[0:19],[0:19],[0:19],[0:19],[0:19],[0:19],[0:19],[0:19],[0:19],[0:19],[0:19],[0:19],[12:14],[0:19],[0:19],[0:19],[0:19],[0:19],[6:11],0
[0:19],[0:19],[0:19],[0:19],[0:19],[0:19],[0:19],[0:19],[0:19],[0:19],[0:19],[0:19],[0:19],[7:11],[0:19],[0:19],[0:19],[0:19],[0:19],[6:11],0
[0:19],[0:19],[0:19],[0:19],[0:19],[0:19],[0:19],[0:19],[0:19],[0:19],[0:19],[0:19],[0:19],[12:14],[0:19],[0:19],[0:19],[0:19],[0:19],[6:11],0
[0:19],[0:19],[0:19],[0:19],[0:19],[0:19],[0:19],[0:19],[0:19],[0:19],[0:19],[0:19],[0:19],[7:11],[0:19],[0:19],[0:19],[0:19],[0:19],[6:11],0
[0:19],[0:19],[0:19],[0:19],[0:19],[0:19],[0:19],[0:19],[0:19],[0:19],[0:19],[0:19],[0:19],[15:19],[0:19],[0:19],[0:19],[0:19],[0:19],[6:11],0
[0:19],[0:19],[0:19],[0:19],[0:19],[0:19],[0:19],[0:19],[0:19],[0:19],[0:19],[0:19],[0:19],[7:11],[0:19],[0:19],[0:19],[0:19],[0:19],[6:11],1
[0:19],[0:19],[0:19],[0:19],[0:19],[0:19],[0:19],[0:19],[0:19],[0:19],[0:19],[0:19],[0:19],[7:11],[0:19],[0:19],[0:19],[0:19],[0:19],[6:11],1
[0:19],[0:19],[0:19],[0:19],[0:19],[0:19],[0:19],[0:19],[0:19],[0:19],[0:19],[0:19],[0:19],[7:11],[0:19],[0:19],[0:19],[0:19],[0:19],[6:11],1
[0:19],[0:19],[0:19],[0:19],[0:19],[0:19],[0:19],[0:19],[0:19],[0:19],[0:19],[0:19],[0:19],[7:11],[0:19],[0:19],[0:19],[0:19],[0:19],[6:11],1
[0:19],[0:19],[0:19],[0:19],[0:19],[0:19],[0:19],[0:19],[0:19],[0:19],[0:19],[0:19],[0:19],[7:11],[0:19],[0:19],[0:19],[0:19],[0:19],[16:19],0
[0:19],[0:19],[0:19],[0:19],[0:19],[0:19],[0:19],[0:19],[0:19],[0:19],[0:19],[0:19],[0:19],[12:14],[0:19],[0:19],[0:19],[0:19],[0:19],[6:11],1
[0:19],[0:19],[0:19],[0:19],[0:19],[0:19],[0:19],[0:19],[0:19],[0:19],[0:19],[0:19],[0:19],[12:14],[0:19],[0:19],[0:19],[0:19],[0:19],[6:11],1
[0:19],[0:19],[0:19],[0:19],[0:19],[0:19],[0:19],[0:19],[0:19],[0:19],[0:19],[0:19],[0:19],[7:11],[0:19],[0:19],[0:19],[0:19],[0:19],[6:11],1
[0:19],[0:19],[0:19],[0:19],[0:19],[0:19],[0:19],[0:19],[0:19],[0:19],[0:19],[0:19],[0:19],[12:14],[0:19],[0:19],[0:19],[0:19],[0:19],[6:11],0
[0:19],[0:19],[0:19],[0:19],[0:19],[0:19],[0:19],[0:19],[0:19],[0:19],[0:19],[0:19],[0:19],[7:11],[0:19],[0:19],[0:19],[0:19],[0:19],[6:11],1
[0:19],[0:19],[0:19],[0:19],[0:19],[0:19],[0:19],[0:19],[0:19],[0:19],[0:19],[0:19],[0:19],[7:11],[0:19],[0:19],[0:19],[0:19],[0:19],[12:15],0
[0:19],[0:19],[0:19],[0:19],[0:19],[0:19],[0:19],[0:19],[0:19],[0:19],[0:19],[0:19],[0:19],[7:11],[0:19],[0:19],[0:19],[0:19],[0:19],[12:15],0
[0:19],[0:19],[0:19],[0:19],[0:19],[0:19],[0:19],[0:19],[0:19],[0:19],[0:19],[0:19],[0:19],[0:6],[0:19],[0:19],[0:19],[0:19],[0:19],[6:11],0
[0:19],[0:19],[0:19],[0:19],[0:19],[0:19],[0:19],[0:19],[0:19],[0:19],[0:19],[0:19],[0:19],[7:11],[0:19],[0:19],[0:19],[0:19],[0:19],[6:11],0
[0:19],[0:19],[0:19],[0:19],[0:19],[0:19],[0:19],[0:19],[0:19],[0:19],[0:19],[0:19],[0:19],[7:11],[0:19],[0:19],[0:19],[0:19],[0:19],[6:11],1
[0:19],[0:19],[0:19],[0:19],[0:19],[0:19],[0:19],[0:19],[0:19],[0:19],[0:19],[0:19],[0:19],[7:11],[0:19],[0:19],[0:19],[0:19],[0:19],[6:11],1
[0:19],[0:19],[0:19],[0:19],[0:19],[0:19],[0:19],[0:19],[0:19],[0:19],[0:19],[0:19],[0:19],[7:11],[0:19],[0:19],[0:19],[0:19],[0:19],[6:11],0
[0:19],[0:19],[0:19],[0:19],[0:19],[0:19],[0:19],[0:19],[0:19],[0:19],[0:19],[0:19],[0:19],[7:11],[0:19],[0:19],[0:19],[0:19],[0:19],[6:11],0
[0:19],[0:19],[0:19],[0:19],[0:19],[0:19],[0:19],[0:19],[0:19],[0:19],[0:19],[0:19],[0:19],[12:14],[0:19],[0:19],[0:19],[0:19],[0:19],[6:11],0
[0:19],[0:19],[0:19],[0:19],[0:19],[0:19],[0:19],[0:19],[0:19],[0:19],[0:19],[0:19],[0:19],[15:19],[0:19],[0:19],[0:19],[0:19],[0:19],[3:5],0
[0:19],[0:19],[0:19],[0:19],[0:19],[0:19],[0:19],[0:19],[0:19],[0:19],[0:19],[0:19],[0:19],[7:11],[0:19],[0:19],[0:19],[0:19],[0:19],[6:11],1
[0:19],[0:19],[0:19],[0:19],[0:19],[0:19],[0:19],[0:19],[0:19],[0:19],[0:19],[0:19],[0:19],[7:11],[0:19],[0:19],[0:19],[0:19],[0:19],[6:11],0
[0:19],[0:19],[0:19],[0:19],[0:19],[0:19],[0:19],[0:19],[0:19],[0:19],[0:19],[0:19],[0:19],[7:11],[0:19],[0:19],[0:19],[0:19],[0:19],[6:11],0
[0:19],[0:19],[0:19],[0:19],[0:19],[0:19],[0:19],[0:19],[0:19],[0:19],[0:19],[0:19],[0:19],[12:14],[0:19],[0:19],[0:19],[0:19],[0:19],[6:11],0
[0:19],[0:19],[0:19],[0:19],[0:19],[0:19],[0:19],[0:19],[0:19],[0:19],[0:19],[0:19],[0:19],[7:11],[0:19],[0:19],[0:19],[0:19],[0:19],[6:11],0
[0:19],[0:19],[0:19],[0:19],[0:19],[0:19],[0:19],[0:19],[0:19],[0:19],[0:19],[0:19],[0:19],[7:11],[0:19],[0:19],[0:19],[0:19],[0:19],[6:11],1
[0:19],[0:19],[0:19],[0:19],[0:19],[0:19],[0:19],[0:19],[0:19],[0:19],[0:19],[0:19],[0:19],[12:14],[0:19],[0:19],[0:19],[0:19],[0:19],[6:11],0
[0:19],[0:19],[0:19],[0:19],[0:19],[0:19],[0:19],[0:19],[0:19],[0:19],[0:19],[0:19],[0:19],[7:11],[0:19],[0:19],[0:19],[0:19],[0:19],[6:11],1
[0:19],[0:19],[0:19],[0:19],[0:19],[0:19],[0:19],[0:19],[0:19],[0:19],[0:19],[0:19],[0:19],[7:11],[0:19],[0:19],[0:19],[0:19],[0:19],[6:11],1
[0:19],[0:19],[0:19],[0:19],[0:19],[0:19],[0:19],[0:19],[0:19],[0:19],[0:19],[0:19],[0:19],[7:11],[0:19],[0:19],[0:19],[0:19],[0:19],[6:11],1
[0:19],[0:19],[0:19],[0:19],[0:19],[0:19],[0:19],[0:19],[0:19],[0:19],[0:19],[0:19],[0:19],[7:11],[0:19],[0:19],[0:19],[0:19],[0:19],[12:15],0
[0:19],[0:19],[0:19],[0:19],[0:19],[0:19],[0:19],[0:19],[0:19],[0:19],[0:19],[0:19],[0:19],[7:11],[0:19],[0:19],[0:19],[0:19],[0:19],[6:11],1
[0:19],[0:19],[0:19],[0:19],[0:19],[0:19],[0:19],[0:19],[0:19],[0:19],[0:19],[0:19],[0:19],[12:14],[0:19],[0:19],[0:19],[0:19],[0:19],[6:11],1
[0:19],[0:19],[0:19],[0:19],[0:19],[0:19],[0:19],[0:19],[0:19],[0:19],[0:19],[0:19],[0:19],[7:11],[0:19],[0:19],[0:19],[0:19],[0:19],[6:11],1
[0:19],[0:19],[0:19],[0:19],[0:19],[0:19],[0:19],[0:19],[0:19],[0:19],[0:19],[0:19],[0:19],[7:11],[0:19],[0:19],[0:19],[0:19],[0:19],[6:11],0
[0:19],[0:19],[0:19],[0:19],[0:19],[0:19],[0:19],[0:19],[0:19],[0:19],[0:19],[0:19],[0:19],[7:11],[0:19],[0:19],[0:19],[0:19],[0:19],[6:11],0
[0:19],[0:19],[0:19],[0:19],[0:19],[0:19],[0:19],[0:19],[0:19],[0:19],[0:19],[0:19],[0:19],[7:11],[0:19],[0:19],[0:19],[0:19],[0:19],[12:15],0
[0:19],[0:19],[0:19],[0:19],[0:19],[0:19],[0:19],[0:19],[0:19],[0:19],[0:19],[0:19],[0:19],[7:11],[0:19],[0:19],[0:19],[0:19],[0:19],[12:15],0
[0:19],[0:19],[0:19],[0:19],[0:19],[0:19],[0:19],[0:19],[0:19],[0:19],[0:19],[0:19],[0:19],[12:14],[0:19],[0:19],[0:19],[0:19],[0:19],[6:11],1
[0:19],[0:19],[0:19],[0:19],[0:19],[0:19],[0:19],[0:19],[0:19],[0:19],[0:19],[0:19],[0:19],[12:14],[0:19],[0:19],[0:19],[0:19],[0:19],[6:11],1
[0:19],[0:19],[0:19],[0:19],[0:19],[0:19],[0:19],[0:19],[0:19],[0:19],[0:19],[0:19],[0:19],[7:11],[0:19],[0:19],[0:19],[0:19],[0:19],[6:11],1
[0:19],[0:19],[0:19],[0:19],[0:19],[0:19],[0:19],[0:19],[0:19],[0:19],[0:19],[0:19],[0:19],[7:11],[0:19],[0:19],[0:19],[0:19],[0:19],[6:11],0
[0:19],[0:19],[0:19],[0:19],[0:19],[0:19],[0:19],[0:19],[0:19],[0:19],[0:19],[0:19],[0:19],[7:11],[0:19],[0:19],[0:19],[0:19],[0:19],[3:5],0
[0:19],[0:19],[0:19],[0:19],[0:19],[0:19],[0:19],[0:19],[0:19],[0:19],[0:19],[0:19],[0:19],[7:11],[0:19],[0:19],[0:19],[0:19],[0:19],[6:11],1
[0:19],[0:19],[0:19],[0:19],[0:19],[0:19],[0:19],[0:19],[0:19],[0:19],[0:19],[0:19],[0:19],[7:11],[0:19],[0:19],[0:19],[0:19],[0:19],[6:11],0
[0:19],[0:19],[0:19],[0:19],[0:19],[0:19],[0:19],[0:19],[0:19],[0:19],[0:19],[0:19],[0:19],[12:14],[0:19],[0:19],[0:19],[0:19],[0:19],[6:11],0
[0:19],[0:19],[0:19],[0:19],[0:19],[0:19],[0:19],[0:19],[0:19],[0:19],[0:19],[0:19],[0:19],[7:11],[0:19],[0:19],[0:19],[0:19],[0:19],[6:11],1
[0:19],[0:19],[0:19],[0:19],[0:19],[0:19],[0:19],[0:19],[0:19],[0:19],[0:19],[0:19],[0:19],[7:11],[0:19],[0:19],[0:19],[0:19],[0:19],[6:11],0
[0:19],[0:19],[0:19],[0:19],[0:19],[0:19],[0:19],[0:19],[0:19],[0:19],[0:19],[0:19],[0:19],[7:11],[0:19],[0:19],[0:19],[0:19],[0:19],[6:11],0
[0:19],[0:19],[0:19],[0:19],[0:19],[0:19],[0:19],[0:19],[0:19],[0:19],[0:19],[0:19],[0:19],[7:11],[0:19],[0:19],[0:19],[0:19],[0:19],[6:11],1
[0:19],[0:19],[0:19],[0:19],[0:19],[0:19],[0:19],[0:19],[0:19],[0:19],[0:19],[0:19],[0:19],[12:14],[0:19],[0:19],[0:19],[0:19],[0:19],[6:11],1
[0:19],[0:19],[0:19],[0:19],[0:19],[0:19],[0:19],[0:19],[0:19],[0:19],[0:19],[0:19],[0:19],[7:11],[0:19],[0:19],[0:19],[0:19],[0:19],[6:11],1
[0:19],[0:19],[0:19],[0:19],[0:19],[0:19],[0:19],[0:19],[0:19],[0:19],[0:19],[0:19],[0:19],[7:11],[0:19],[0:19],[0:19],[0:19],[0:19],[6:11],1
[0:19],[0:19],[0:19],[0:19],[0:19],[0:19],[0:19],[0:19],[0:19],[0:19],[0:19],[0:19],[0:19],[12:14],[0:19],[0:19],[0:19],[0:19],[0:19],[6:11],1
[0:19],[0:19],[0:19],[0:19],[0:19],[0:19],[0:19],[0:19],[0:19],[0:19],[0:19],[0:19],[0:19],[12:14],[0:19],[0:19],[0:19],[0:19],[0:19],[6:11],1
[0:19],[0:19],[0:19],[0:19],[0:19],[0:19],[0:19],[0:19],[0:19],[0:19],[0:19],[0:19],[0:19],[7:11],[0:19],[0:19],[0:19],[0:19],[0:19],[6:11],1
[0:19],[0:19],[0:19],[0:19],[0:19],[0:19],[0:19],[0:19],[0:19],[0:19],[0:19],[0:19],[0:19],[7:11],[0:19],[0:19],[0:19],[0:19],[0:19],[6:11],1
[0:19],[0:19],[0:19],[0:19],[0:19],[0:19],[0:19],[0:19],[0:19],[0:19],[0:19],[0:19],[0:19],[0:6],[0:19],[0:19],[0:19],[0:19],[0:19],[6:11],0
[0:19],[0:19],[0:19],[0:19],[0:19],[0:19],[0:19],[0:19],[0:19],[0:19],[0:19],[0:19],[0:19],[7:11],[0:19],[0:19],[0:19],[0:19],[0:19],[6:11],1
[0:19],[0:19],[0:19],[0:19],[0:19],[0:19],[0:19],[0:19],[0:19],[0:19],[0:19],[0:19],[0:19],[12:14],[0:19],[0:19],[0:19],[0:19],[0:19],[6:11],1
[0:19],[0:19],[0:19],[0:19],[0:19],[0:19],[0:19],[0:19],[0:19],[0:19],[0:19],[0:19],[0:19],[7:11],[0:19],[0:19],[0:19],[0:19],[0:19],[6:11],1
[0:19],[0:19],[0:19],[0:19],[0:19],[0:19],[0:19],[0:19],[0:19],[0:19],[0:19],[0:19],[0:19],[7:11],[0:19],[0:19],[0:19],[0:19],[0:19],[6:11],0
[0:19],[0:19],[0:19],[0:19],[0:19],[0:19],[0:19],[0:19],[0:19],[0:19],[0:19],[0:19],[0:19],[12:14],[0:19],[0:19],[0:19],[0:19],[0:19],[6:11],1
[0:19],[0:19],[0:19],[0:19],[0:19],[0:19],[0:19],[0:19],[0:19],[0:19],[0:19],[0:19],[0:19],[7:11],[0:19],[0:19],[0:19],[0:19],[0:19],[6:11],1
[0:19],[0:19],[0:19],[0:19],[0:19],[0:19],[0:19],[0:19],[0:19],[0:19],[0:19],[0:19],[0:19],[0:6],[0:19],[0:19],[0:19],[0:19],[0:19],[6:11],0
[0:19],[0:19],[0:19],[0:19],[0:19],[0:19],[0:19],[0:19],[0:19],[0:19],[0:19],[0:19],[0:19],[7:11],[0:19],[0:19],[0:19],[0:19],[0:19],[12:15],1
[0:19],[0:19],[0:19],[0:19],[0:19],[0:19],[0:19],[0:19],[0:19],[0:19],[0:19],[0:19],[0:19],[12:14],[0:19],[0:19],[0:19],[0:19],[0:19],[6:11],1
[0:19],[0:19],[0:19],[0:19],[0:19],[0:19],[0:19],[0:19],[0:19],[0:19],[0:19],[0:19],[0:19],[7:11],[0:19],[0:19],[0:19],[0:19],[0:19],[6:11],1
[0:19],[0:19],[0:19],[0:19],[0:19],[0:19],[0:19],[0:19],[0:19],[0:19],[0:19],[0:19],[0:19],[7:11],[0:19],[0:19],[0:19],[0:19],[0:19],[6:11],1
[0:19],[0:19],[0:19],[0:19],[0:19],[0:19],[0:19],[0:19],[0:19],[0:19],[0:19],[0:19],[0:19],[7:11],[0:19],[0:19],[0:19],[0:19],[0:19],[6:11],1
[0:19],[0:19],[0:19],[0:19],[0:19],[0:19],[0:19],[0:19],[0:19],[0:19],[0:19],[0:19],[0:19],[7:11],[0:19],[0:19],[0:19],[0:19],[0:19],[6:11],1
[0:19],[0:19],[0:19],[0:19],[0:19],[0:19],[0:19],[0:19],[0:19],[0:19],[0:19],[0:19],[0:19],[7:11],[0:19],[0:19],[0:19],[0:19],[0:19],[12:15],0
[0:19],[0:19],[0:19],[0:19],[0:19],[0:19],[0:19],[0:19],[0:19],[0:19],[0:19],[0:19],[0:19],[7:11],[0:19],[0:19],[0:19],[0:19],[0:19],[6:11],1
[0:19],[0:19],[0:19],[0:19],[0:19],[0:19],[0:19],[0:19],[0:19],[0:19],[0:19],[0:19],[0:19],[7:11],[0:19],[0:19],[0:19],[0:19],[0:19],[12:15],1
[0:19],[0:19],[0:19],[0:19],[0:19],[0:19],[0:19],[0:19],[0:19],[0:19],[0:19],[0:19],[0:19],[7:11],[0:19],[0:19],[0:19],[0:19],[0:19],[6:11],1
[0:19],[0:19],[0:19],[0:19],[0:19],[0:19],[0:19],[0:19],[0:19],[0:19],[0:19],[0:19],[0:19],[7:11],[0:19],[0:19],[0:19],[0:19],[0:19],[6:11],0
[0:19],[0:19],[0:19],[0:19],[0:19],[0:19],[0:19],[0:19],[0:19],[0:19],[0:19],[0:19],[0:19],[7:11],[0:19],[0:19],[0:19],[0:19],[0:19],[6:11],1
[0:19],[0:19],[0:19],[0:19],[0:19],[0:19],[0:19],[0:19],[0:19],[0:19],[0:19],[0:19],[0:19],[7:11],[0:19],[0:19],[0:19],[0:19],[0:19],[6:11],1
[0:19],[0:19],[0:19],[0:19],[0:19],[0:19],[0:19],[0:19],[0:19],[0:19],[0:19],[0:19],[0:19],[7:11],[0:19],[0:19],[0:19],[0:19],[0:19],[6:11],1
[0:19],[0:19],[0:19],[0:19],[0:19],[0:19],[0:19],[0:19],[0:19],[0:19],[0:19],[0:19],[0:19],[12:14],[0:19],[0:19],[0:19],[0:19],[0:19],[6:11],0
[0:19],[0:19],[0:19],[0:19],[0:19],[0:19],[0:19],[0:19],[0:19],[0:19],[0:19],[0:19],[0:19],[7:11],[0:19],[0:19],[0:19],[0:19],[0:19],[6:11],0
[0:19],[0:19],[0:19],[0:19],[0:19],[0:19],[0:19],[0:19],[0:19],[0:19],[0:19],[0:19],[0:19],[7:11],[0:19],[0:19],[0:19],[0:19],[0:19],[6:11],1
[0:19],[0:19],[0:19],[0:19],[0:19],[0:19],[0:19],[0:19],[0:19],[0:19],[0:19],[0:19],[0:19],[7:11],[0:19],[0:19],[0:19],[0:19],[0:19],[6:11],0
[0:19],[0:19],[0:19],[0:19],[0:19],[0:19],[0:19],[0:19],[0:19],[0:19],[0:19],[0:19],[0:19],[7:11],[0:19],[0:19],[0:19],[0:19],[0:19],[6:11],1
[0:19],[0:19],[0:19],[0:19],[0:19],[0:19],[0:19],[0:19],[0:19],[0:19],[0:19],[0:19],[0:19],[15:19],[0:19],[0:19],[0:19],[0:19],[0:19],[12:15],0
[0:19],[0:19],[0:19],[0:19],[0:19],[0:19],[0:19],[0:19],[0:19],[0:19],[0:19],[0:19],[0:19],[7:11],[0:19],[0:19],[0:19],[0:19],[0:19],[6:11],0
[0:19],[0:19],[0:19],[0:19],[0:19],[0:19],[0:19],[0:19],[0:19],[0:19],[0:19],[0:19],[0:19],[12:14],[0:19],[0:19],[0:19],[0:19],[0:19],[6:11],1
[0:19],[0:19],[0:19],[0:19],[0:19],[0:19],[0:19],[0:19],[0:19],[0:19],[0:19],[0:19],[0:19],[7:11],[0:19],[0:19],[0:19],[0:19],[0:19],[6:11],1
[0:19],[0:19],[0:19],[0:19],[0:19],[0:19],[0:19],[0:19],[0:19],[0:19],[0:19],[0:19],[0:19],[7:11],[0:19],[0:19],[0:19],[0:19],[0:19],[6:11],0
[0:19],[0:19],[0:19],[0:19],[0:19],[0:19],[0:19],[0:19],[0:19],[0:19],[0:19],[0:19],[0:19],[7:11],[0:19],[0:19],[0:19],[0:19],[0:19],[6:11],0
[0:19],[0:19],[0:19],[0:19],[0:19],[0:19],[0:19],[0:19],[0:19],[0:19],[0:19],[0:19],[0:19],[7:11],[0:19],[0:19],[0:19],[0:19],[0:19],[6:11],1
[0:19],[0:19],[0:19],[0:19],[0:19],[0:19],[0:19],[0:19],[0:19],[0:19],[0:19],[0:19],[0:19],[7:11],[0:19],[0:19],[0:19],[0:19],[0:19],[12:15],1
[0:19],[0:19],[0:19],[0:19],[0:19],[0:19],[0:19],[0:19],[0:19],[0:19],[0:19],[0:19],[0:19],[7:11],[0:19],[0:19],[0:19],[0:19],[0:19],[6:11],0
[0:19],[0:19],[0:19],[0:19],[0:19],[0:19],[0:19],[0:19],[0:19],[0:19],[0:19],[0:19],[0:19],[7:11],[0:19],[0:19],[0:19],[0:19],[0:19],[12:15],0
[0:19],[0:19],[0:19],[0:19],[0:19],[0:19],[0:19],[0:19],[0:19],[0:19],[0:19],[0:19],[0:19],[12:14],[0:19],[0:19],[0:19],[0:19],[0:19],[6:11],1
[0:19],[0:19],[0:19],[0:19],[0:19],[0:19],[0:19],[0:19],[0:19],[0:19],[0:19],[0:19],[0:19],[7:11],[0:19],[0:19],[0:19],[0:19],[0:19],[6:11],0
[0:19],[0:19],[0:19],[0:19],[0:19],[0:19],[0:19],[0:19],[0:19],[0:19],[0:19],[0:19],[0:19],[7:11],[0:19],[0:19],[0:19],[0:19],[0:19],[6:11],1
[0:19],[0:19],[0:19],[0:19],[0:19],[0:19],[0:19],[0:19],[0:19],[0:19],[0:19],[0:19],[0:19],[7:11],[0:19],[0:19],[0:19],[0:19],[0:19],[6:11],1
[0:19],[0:19],[0:19],[0:19],[0:19],[0:19],[0:19],[0:19],[0:19],[0:19],[0:19],[0:19],[0:19],[7:11],[0:19],[0:19],[0:19],[0:19],[0:19],[6:11],0
[0:19],[0:19],[0:19],[0:19],[0:19],[0:19],[0:19],[0:19],[0:19],[0:19],[0:19],[0:19],[0:19],[7:11],[0:19],[0:19],[0:19],[0:19],[0:19],[12:15],1
[0:19],[0:19],[0:19],[0:19],[0:19],[0:19],[0:19],[0:19],[0:19],[0:19],[0:19],[0:19],[0:19],[7:11],[0:19],[0:19],[0:19],[0:19],[0:19],[6:11],1
[0:19],[0:19],[0:19],[0:19],[0:19],[0:19],[0:19],[0:19],[0:19],[0:19],[0:19],[0:19],[0:19],[12:14],[0:19],[0:19],[0:19],[0:19],[0:19],[6:11],0
[0:19],[0:19],[0:19],[0:19],[0:19],[0:19],[0:19],[0:19],[0:19],[0:19],[0:19],[0:19],[0:19],[7:11],[0:19],[0:19],[0:19],[0:19],[0:19],[6:11],0
[0:19],[0:19],[0:19],[0:19],[0:19],[0:19],[0:19],[0:19],[0:19],[0:19],[0:19],[0:19],[0:19],[7:11],[0:19],[0:19],[0:19],[0:19],[0:19],[6:11],0
[0:19],[0:19],[0:19],[0:19],[0:19],[0:19],[0:19],[0:19],[0:19],[0:19],[0:19],[0:19],[0:19],[7:11],[0:19],[0:19],[0:19],[0:19],[0:19],[6:11],1
[0:19],[0:19],[0:19],[0:19],[0:19],[0:19],[0:19],[0:19],[0:19],[0:19],[0:19],[0:19],[0:19],[7:11],[0:19],[0:19],[0:19],[0:19],[0:19],[6:11],0
[0:19],[0:19],[0:19],[0:19],[0:19],[0:19],[0:19],[0:19],[0:19],[0:19],[0:19],[0:19],[0:19],[7:11],[0:19],[0:19],[0:19],[0:19],[0:19],[3:5],0
[0:19],[0:19],[0:19],[0:19],[0:19],[0:19],[0:19],[0:19],[0:19],[0:19],[0:19],[0:19],[0:19],[7:11],[0:19],[0:19],[0:19],[0:19],[0:19],[6:11],1
[0:19],[0:19],[0:19],[0:19],[0:19],[0:19],[0:19],[0:19],[0:19],[0:19],[0:19],[0:19],[0:19],[7:11],[0:19],[0:19],[0:19],[0:19],[0:19],[12:15],0
[0:19],[0:19],[0:19],[0:19],[0:19],[0:19],[0:19],[0:19],[0:19],[0:19],[0:19],[0:19],[0:19],[7:11],[0:19],[0:19],[0:19],[0:19],[0:19],[6:11],1
[0:19],[0:19],[0:19],[0:19],[0:19],[0:19],[0:19],[0:19],[0:19],[0:19],[0:19],[0:19],[0:19],[7:11],[0:19],[0:19],[0:19],[0:19],[0:19],[6:11],0
[0:19],[0:19],[0:19],[0:19],[0:19],[0:19],[0:19],[0:19],[0:19],[0:19],[0:19],[0:19],[0:19],[7:11],[0:19],[0:19],[0:19],[0:19],[0:19],[12:15],1
[0:19],[0:19],[0:19],[0:19],[0:19],[0:19],[0:19],[0:19],[0:19],[0:19],[0:19],[0:19],[0:19],[7:11],[0:19],[0:19],[0:19],[0:19],[0:19],[6:11],1
[0:19],[0:19],[0:19],[0:19],[0:19],[0:19],[0:19],[0:19],[0:19],[0:19],[0:19],[0:19],[0:19],[7:11],[0:19],[0:19],[0:19],[0:19],[0:19],[6:11],1
[0:19],[0:19],[0:19],[0:19],[0:19],[0:19],[0:19],[0:19],[0:19],[0:19],[0:19],[0:19],[0:19],[7:11],[0:19],[0:19],[0:19],[0:19],[0:19],[6:11],1
[0:19],[0:19],[0:19],[0:19],[0:19],[0:19],[0:19],[0:19],[0:19],[0:19],[0:19],[0:19],[0:19],[12:14],[0:19],[0:19],[0:19],[0:19],[0:19],[6:11],1
[0:19],[0:19],[0:19],[0:19],[0:19],[0:19],[0:19],[0:19],[0:19],[0:19],[0:19],[0:19],[0:19],[7:11],[0:19],[0:19],[0:19],[0:19],[0:19],[6:11],1
[0:19],[0:19],[0:19],[0:19],[0:19],[0:19],[0:19],[0:19],[0:19],[0:19],[0:19],[0:19],[0:19],[12:14],[0:19],[0:19],[0:19],[0:19],[0:19],[6:11],0
[0:19],[0:19],[0:19],[0:19],[0:19],[0:19],[0:19],[0:19],[0:19],[0:19],[0:19],[0:19],[0:19],[7:11],[0:19],[0:19],[0:19],[0:19],[0:19],[6:11],0
[0:19],[0:19],[0:19],[0:19],[0:19],[0:19],[0:19],[0:19],[0:19],[0:19],[0:19],[0:19],[0:19],[7:11],[0:19],[0:19],[0:19],[0:19],[0:19],[6:11],0
[0:19],[0:19],[0:19],[0:19],[0:19],[0:19],[0:19],[0:19],[0:19],[0:19],[0:19],[0:19],[0:19],[7:11],[0:19],[0:19],[0:19],[0:19],[0:19],[6:11],0
[0:19],[0:19],[0:19],[0:19],[0:19],[0:19],[0:19],[0:19],[0:19],[0:19],[0:19],[0:19],[0:19],[7:11],[0:19],[0:19],[0:19],[0:19],[0:19],[6:11],1
[0:19],[0:19],[0:19],[0:19],[0:19],[0:19],[0:19],[0:19],[0:19],[0:19],[0:19],[0:19],[0:19],[12:14],[0:19],[0:19],[0:19],[0:19],[0:19],[6:11],0
[0:19],[0:19],[0:19],[0:19],[0:19],[0:19],[0:19],[0:19],[0:19],[0:19],[0:19],[0:19],[0:19],[7:11],[0:19],[0:19],[0:19],[0:19],[0:19],[3:5],0
[0:19],[0:19],[0:19],[0:19],[0:19],[0:19],[0:19],[0:19],[0:19],[0:19],[0:19],[0:19],[0:19],[7:11],[0:19],[0:19],[0:19],[0:19],[0:19],[6:11],0
[0:19],[0:19],[0:19],[0:19],[0:19],[0:19],[0:19],[0:19],[0:19],[0:19],[0:19],[0:19],[0:19],[7:11],[0:19],[0:19],[0:19],[0:19],[0:19],[6:11],1
[0:19],[0:19],[0:19],[0:19],[0:19],[0:19],[0:19],[0:19],[0:19],[0:19],[0:19],[0:19],[0:19],[7:11],[0:19],[0:19],[0:19],[0:19],[0:19],[6:11],1
[0:19],[0:19],[0:19],[0:19],[0:19],[0:19],[0:19],[0:19],[0:19],[0:19],[0:19],[0:19],[0:19],[12:14],[0:19],[0:19],[0:19],[0:19],[0:19],[6:11],1
[0:19],[0:19],[0:19],[0:19],[0:19],[0:19],[0:19],[0:19],[0:19],[0:19],[0:19],[0:19],[0:19],[7:11],[0:19],[0:19],[0:19],[0:19],[0:19],[6:11],1
[0:19],[0:19],[0:19],[0:19],[0:19],[0:19],[0:19],[0:19],[0:19],[0:19],[0:19],[0:19],[0:19],[7:11],[0:19],[0:19],[0:19],[0:19],[0:19],[12:15],0
[0:19],[0:19],[0:19],[0:19],[0:19],[0:19],[0:19],[0:19],[0:19],[0:19],[0:19],[0:19],[0:19],[7:11],[0:19],[0:19],[0:19],[0:19],[0:19],[6:11],1
[0:19],[0:19],[0:19],[0:19],[0:19],[0:19],[0:19],[0:19],[0:19],[0:19],[0:19],[0:19],[0:19],[12:14],[0:19],[0:19],[0:19],[0:19],[0:19],[6:11],1
[0:19],[0:19],[0:19],[0:19],[0:19],[0:19],[0:19],[0:19],[0:19],[0:19],[0:19],[0:19],[0:19],[7:11],[0:19],[0:19],[0:19],[0:19],[0:19],[6:11],1
[0:19],[0:19],[0:19],[0:19],[0:19],[0:19],[0:19],[0:19],[0:19],[0:19],[0:19],[0:19],[0:19],[7:11],[0:19],[0:19],[0:19],[0:19],[0:19],[12:15],0
[0:19],[0:19],[0:19],[0:19],[0:19],[0:19],[0:19],[0:19],[0:19],[0:19],[0:19],[0:19],[0:19],[7:11],[0:19],[0:19],[0:19],[0:19],[0:19],[6:11],1
[0:19],[0:19],[0:19],[0:19],[0:19],[0:19],[0:19],[0:19],[0:19],[0:19],[0:19],[0:19],[0:19],[12:14],[0:19],[0:19],[0:19],[0:19],[0:19],[3:5],0
[0:19],[0:19],[0:19],[0:19],[0:19],[0:19],[0:19],[0:19],[0:19],[0:19],[0:19],[0:19],[0:19],[7:11],[0:19],[0:19],[0:19],[0:19],[0:19],[6:11],1
[0:19],[0:19],[0:19],[0:19],[0:19],[0:19],[0:19],[0:19],[0:19],[0:19],[0:19],[0:19],[0:19],[7:11],[0:19],[0:19],[0:19],[0:19],[0:19],[6:11],0
[0:19],[0:19],[0:19],[0:19],[0:19],[0:19],[0:19],[0:19],[0:19],[0:19],[0:19],[0:19],[0:19],[12:14],[0:19],[0:19],[0:19],[0:19],[0:19],[6:11],0
[0:19],[0:19],[0:19],[0:19],[0:19],[0:19],[0:19],[0:19],[0:19],[0:19],[0:19],[0:19],[0:19],[7:11],[0:19],[0:19],[0:19],[0:19],[0:19],[6:11],1
[0:19],[0:19],[0:19],[0:19],[0:19],[0:19],[0:19],[0:19],[0:19],[0:19],[0:19],[0:19],[0:19],[7:11],[0:19],[0:19],[0:19],[0:19],[0:19],[6:11],0
[0:19],[0:19],[0:19],[0:19],[0:19],[0:19],[0:19],[0:19],[0:19],[0:19],[0:19],[0:19],[0:19],[7:11],[0:19],[0:19],[0:19],[0:19],[0:19],[6:11],1
[0:19],[0:19],[0:19],[0:19],[0:19],[0:19],[0:19],[0:19],[0:19],[0:19],[0:19],[0:19],[0:19],[12:14],[0:19],[0:19],[0:19],[0:19],[0:19],[6:11],1
[0:19],[0:19],[0:19],[0:19],[0:19],[0:19],[0:19],[0:19],[0:19],[0:19],[0:19],[0:19],[0:19],[7:11],[0:19],[0:19],[0:19],[0:19],[0:19],[6:11],1
[0:19],[0:19],[0:19],[0:19],[0:19],[0:19],[0:19],[0:19],[0:19],[0:19],[0:19],[0:19],[0:19],[0:6],[0:19],[0:19],[0:19],[0:19],[0:19],[6:11],0
[0:19],[0:19],[0:19],[0:19],[0:19],[0:19],[0:19],[0:19],[0:19],[0:19],[0:19],[0:19],[0:19],[7:11],[0:19],[0:19],[0:19],[0:19],[0:19],[6:11],0
[0:19],[0:19],[0:19],[0:19],[0:19],[0:19],[0:19],[0:19],[0:19],[0:19],[0:19],[0:19],[0:19],[7:11],[0:19],[0:19],[0:19],[0:19],[0:19],[6:11],0
[0:19],[0:19],[0:19],[0:19],[0:19],[0:19],[0:19],[0:19],[0:19],[0:19],[0:19],[0:19],[0:19],[15:19],[0:19],[0:19],[0:19],[0:19],[0:19],[6:11],0
[0:19],[0:19],[0:19],[0:19],[0:19],[0:19],[0:19],[0:19],[0:19],[0:19],[0:19],[0:19],[0:19],[0:6],[0:19],[0:19],[0:19],[0:19],[0:19],[6:11],0
[0:19],[0:19],[0:19],[0:19],[0:19],[0:19],[0:19],[0:19],[0:19],[0:19],[0:19],[0:19],[0:19],[12:14],[0:19],[0:19],[0:19],[0:19],[0:19],[6:11],1
[0:19],[0:19],[0:19],[0:19],[0:19],[0:19],[0:19],[0:19],[0:19],[0:19],[0:19],[0:19],[0:19],[7:11],[0:19],[0:19],[0:19],[0:19],[0:19],[6:11],0
[0:19],[0:19],[0:19],[0:19],[0:19],[0:19],[0:19],[0:19],[0:19],[0:19],[0:19],[0:19],[0:19],[12:14],[0:19],[0:19],[0:19],[0:19],[0:19],[6:11],1
[0:19],[0:19],[0:19],[0:19],[0:19],[0:19],[0:19],[0:19],[0:19],[0:19],[0:19],[0:19],[0:19],[7:11],[0:19],[0:19],[0:19],[0:19],[0:19],[6:11],0
[0:19],[0:19],[0:19],[0:19],[0:19],[0:19],[0:19],[0:19],[0:19],[0:19],[0:19],[0:19],[0:19],[7:11],[0:19],[0:19],[0:19],[0:19],[0:19],[12:15],0
[0:19],[0:19],[0:19],[0:19],[0:19],[0:19],[0:19],[0:19],[0:19],[0:19],[0:19],[0:19],[0:19],[0:6],[0:19],[0:19],[0:19],[0:19],[0:19],[6:11],0
[0:19],[0:19],[0:19],[0:19],[0:19],[0:19],[0:19],[0:19],[0:19],[0:19],[0:19],[0:19],[0:19],[7:11],[0:19],[0:19],[0:19],[0:19],[0:19],[6:11],0
[0:19],[0:19],[0:19],[0:19],[0:19],[0:19],[0:19],[0:19],[0:19],[0:19],[0:19],[0:19],[0:19],[7:11],[0:19],[0:19],[0:19],[0:19],[0:19],[6:11],0
[0:19],[0:19],[0:19],[0:19],[0:19],[0:19],[0:19],[0:19],[0:19],[0:19],[0:19],[0:19],[0:19],[7:11],[0:19],[0:19],[0:19],[0:19],[0:19],[6:11],1
[0:19],[0:19],[0:19],[0:19],[0:19],[0:19],[0:19],[0:19],[0:19],[0:19],[0:19],[0:19],[0:19],[12:14],[0:19],[0:19],[0:19],[0:19],[0:19],[6:11],0
[0:19],[0:19],[0:19],[0:19],[0:19],[0:19],[0:19],[0:19],[0:19],[0:19],[0:19],[0:19],[0:19],[7:11],[0:19],[0:19],[0:19],[0:19],[0:19],[6:11],1
[0:19],[0:19],[0:19],[0:19],[0:19],[0:19],[0:19],[0:19],[0:19],[0:19],[0:19],[0:19],[0:19],[7:11],[0:19],[0:19],[0:19],[0:19],[0:19],[6:11],1
[0:19],[0:19],[0:19],[0:19],[0:19],[0:19],[0:19],[0:19],[0:19],[0:19],[0:19],[0:19],[0:19],[7:11],[0:19],[0:19],[0:19],[0:19],[0:19],[6:11],1
[0:19],[0:19],[0:19],[0:19],[0:19],[0:19],[0:19],[0:19],[0:19],[0:19],[0:19],[0:19],[0:19],[7:11],[0:19],[0:19],[0:19],[0:19],[0:19],[6:11],1
[0:19],[0:19],[0:19],[0:19],[0:19],[0:19],[0:19],[0:19],[0:19],[0:19],[0:19],[0:19],[0:19],[7:11],[0:19],[0:19],[0:19],[0:19],[0:19],[6:11],0
[0:19],[0:19],[0:19],[0:19],[0:19],[0:19],[0:19],[0:19],[0:19],[0:19],[0:19],[0:19],[0:19],[7:11],[0:19],[0:19],[0:19],[0:19],[0:19],[6:11],0
[0:19],[0:19],[0:19],[0:19],[0:19],[0:19],[0:19],[0:19],[0:19],[0:19],[0:19],[0:19],[0:19],[7:11],[0:19],[0:19],[0:19],[0:19],[0:19],[6:11],1
[0:19],[0:19],[0:19],[0:19],[0:19],[0:19],[0:19],[0:19],[0:19],[0:19],[0:19],[0:19],[0:19],[7:11],[0:19],[0:19],[0:19],[0:19],[0:19],[6:11],1
[0:19],[0:19],[0:19],[0:19],[0:19],[0:19],[0:19],[0:19],[0:19],[0:19],[0:19],[0:19],[0:19],[7:11],[0:19],[0:19],[0:19],[0:19],[0:19],[6:11],1
[0:19],[0:19],[0:19],[0:19],[0:19],[0:19],[0:19],[0:19],[0:19],[0:19],[0:19],[0:19],[0:19],[7:11],[0:19],[0:19],[0:19],[0:19],[0:19],[6:11],0
[0:19],[0:19],[0:19],[0:19],[0:19],[0:19],[0:19],[0:19],[0:19],[0:19],[0:19],[0:19],[0:19],[7:11],[0:19],[0:19],[0:19],[0:19],[0:19],[6:11],1
[0:19],[0:19],[0:19],[0:19],[0:19],[0:19],[0:19],[0:19],[0:19],[0:19],[0:19],[0:19],[0:19],[7:11],[0:19],[0:19],[0:19],[0:19],[0:19],[6:11],0
[0:19],[0:19],[0:19],[0:19],[0:19],[0:19],[0:19],[0:19],[0:19],[0:19],[0:19],[0:19],[0:19],[7:11],[0:19],[0:19],[0:19],[0:19],[0:19],[6:11],1
[0:19],[0:19],[0:19],[0:19],[0:19],[0:19],[0:19],[0:19],[0:19],[0:19],[0:19],[0:19],[0:19],[7:11],[0:19],[0:19],[0:19],[0:19],[0:19],[6:11],1
[0:19],[0:19],[0:19],[0:19],[0:19],[0:19],[0:19],[0:19],[0:19],[0:19],[0:19],[0:19],[0:19],[7:11],[0:19],[0:19],[0:19],[0:19],[0:19],[6:11],1
[0:19],[0:19],[0:19],[0:19],[0:19],[0:19],[0:19],[0:19],[0:19],[0:19],[0:19],[0:19],[0:19],[7:11],[0:19],[0:19],[0:19],[0:19],[0:19],[6:11],1
[0:19],[0:19],[0:19],[0:19],[0:19],[0:19],[0:19],[0:19],[0:19],[0:19],[0:19],[0:19],[0:19],[7:11],[0:19],[0:19],[0:19],[0:19],[0:19],[6:11],0
[0:19],[0:19],[0:19],[0:19],[0:19],[0:19],[0:19],[0:19],[0:19],[0:19],[0:19],[0:19],[0:19],[7:11],[0:19],[0:19],[0:19],[0:19],[0:19],[6:11],1
[0:19],[0:19],[0:19],[0:19],[0:19],[0:19],[0:19],[0:19],[0:19],[0:19],[0:19],[0:19],[0:19],[7:11],[0:19],[0:19],[0:19],[0:19],[0:19],[6:11],0
[0:19],[0:19],[0:19],[0:19],[0:19],[0:19],[0:19],[0:19],[0:19],[0:19],[0:19],[0:19],[0:19],[7:11],[0:19],[0:19],[0:19],[0:19],[0:19],[6:11],1
[0:19],[0:19],[0:19],[0:19],[0:19],[0:19],[0:19],[0:19],[0:19],[0:19],[0:19],[0:19],[0:19],[7:11],[0:19],[0:19],[0:19],[0:19],[0:19],[6:11],1
[0:19],[0:19],[0:19],[0:19],[0:19],[0:19],[0:19],[0:19],[0:19],[0:19],[0:19],[0:19],[0:19],[7:11],[0:19],[0:19],[0:19],[0:19],[0:19],[6:11],1
[0:19],[0:19],[0:19],[0:19],[0:19],[0:19],[0:19],[0:19],[0:19],[0:19],[0:19],[0:19],[0:19],[7:11],[0:19],[0:19],[0:19],[0:19],[0:19],[6:11],1
[0:19],[0:19],[0:19],[0:19],[0:19],[0:19],[0:19],[0:19],[0:19],[0:19],[0:19],[0:19],[0:19],[7:11],[0:19],[0:19],[0:19],[0:19],[0:19],[6:11],1
[0:19],[0:19],[0:19],[0:19],[0:19],[0:19],[0:19],[0:19],[0:19],[0:19],[0:19],[0:19],[0:19],[12:14],[0:19],[0:19],[0:19],[0:19],[0:19],[6:11],1
[0:19],[0:19],[0:19],[0:19],[0:19],[0:19],[0:19],[0:19],[0:19],[0:19],[0:19],[0:19],[0:19],[0:6],[0:19],[0:19],[0:19],[0:19],[0:19],[6:11],0
[0:19],[0:19],[0:19],[0:19],[0:19],[0:19],[0:19],[0:19],[0:19],[0:19],[0:19],[0:19],[0:19],[7:11],[0:19],[0:19],[0:19],[0:19],[0:19],[6:11],1
[0:19],[0:19],[0:19],[0:19],[0:19],[0:19],[0:19],[0:19],[0:19],[0:19],[0:19],[0:19],[0:19],[7:11],[0:19],[0:19],[0:19],[0:19],[0:19],[6:11],0
[0:19],[0:19],[0:19],[0:19],[0:19],[0:19],[0:19],[0:19],[0:19],[0:19],[0:19],[0:19],[0:19],[12:14],[0:19],[0:19],[0:19],[0:19],[0:19],[6:11],1
[0:19],[0:19],[0:19],[0:19],[0:19],[0:19],[0:19],[0:19],[0:19],[0:19],[0:19],[0:19],[0:19],[7:11],[0:19],[0:19],[0:19],[0:19],[0:19],[3:5],0
[0:19],[0:19],[0:19],[0:19],[0:19],[0:19],[0:19],[0:19],[0:19],[0:19],[0:19],[0:19],[0:19],[7:11],[0:19],[0:19],[0:19],[0:19],[0:19],[6:11],0
[0:19],[0:19],[0:19],[0:19],[0:19],[0:19],[0:19],[0:19],[0:19],[0:19],[0:19],[0:19],[0:19],[7:11],[0:19],[0:19],[0:19],[0:19],[0:19],[6:11],1
[0:19],[0:19],[0:19],[0:19],[0:19],[0:19],[0:19],[0:19],[0:19],[0:19],[0:19],[0:19],[0:19],[7:11],[0:19],[0:19],[0:19],[0:19],[0:19],[6:11],0
[0:19],[0:19],[0:19],[0:19],[0:19],[0:19],[0:19],[0:19],[0:19],[0:19],[0:19],[0:19],[0:19],[7:11],[0:19],[0:19],[0:19],[0:19],[0:19],[6:11],0
[0:19],[0:19],[0:19],[0:19],[0:19],[0:19],[0:19],[0:19],[0:19],[0:19],[0:19],[0:19],[0:19],[7:11],[0:19],[0:19],[0:19],[0:19],[0:19],[6:11],1
[0:19],[0:19],[0:19],[0:19],[0:19],[0:19],[0:19],[0:19],[0:19],[0:19],[0:19],[0:19],[0:19],[7:11],[0:19],[0:19],[0:19],[0:19],[0:19],[6:11],1
[0:19],[0:19],[0:19],[0:19],[0:19],[0:19],[0:19],[0:19],[0:19],[0:19],[0:19],[0:19],[0:19],[7:11],[0:19],[0:19],[0:19],[0:19],[0:19],[12:15],0
[0:19],[0:19],[0:19],[0:19],[0:19],[0:19],[0:19],[0:19],[0:19],[0:19],[0:19],[0:19],[0:19],[7:11],[0:19],[0:19],[0:19],[0:19],[0:19],[6:11],1
[0:19],[0:19],[0:19],[0:19],[0:19],[0:19],[0:19],[0:19],[0:19],[0:19],[0:19],[0:19],[0:19],[7:11],[0:19],[0:19],[0:19],[0:19],[0:19],[6:11],0
[0:19],[0:19],[0:19],[0:19],[0:19],[0:19],[0:19],[0:19],[0:19],[0:19],[0:19],[0:19],[0:19],[7:11],[0:19],[0:19],[0:19],[0:19],[0:19],[6:11],1
[0:19],[0:19],[0:19],[0:19],[0:19],[0:19],[0:19],[0:19],[0:19],[0:19],[0:19],[0:19],[0:19],[7:11],[0:19],[0:19],[0:19],[0:19],[0:19],[6:11],0
[0:19],[0:19],[0:19],[0:19],[0:19],[0:19],[0:19],[0:19],[0:19],[0:19],[0:19],[0:19],[0:19],[7:11],[0:19],[0:19],[0:19],[0:19],[0:19],[6:11],1
[0:19],[0:19],[0:19],[0:19],[0:19],[0:19],[0:19],[0:19],[0:19],[0:19],[0:19],[0:19],[0:19],[7:11],[0:19],[0:19],[0:19],[0:19],[0:19],[6:11],1
[0:19],[0:19],[0:19],[0:19],[0:19],[0:19],[0:19],[0:19],[0:19],[0:19],[0:19],[0:19],[0:19],[7:11],[0:19],[0:19],[0:19],[0:19],[0:19],[12:15],1
[0:19],[0:19],[0:19],[0:19],[0:19],[0:19],[0:19],[0:19],[0:19],[0:19],[0:19],[0:19],[0:19],[7:11],[0:19],[0:19],[0:19],[0:19],[0:19],[6:11],0
[0:19],[0:19],[0:19],[0:19],[0:19],[0:19],[0:19],[0:19],[0:19],[0:19],[0:19],[0:19],[0:19],[7:11],[0:19],[0:19],[0:19],[0:19],[0:19],[6:11],0
[0:19],[0:19],[0:19],[0:19],[0:19],[0:19],[0:19],[0:19],[0:19],[0:19],[0:19],[0:19],[0:19],[7:11],[0:19],[0:19],[0:19],[0:19],[0:19],[6:11],1
[0:19],[0:19],[0:19],[0:19],[0:19],[0:19],[0:19],[0:19],[0:19],[0:19],[0:19],[0:19],[0:19],[7:11],[0:19],[0:19],[0:19],[0:19],[0:19],[6:11],1
[0:19],[0:19],[0:19],[0:19],[0:19],[0:19],[0:19],[0:19],[0:19],[0:19],[0:19],[0:19],[0:19],[7:11],[0:19],[0:19],[0:19],[0:19],[0:19],[6:11],1
[0:19],[0:19],[0:19],[0:19],[0:19],[0:19],[0:19],[0:19],[0:19],[0:19],[0:19],[0:19],[0:19],[7:11],[0:19],[0:19],[0:19],[0:19],[0:19],[6:11],1
[0:19],[0:19],[0:19],[0:19],[0:19],[0:19],[0:19],[0:19],[0:19],[0:19],[0:19],[0:19],[0:19],[7:11],[0:19],[0:19],[0:19],[0:19],[0:19],[12:15],0
[0:19],[0:19],[0:19],[0:19],[0:19],[0:19],[0:19],[0:19],[0:19],[0:19],[0:19],[0:19],[0:19],[7:11],[0:19],[0:19],[0:19],[0:19],[0:19],[6:11],1
[0:19],[0:19],[0:19],[0:19],[0:19],[0:19],[0:19],[0:19],[0:19],[0:19],[0:19],[0:19],[0:19],[7:11],[0:19],[0:19],[0:19],[0:19],[0:19],[6:11],0
[0:19],[0:19],[0:19],[0:19],[0:19],[0:19],[0:19],[0:19],[0:19],[0:19],[0:19],[0:19],[0:19],[7:11],[0:19],[0:19],[0:19],[0:19],[0:19],[6:11],0
[0:19],[0:19],[0:19],[0:19],[0:19],[0:19],[0:19],[0:19],[0:19],[0:19],[0:19],[0:19],[0:19],[7:11],[0:19],[0:19],[0:19],[0:19],[0:19],[6:11],0
[0:19],[0:19],[0:19],[0:19],[0:19],[0:19],[0:19],[0:19],[0:19],[0:19],[0:19],[0:19],[0:19],[7:11],[0:19],[0:19],[0:19],[0:19],[0:19],[6:11],0
[0:19],[0:19],[0:19],[0:19],[0:19],[0:19],[0:19],[0:19],[0:19],[0:19],[0:19],[0:19],[0:19],[12:14],[0:19],[0:19],[0:19],[0:19],[0:19],[6:11],1
[0:19],[0:19],[0:19],[0:19],[0:19],[0:19],[0:19],[0:19],[0:19],[0:19],[0:19],[0:19],[0:19],[7:11],[0:19],[0:19],[0:19],[0:19],[0:19],[6:11],1
[0:19],[0:19],[0:19],[0:19],[0:19],[0:19],[0:19],[0:19],[0:19],[0:19],[0:19],[0:19],[0:19],[7:11],[0:19],[0:19],[0:19],[0:19],[0:19],[6:11],0
[0:19],[0:19],[0:19],[0:19],[0:19],[0:19],[0:19],[0:19],[0:19],[0:19],[0:19],[0:19],[0:19],[12:14],[0:19],[0:19],[0:19],[0:19],[0:19],[12:15],0
[0:19],[0:19],[0:19],[0:19],[0:19],[0:19],[0:19],[0:19],[0:19],[0:19],[0:19],[0:19],[0:19],[7:11],[0:19],[0:19],[0:19],[0:19],[0:19],[6:11],1
[0:19],[0:19],[0:19],[0:19],[0:19],[0:19],[0:19],[0:19],[0:19],[0:19],[0:19],[0:19],[0:19],[7:11],[0:19],[0:19],[0:19],[0:19],[0:19],[6:11],1
[0:19],[0:19],[0:19],[0:19],[0:19],[0:19],[0:19],[0:19],[0:19],[0:19],[0:19],[0:19],[0:19],[0:6],[0:19],[0:19],[0:19],[0:19],[0:19],[6:11],0
[0:19],[0:19],[0:19],[0:19],[0:19],[0:19],[0:19],[0:19],[0:19],[0:19],[0:19],[0:19],[0:19],[7:11],[0:19],[0:19],[0:19],[0:19],[0:19],[6:11],0
[0:19],[0:19],[0:19],[0:19],[0:19],[0:19],[0:19],[0:19],[0:19],[0:19],[0:19],[0:19],[0:19],[7:11],[0:19],[0:19],[0:19],[0:19],[0:19],[3:5],0
[0:19],[0:19],[0:19],[0:19],[0:19],[0:19],[0:19],[0:19],[0:19],[0:19],[0:19],[0:19],[0:19],[15:19],[0:19],[0:19],[0:19],[0:19],[0:19],[12:15],0
[0:19],[0:19],[0:19],[0:19],[0:19],[0:19],[0:19],[0:19],[0:19],[0:19],[0:19],[0:19],[0:19],[7:11],[0:19],[0:19],[0:19],[0:19],[0:19],[6:11],1
[0:19],[0:19],[0:19],[0:19],[0:19],[0:19],[0:19],[0:19],[0:19],[0:19],[0:19],[0:19],[0:19],[7:11],[0:19],[0:19],[0:19],[0:19],[0:19],[6:11],0
[0:19],[0:19],[0:19],[0:19],[0:19],[0:19],[0:19],[0:19],[0:19],[0:19],[0:19],[0:19],[0:19],[12:14],[0:19],[0:19],[0:19],[0:19],[0:19],[12:15],0
[0:19],[0:19],[0:19],[0:19],[0:19],[0:19],[0:19],[0:19],[0:19],[0:19],[0:19],[0:19],[0:19],[7:11],[0:19],[0:19],[0:19],[0:19],[0:19],[6:11],1
[0:19],[0:19],[0:19],[0:19],[0:19],[0:19],[0:19],[0:19],[0:19],[0:19],[0:19],[0:19],[0:19],[12:14],[0:19],[0:19],[0:19],[0:19],[0:19],[6:11],0
[0:19],[0:19],[0:19],[0:19],[0:19],[0:19],[0:19],[0:19],[0:19],[0:19],[0:19],[0:19],[0:19],[7:11],[0:19],[0:19],[0:19],[0:19],[0:19],[6:11],0
[0:19],[0:19],[0:19],[0:19],[0:19],[0:19],[0:19],[0:19],[0:19],[0:19],[0:19],[0:19],[0:19],[7:11],[0:19],[0:19],[0:19],[0:19],[0:19],[6:11],0
[0:19],[0:19],[0:19],[0:19],[0:19],[0:19],[0:19],[0:19],[0:19],[0:19],[0:19],[0:19],[0:19],[7:11],[0:19],[0:19],[0:19],[0:19],[0:19],[6:11],0
[0:19],[0:19],[0:19],[0:19],[0:19],[0:19],[0:19],[0:19],[0:19],[0:19],[0:19],[0:19],[0:19],[7:11],[0:19],[0:19],[0:19],[0:19],[0:19],[6:11],0
[0:19],[0:19],[0:19],[0:19],[0:19],[0:19],[0:19],[0:19],[0:19],[0:19],[0:19],[0:19],[0:19],[7:11],[0:19],[0:19],[0:19],[0:19],[0:19],[12:15],1
[0:19],[0:19],[0:19],[0:19],[0:19],[0:19],[0:19],[0:19],[0:19],[0:19],[0:19],[0:19],[0:19],[7:11],[0:19],[0:19],[0:19],[0:19],[0:19],[6:11],0
[0:19],[0:19],[0:19],[0:19],[0:19],[0:19],[0:19],[0:19],[0:19],[0:19],[0:19],[0:19],[0:19],[7:11],[0:19],[0:19],[0:19],[0:19],[0:19],[6:11],0
[0:19],[0:19],[0:19],[0:19],[0:19],[0:19],[0:19],[0:19],[0:19],[0:19],[0:19],[0:19],[0:19],[7:11],[0:19],[0:19],[0:19],[0:19],[0:19],[6:11],1
[0:19],[0:19],[0:19],[0:19],[0:19],[0:19],[0:19],[0:19],[0:19],[0:19],[0:19],[0:19],[0:19],[7:11],[0:19],[0:19],[0:19],[0:19],[0:19],[12:15],1
[0:19],[0:19],[0:19],[0:19],[0:19],[0:19],[0:19],[0:19],[0:19],[0:19],[0:19],[0:19],[0:19],[7:11],[0:19],[0:19],[0:19],[0:19],[0:19],[6:11],1
[0:19],[0:19],[0:19],[0:19],[0:19],[0:19],[0:19],[0:19],[0:19],[0:19],[0:19],[0:19],[0:19],[7:11],[0:19],[0:19],[0:19],[0:19],[0:19],[6:11],1
[0:19],[0:19],[0:19],[0:19],[0:19],[0:19],[0:19],[0:19],[0:19],[0:19],[0:19],[0:19],[0:19],[7:11],[0:19],[0:19],[0:19],[0:19],[0:19],[6:11],1
[0:19],[0:19],[0:19],[0:19],[0:19],[0:19],[0:19],[0:19],[0:19],[0:19],[0:19],[0:19],[0:19],[0:6],[0:19],[0:19],[0:19],[0:19],[0:19],[6:11],0
[0:19],[0:19],[0:19],[0:19],[0:19],[0:19],[0:19],[0:19],[0:19],[0:19],[0:19],[0:19],[0:19],[12:14],[0:19],[0:19],[0:19],[0:19],[0:19],[6:11],0
[0:19],[0:19],[0:19],[0:19],[0:19],[0:19],[0:19],[0:19],[0:19],[0:19],[0:19],[0:19],[0:19],[7:11],[0:19],[0:19],[0:19],[0:19],[0:19],[6:11],1
[0:19],[0:19],[0:19],[0:19],[0:19],[0:19],[0:19],[0:19],[0:19],[0:19],[0:19],[0:19],[0:19],[7:11],[0:19],[0:19],[0:19],[0:19],[0:19],[6:11],1
[0:19],[0:19],[0:19],[0:19],[0:19],[0:19],[0:19],[0:19],[0:19],[0:19],[0:19],[0:19],[0:19],[7:11],[0:19],[0:19],[0:19],[0:19],[0:19],[6:11],0
[0:19],[0:19],[0:19],[0:19],[0:19],[0:19],[0:19],[0:19],[0:19],[0:19],[0:19],[0:19],[0:19],[7:11],[0:19],[0:19],[0:19],[0:19],[0:19],[6:11],0
[0:19],[0:19],[0:19],[0:19],[0:19],[0:19],[0:19],[0:19],[0:19],[0:19],[0:19],[0:19],[0:19],[7:11],[0:19],[0:19],[0:19],[0:19],[0:19],[6:11],0
[0:19],[0:19],[0:19],[0:19],[0:19],[0:19],[0:19],[0:19],[0:19],[0:19],[0:19],[0:19],[0:19],[7:11],[0:19],[0:19],[0:19],[0:19],[0:19],[6:11],0
[0:19],[0:19],[0:19],[0:19],[0:19],[0:19],[0:19],[0:19],[0:19],[0:19],[0:19],[0:19],[0:19],[12:14],[0:19],[0:19],[0:19],[0:19],[0:19],[6:11],1
[0:19],[0:19],[0:19],[0:19],[0:19],[0:19],[0:19],[0:19],[0:19],[0:19],[0:19],[0:19],[0:19],[7:11],[0:19],[0:19],[0:19],[0:19],[0:19],[12:15],0
[0:19],[0:19],[0:19],[0:19],[0:19],[0:19],[0:19],[0:19],[0:19],[0:19],[0:19],[0:19],[0:19],[7:11],[0:19],[0:19],[0:19],[0:19],[0:19],[6:11],1
[0:19],[0:19],[0:19],[0:19],[0:19],[0:19],[0:19],[0:19],[0:19],[0:19],[0:19],[0:19],[0:19],[12:14],[0:19],[0:19],[0:19],[0:19],[0:19],[6:11],1
[0:19],[0:19],[0:19],[0:19],[0:19],[0:19],[0:19],[0:19],[0:19],[0:19],[0:19],[0:19],[0:19],[7:11],[0:19],[0:19],[0:19],[0:19],[0:19],[6:11],0
[0:19],[0:19],[0:19],[0:19],[0:19],[0:19],[0:19],[0:19],[0:19],[0:19],[0:19],[0:19],[0:19],[12:14],[0:19],[0:19],[0:19],[0:19],[0:19],[6:11],0
[0:19],[0:19],[0:19],[0:19],[0:19],[0:19],[0:19],[0:19],[0:19],[0:19],[0:19],[0:19],[0:19],[7:11],[0:19],[0:19],[0:19],[0:19],[0:19],[6:11],1
[0:19],[0:19],[0:19],[0:19],[0:19],[0:19],[0:19],[0:19],[0:19],[0:19],[0:19],[0:19],[0:19],[7:11],[0:19],[0:19],[0:19],[0:19],[0:19],[6:11],1
[0:19],[0:19],[0:19],[0:19],[0:19],[0:19],[0:19],[0:19],[0:19],[0:19],[0:19],[0:19],[0:19],[12:14],[0:19],[0:19],[0:19],[0:19],[0:19],[6:11],0
[0:19],[0:19],[0:19],[0:19],[0:19],[0:19],[0:19],[0:19],[0:19],[0:19],[0:19],[0:19],[0:19],[7:11],[0:19],[0:19],[0:19],[0:19],[0:19],[6:11],0
[0:19],[0:19],[0:19],[0:19],[0:19],[0:19],[0:19],[0:19],[0:19],[0:19],[0:19],[0:19],[0:19],[7:11],[0:19],[0:19],[0:19],[0:19],[0:19],[6:11],1
[0:19],[0:19],[0:19],[0:19],[0:19],[0:19],[0:19],[0:19],[0:19],[0:19],[0:19],[0:19],[0:19],[7:11],[0:19],[0:19],[0:19],[0:19],[0:19],[6:11],0
[0:19],[0:19],[0:19],[0:19],[0:19],[0:19],[0:19],[0:19],[0:19],[0:19],[0:19],[0:19],[0:19],[12:14],[0:19],[0:19],[0:19],[0:19],[0:19],[6:11],0
[0:19],[0:19],[0:19],[0:19],[0:19],[0:19],[0:19],[0:19],[0:19],[0:19],[0:19],[0:19],[0:19],[7:11],[0:19],[0:19],[0:19],[0:19],[0:19],[6:11],0
[0:19],[0:19],[0:19],[0:19],[0:19],[0:19],[0:19],[0:19],[0:19],[0:19],[0:19],[0:19],[0:19],[7:11],[0:19],[0:19],[0:19],[0:19],[0:19],[6:11],1
[0:19],[0:19],[0:19],[0:19],[0:19],[0:19],[0:19],[0:19],[0:19],[0:19],[0:19],[0:19],[0:19],[7:11],[0:19],[0:19],[0:19],[0:19],[0:19],[12:15],1
[0:19],[0:19],[0:19],[0:19],[0:19],[0:19],[0:19],[0:19],[0:19],[0:19],[0:19],[0:19],[0:19],[12:14],[0:19],[0:19],[0:19],[0:19],[0:19],[6:11],0
[0:19],[0:19],[0:19],[0:19],[0:19],[0:19],[0:19],[0:19],[0:19],[0:19],[0:19],[0:19],[0:19],[15:19],[0:19],[0:19],[0:19],[0:19],[0:19],[6:11],0
[0:19],[0:19],[0:19],[0:19],[0:19],[0:19],[0:19],[0:19],[0:19],[0:19],[0:19],[0:19],[0:19],[7:11],[0:19],[0:19],[0:19],[0:19],[0:19],[6:11],0
[0:19],[0:19],[0:19],[0:19],[0:19],[0:19],[0:19],[0:19],[0:19],[0:19],[0:19],[0:19],[0:19],[12:14],[0:19],[0:19],[0:19],[0:19],[0:19],[6:11],1
[0:19],[0:19],[0:19],[0:19],[0:19],[0:19],[0:19],[0:19],[0:19],[0:19],[0:19],[0:19],[0:19],[7:11],[0:19],[0:19],[0:19],[0:19],[0:19],[6:11],1
[0:19],[0:19],[0:19],[0:19],[0:19],[0:19],[0:19],[0:19],[0:19],[0:19],[0:19],[0:19],[0:19],[7:11],[0:19],[0:19],[0:19],[0:19],[0:19],[6:11],1
[0:19],[0:19],[0:19],[0:19],[0:19],[0:19],[0:19],[0:19],[0:19],[0:19],[0:19],[0:19],[0:19],[7:11],[0:19],[0:19],[0:19],[0:19],[0:19],[6:11],1
[0:19],[0:19],[0:19],[0:19],[0:19],[0:19],[0:19],[0:19],[0:19],[0:19],[0:19],[0:19],[0:19],[7:11],[0:19],[0:19],[0:19],[0:19],[0:19],[6:11],0
[0:19],[0:19],[0:19],[0:19],[0:19],[0:19],[0:19],[0:19],[0:19],[0:19],[0:19],[0:19],[0:19],[7:11],[0:19],[0:19],[0:19],[0:19],[0:19],[6:11],1
[0:19],[0:19],[0:19],[0:19],[0:19],[0:19],[0:19],[0:19],[0:19],[0:19],[0:19],[0:19],[0:19],[7:11],[0:19],[0:19],[0:19],[0:19],[0:19],[6:11],1
[0:19],[0:19],[0:19],[0:19],[0:19],[0:19],[0:19],[0:19],[0:19],[0:19],[0:19],[0:19],[0:19],[7:11],[0:19],[0:19],[0:19],[0:19],[0:19],[6:11],1
[0:19],[0:19],[0:19],[0:19],[0:19],[0:19],[0:19],[0:19],[0:19],[0:19],[0:19],[0:19],[0:19],[7:11],[0:19],[0:19],[0:19],[0:19],[0:19],[6:11],1
[0:19],[0:19],[0:19],[0:19],[0:19],[0:19],[0:19],[0:19],[0:19],[0:19],[0:19],[0:19],[0:19],[7:11],[0:19],[0:19],[0:19],[0:19],[0:19],[6:11],0
[0:19],[0:19],[0:19],[0:19],[0:19],[0:19],[0:19],[0:19],[0:19],[0:19],[0:19],[0:19],[0:19],[7:11],[0:19],[0:19],[0:19],[0:19],[0:19],[6:11],1
[0:19],[0:19],[0:19],[0:19],[0:19],[0:19],[0:19],[0:19],[0:19],[0:19],[0:19],[0:19],[0:19],[7:11],[0:19],[0:19],[0:19],[0:19],[0:19],[3:5],0
[0:19],[0:19],[0:19],[0:19],[0:19],[0:19],[0:19],[0:19],[0:19],[0:19],[0:19],[0:19],[0:19],[7:11],[0:19],[0:19],[0:19],[0:19],[0:19],[6:11],1
[0:19],[0:19],[0:19],[0:19],[0:19],[0:19],[0:19],[0:19],[0:19],[0:19],[0:19],[0:19],[0:19],[7:11],[0:19],[0:19],[0:19],[0:19],[0:19],[6:11],0
[0:19],[0:19],[0:19],[0:19],[0:19],[0:19],[0:19],[0:19],[0:19],[0:19],[0:19],[0:19],[0:19],[7:11],[0:19],[0:19],[0:19],[0:19],[0:19],[6:11],1
[0:19],[0:19],[0:19],[0:19],[0:19],[0:19],[0:19],[0:19],[0:19],[0:19],[0:19],[0:19],[0:19],[12:14],[0:19],[0:19],[0:19],[0:19],[0:19],[6:11],0
[0:19],[0:19],[0:19],[0:19],[0:19],[0:19],[0:19],[0:19],[0:19],[0:19],[0:19],[0:19],[0:19],[7:11],[0:19],[0:19],[0:19],[0:19],[0:19],[6:11],1
[0:19],[0:19],[0:19],[0:19],[0:19],[0:19],[0:19],[0:19],[0:19],[0:19],[0:19],[0:19],[0:19],[7:11],[0:19],[0:19],[0:19],[0:19],[0:19],[12:15],0
[0:19],[0:19],[0:19],[0:19],[0:19],[0:19],[0:19],[0:19],[0:19],[0:19],[0:19],[0:19],[0:19],[7:11],[0:19],[0:19],[0:19],[0:19],[0:19],[12:15],0
[0:19],[0:19],[0:19],[0:19],[0:19],[0:19],[0:19],[0:19],[0:19],[0:19],[0:19],[0:19],[0:19],[7:11],[0:19],[0:19],[0:19],[0:19],[0:19],[3:5],0
[0:19],[0:19],[0:19],[0:19],[0:19],[0:19],[0:19],[0:19],[0:19],[0:19],[0:19],[0:19],[0:19],[7:11],[0:19],[0:19],[0:19],[0:19],[0:19],[6:11],0
[0:19],[0:19],[0:19],[0:19],[0:19],[0:19],[0:19],[0:19],[0:19],[0:19],[0:19],[0:19],[0:19],[7:11],[0:19],[0:19],[0:19],[0:19],[0:19],[6:11],0
[0:19],[0:19],[0:19],[0:19],[0:19],[0:19],[0:19],[0:19],[0:19],[0:19],[0:19],[0:19],[0:19],[12:14],[0:19],[0:19],[0:19],[0:19],[0:19],[6:11],1
[0:19],[0:19],[0:19],[0:19],[0:19],[0:19],[0:19],[0:19],[0:19],[0:19],[0:19],[0:19],[0:19],[7:11],[0:19],[0:19],[0:19],[0:19],[0:19],[6:11],0
[0:19],[0:19],[0:19],[0:19],[0:19],[0:19],[0:19],[0:19],[0:19],[0:19],[0:19],[0:19],[0:19],[7:11],[0:19],[0:19],[0:19],[0:19],[0:19],[6:11],1
[0:19],[0:19],[0:19],[0:19],[0:19],[0:19],[0:19],[0:19],[0:19],[0:19],[0:19],[0:19],[0:19],[7:11],[0:19],[0:19],[0:19],[0:19],[0:19],[6:11],1
[0:19],[0:19],[0:19],[0:19],[0:19],[0:19],[0:19],[0:19],[0:19],[0:19],[0:19],[0:19],[0:19],[7:11],[0:19],[0:19],[0:19],[0:19],[0:19],[6:11],0
[0:19],[0:19],[0:19],[0:19],[0:19],[0:19],[0:19],[0:19],[0:19],[0:19],[0:19],[0:19],[0:19],[7:11],[0:19],[0:19],[0:19],[0:19],[0:19],[6:11],1
[0:19],[0:19],[0:19],[0:19],[0:19],[0:19],[0:19],[0:19],[0:19],[0:19],[0:19],[0:19],[0:19],[7:11],[0:19],[0:19],[0:19],[0:19],[0:19],[6:11],1
[0:19],[0:19],[0:19],[0:19],[0:19],[0:19],[0:19],[0:19],[0:19],[0:19],[0:19],[0:19],[0:19],[0:6],[0:19],[0:19],[0:19],[0:19],[0:19],[6:11],0
[0:19],[0:19],[0:19],[0:19],[0:19],[0:19],[0:19],[0:19],[0:19],[0:19],[0:19],[0:19],[0:19],[7:11],[0:19],[0:19],[0:19],[0:19],[0:19],[6:11],1
[0:19],[0:19],[0:19],[0:19],[0:19],[0:19],[0:19],[0:19],[0:19],[0:19],[0:19],[0:19],[0:19],[7:11],[0:19],[0:19],[0:19],[0:19],[0:19],[6:11],1
[0:19],[0:19],[0:19],[0:19],[0:19],[0:19],[0:19],[0:19],[0:19],[0:19],[0:19],[0:19],[0:19],[12:14],[0:19],[0:19],[0:19],[0:19],[0:19],[6:11],0
[0:19],[0:19],[0:19],[0:19],[0:19],[0:19],[0:19],[0:19],[0:19],[0:19],[0:19],[0:19],[0:19],[7:11],[0:19],[0:19],[0:19],[0:19],[0:19],[6:11],1
[0:19],[0:19],[0:19],[0:19],[0:19],[0:19],[0:19],[0:19],[0:19],[0:19],[0:19],[0:19],[0:19],[7:11],[0:19],[0:19],[0:19],[0:19],[0:19],[6:11],0
[0:19],[0:19],[0:19],[0:19],[0:19],[0:19],[0:19],[0:19],[0:19],[0:19],[0:19],[0:19],[0:19],[12:14],[0:19],[0:19],[0:19],[0:19],[0:19],[6:11],1
[0:19],[0:19],[0:19],[0:19],[0:19],[0:19],[0:19],[0:19],[0:19],[0:19],[0:19],[0:19],[0:19],[7:11],[0:19],[0:19],[0:19],[0:19],[0:19],[3:5],0
[0:19],[0:19],[0:19],[0:19],[0:19],[0:19],[0:19],[0:19],[0:19],[0:19],[0:19],[0:19],[0:19],[0:6],[0:19],[0:19],[0:19],[0:19],[0:19],[16:19],0
[0:19],[0:19],[0:19],[0:19],[0:19],[0:19],[0:19],[0:19],[0:19],[0:19],[0:19],[0:19],[0:19],[7:11],[0:19],[0:19],[0:19],[0:19],[0:19],[6:11],1
[0:19],[0:19],[0:19],[0:19],[0:19],[0:19],[0:19],[0:19],[0:19],[0:19],[0:19],[0:19],[0:19],[7:11],[0:19],[0:19],[0:19],[0:19],[0:19],[6:11],0
[0:19],[0:19],[0:19],[0:19],[0:19],[0:19],[0:19],[0:19],[0:19],[0:19],[0:19],[0:19],[0:19],[12:14],[0:19],[0:19],[0:19],[0:19],[0:19],[6:11],0
[0:19],[0:19],[0:19],[0:19],[0:19],[0:19],[0:19],[0:19],[0:19],[0:19],[0:19],[0:19],[0:19],[12:14],[0:19],[0:19],[0:19],[0:19],[0:19],[6:11],0
[0:19],[0:19],[0:19],[0:19],[0:19],[0:19],[0:19],[0:19],[0:19],[0:19],[0:19],[0:19],[0:19],[7:11],[0:19],[0:19],[0:19],[0:19],[0:19],[6:11],1
[0:19],[0:19],[0:19],[0:19],[0:19],[0:19],[0:19],[0:19],[0:19],[0:19],[0:19],[0:19],[0:19],[7:11],[0:19],[0:19],[0:19],[0:19],[0:19],[6:11],1
[0:19],[0:19],[0:19],[0:19],[0:19],[0:19],[0:19],[0:19],[0:19],[0:19],[0:19],[0:19],[0:19],[7:11],[0:19],[0:19],[0:19],[0:19],[0:19],[6:11],1
[0:19],[0:19],[0:19],[0:19],[0:19],[0:19],[0:19],[0:19],[0:19],[0:19],[0:19],[0:19],[0:19],[12:14],[0:19],[0:19],[0:19],[0:19],[0:19],[6:11],1
[0:19],[0:19],[0:19],[0:19],[0:19],[0:19],[0:19],[0:19],[0:19],[0:19],[0:19],[0:19],[0:19],[12:14],[0:19],[0:19],[0:19],[0:19],[0:19],[6:11],1
[0:19],[0:19],[0:19],[0:19],[0:19],[0:19],[0:19],[0:19],[0:19],[0:19],[0:19],[0:19],[0:19],[7:11],[0:19],[0:19],[0:19],[0:19],[0:19],[6:11],1
[0:19],[0:19],[0:19],[0:19],[0:19],[0:19],[0:19],[0:19],[0:19],[0:19],[0:19],[0:19],[0:19],[7:11],[0:19],[0:19],[0:19],[0:19],[0:19],[6:11],1
[0:19],[0:19],[0:19],[0:19],[0:19],[0:19],[0:19],[0:19],[0:19],[0:19],[0:19],[0:19],[0:19],[7:11],[0:19],[0:19],[0:19],[0:19],[0:19],[6:11],1
[0:19],[0:19],[0:19],[0:19],[0:19],[0:19],[0:19],[0:19],[0:19],[0:19],[0:19],[0:19],[0:19],[7:11],[0:19],[0:19],[0:19],[0:19],[0:19],[3:5],0
[0:19],[0:19],[0:19],[0:19],[0:19],[0:19],[0:19],[0:19],[0:19],[0:19],[0:19],[0:19],[0:19],[12:14],[0:19],[0:19],[0:19],[0:19],[0:19],[6:11],1
[0:19],[0:19],[0:19],[0:19],[0:19],[0:19],[0:19],[0:19],[0:19],[0:19],[0:19],[0:19],[0:19],[7:11],[0:19],[0:19],[0:19],[0:19],[0:19],[6:11],1
[0:19],[0:19],[0:19],[0:19],[0:19],[0:19],[0:19],[0:19],[0:19],[0:19],[0:19],[0:19],[0:19],[7:11],[0:19],[0:19],[0:19],[0:19],[0:19],[6:11],0
[0:19],[0:19],[0:19],[0:19],[0:19],[0:19],[0:19],[0:19],[0:19],[0:19],[0:19],[0:19],[0:19],[7:11],[0:19],[0:19],[0:19],[0:19],[0:19],[6:11],0
[0:19],[0:19],[0:19],[0:19],[0:19],[0:19],[0:19],[0:19],[0:19],[0:19],[0:19],[0:19],[0:19],[7:11],[0:19],[0:19],[0:19],[0:19],[0:19],[6:11],0
[0:19],[0:19],[0:19],[0:19],[0:19],[0:19],[0:19],[0:19],[0:19],[0:19],[0:19],[0:19],[0:19],[7:11],[0:19],[0:19],[0:19],[0:19],[0:19],[6:11],0
[0:19],[0:19],[0:19],[0:19],[0:19],[0:19],[0:19],[0:19],[0:19],[0:19],[0:19],[0:19],[0:19],[7:11],[0:19],[0:19],[0:19],[0:19],[0:19],[6:11],1
[0:19],[0:19],[0:19],[0:19],[0:19],[0:19],[0:19],[0:19],[0:19],[0:19],[0:19],[0:19],[0:19],[7:11],[0:19],[0:19],[0:19],[0:19],[0:19],[6:11],0
[0:19],[0:19],[0:19],[0:19],[0:19],[0:19],[0:19],[0:19],[0:19],[0:19],[0:19],[0:19],[0:19],[7:11],[0:19],[0:19],[0:19],[0:19],[0:19],[6:11],1
[0:19],[0:19],[0:19],[0:19],[0:19],[0:19],[0:19],[0:19],[0:19],[0:19],[0:19],[0:19],[0:19],[7:11],[0:19],[0:19],[0:19],[0:19],[0:19],[6:11],0
[0:19],[0:19],[0:19],[0:19],[0:19],[0:19],[0:19],[0:19],[0:19],[0:19],[0:19],[0:19],[0:19],[7:11],[0:19],[0:19],[0:19],[0:19],[0:19],[6:11],1
[0:19],[0:19],[0:19],[0:19],[0:19],[0:19],[0:19],[0:19],[0:19],[0:19],[0:19],[0:19],[0:19],[7:11],[0:19],[0:19],[0:19],[0:19],[0:19],[6:11],1
[0:19],[0:19],[0:19],[0:19],[0:19],[0:19],[0:19],[0:19],[0:19],[0:19],[0:19],[0:19],[0:19],[7:11],[0:19],[0:19],[0:19],[0:19],[0:19],[6:11],1
[0:19],[0:19],[0:19],[0:19],[0:19],[0:19],[0:19],[0:19],[0:19],[0:19],[0:19],[0:19],[0:19],[7:11],[0:19],[0:19],[0:19],[0:19],[0:19],[6:11],0
[0:19],[0:19],[0:19],[0:19],[0:19],[0:19],[0:19],[0:19],[0:19],[0:19],[0:19],[0:19],[0:19],[7:11],[0:19],[0:19],[0:19],[0:19],[0:19],[6:11],1
[0:19],[0:19],[0:19],[0:19],[0:19],[0:19],[0:19],[0:19],[0:19],[0:19],[0:19],[0:19],[0:19],[7:11],[0:19],[0:19],[0:19],[0:19],[0:19],[6:11],0
[0:19],[0:19],[0:19],[0:19],[0:19],[0:19],[0:19],[0:19],[0:19],[0:19],[0:19],[0:19],[0:19],[12:14],[0:19],[0:19],[0:19],[0:19],[0:19],[6:11],1
[0:19],[0:19],[0:19],[0:19],[0:19],[0:19],[0:19],[0:19],[0:19],[0:19],[0:19],[0:19],[0:19],[7:11],[0:19],[0:19],[0:19],[0:19],[0:19],[6:11],0
[0:19],[0:19],[0:19],[0:19],[0:19],[0:19],[0:19],[0:19],[0:19],[0:19],[0:19],[0:19],[0:19],[7:11],[0:19],[0:19],[0:19],[0:19],[0:19],[6:11],1
[0:19],[0:19],[0:19],[0:19],[0:19],[0:19],[0:19],[0:19],[0:19],[0:19],[0:19],[0:19],[0:19],[15:19],[0:19],[0:19],[0:19],[0:19],[0:19],[6:11],0
[0:19],[0:19],[0:19],[0:19],[0:19],[0:19],[0:19],[0:19],[0:19],[0:19],[0:19],[0:19],[0:19],[7:11],[0:19],[0:19],[0:19],[0:19],[0:19],[6:11],1
[0:19],[0:19],[0:19],[0:19],[0:19],[0:19],[0:19],[0:19],[0:19],[0:19],[0:19],[0:19],[0:19],[12:14],[0:19],[0:19],[0:19],[0:19],[0:19],[6:11],1
[0:19],[0:19],[0:19],[0:19],[0:19],[0:19],[0:19],[0:19],[0:19],[0:19],[0:19],[0:19],[0:19],[7:11],[0:19],[0:19],[0:19],[0:19],[0:19],[6:11],0
[0:19],[0:19],[0:19],[0:19],[0:19],[0:19],[0:19],[0:19],[0:19],[0:19],[0:19],[0:19],[0:19],[7:11],[0:19],[0:19],[0:19],[0:19],[0:19],[6:11],1
[0:19],[0:19],[0:19],[0:19],[0:19],[0:19],[0:19],[0:19],[0:19],[0:19],[0:19],[0:19],[0:19],[7:11],[0:19],[0:19],[0:19],[0:19],[0:19],[6:11],0
[0:19],[0:19],[0:19],[0:19],[0:19],[0:19],[0:19],[0:19],[0:19],[0:19],[0:19],[0:19],[0:19],[0:6],[0:19],[0:19],[0:19],[0:19],[0:19],[12:15],0
[0:19],[0:19],[0:19],[0:19],[0:19],[0:19],[0:19],[0:19],[0:19],[0:19],[0:19],[0:19],[0:19],[7:11],[0:19],[0:19],[0:19],[0:19],[0:19],[6:11],0
[0:19],[0:19],[0:19],[0:19],[0:19],[0:19],[0:19],[0:19],[0:19],[0:19],[0:19],[0:19],[0:19],[7:11],[0:19],[0:19],[0:19],[0:19],[0:19],[6:11],1
[0:19],[0:19],[0:19],[0:19],[0:19],[0:19],[0:19],[0:19],[0:19],[0:19],[0:19],[0:19],[0:19],[7:11],[0:19],[0:19],[0:19],[0:19],[0:19],[6:11],0
[0:19],[0:19],[0:19],[0:19],[0:19],[0:19],[0:19],[0:19],[0:19],[0:19],[0:19],[0:19],[0:19],[7:11],[0:19],[0:19],[0:19],[0:19],[0:19],[6:11],1
[0:19],[0:19],[0:19],[0:19],[0:19],[0:19],[0:19],[0:19],[0:19],[0:19],[0:19],[0:19],[0:19],[12:14],[0:19],[0:19],[0:19],[0:19],[0:19],[6:11],0
[0:19],[0:19],[0:19],[0:19],[0:19],[0:19],[0:19],[0:19],[0:19],[0:19],[0:19],[0:19],[0:19],[7:11],[0:19],[0:19],[0:19],[0:19],[0:19],[6:11],1
[0:19],[0:19],[0:19],[0:19],[0:19],[0:19],[0:19],[0:19],[0:19],[0:19],[0:19],[0:19],[0:19],[7:11],[0:19],[0:19],[0:19],[0:19],[0:19],[6:11],1
[0:19],[0:19],[0:19],[0:19],[0:19],[0:19],[0:19],[0:19],[0:19],[0:19],[0:19],[0:19],[0:19],[7:11],[0:19],[0:19],[0:19],[0:19],[0:19],[12:15],0
[0:19],[0:19],[0:19],[0:19],[0:19],[0:19],[0:19],[0:19],[0:19],[0:19],[0:19],[0:19],[0:19],[7:11],[0:19],[0:19],[0:19],[0:19],[0:19],[6:11],1
[0:19],[0:19],[0:19],[0:19],[0:19],[0:19],[0:19],[0:19],[0:19],[0:19],[0:19],[0:19],[0:19],[7:11],[0:19],[0:19],[0:19],[0:19],[0:19],[6:11],0
[0:19],[0:19],[0:19],[0:19],[0:19],[0:19],[0:19],[0:19],[0:19],[0:19],[0:19],[0:19],[0:19],[7:11],[0:19],[0:19],[0:19],[0:19],[0:19],[6:11],1
[0:19],[0:19],[0:19],[0:19],[0:19],[0:19],[0:19],[0:19],[0:19],[0:19],[0:19],[0:19],[0:19],[0:6],[0:19],[0:19],[0:19],[0:19],[0:19],[12:15],0
[0:19],[0:19],[0:19],[0:19],[0:19],[0:19],[0:19],[0:19],[0:19],[0:19],[0:19],[0:19],[0:19],[7:11],[0:19],[0:19],[0:19],[0:19],[0:19],[12:15],1
[0:19],[0:19],[0:19],[0:19],[0:19],[0:19],[0:19],[0:19],[0:19],[0:19],[0:19],[0:19],[0:19],[7:11],[0:19],[0:19],[0:19],[0:19],[0:19],[6:11],0
[0:19],[0:19],[0:19],[0:19],[0:19],[0:19],[0:19],[0:19],[0:19],[0:19],[0:19],[0:19],[0:19],[7:11],[0:19],[0:19],[0:19],[0:19],[0:19],[6:11],1
[0:19],[0:19],[0:19],[0:19],[0:19],[0:19],[0:19],[0:19],[0:19],[0:19],[0:19],[0:19],[0:19],[7:11],[0:19],[0:19],[0:19],[0:19],[0:19],[6:11],1
[0:19],[0:19],[0:19],[0:19],[0:19],[0:19],[0:19],[0:19],[0:19],[0:19],[0:19],[0:19],[0:19],[7:11],[0:19],[0:19],[0:19],[0:19],[0:19],[6:11],0
[0:19],[0:19],[0:19],[0:19],[0:19],[0:19],[0:19],[0:19],[0:19],[0:19],[0:19],[0:19],[0:19],[7:11],[0:19],[0:19],[0:19],[0:19],[0:19],[6:11],1
[0:19],[0:19],[0:19],[0:19],[0:19],[0:19],[0:19],[0:19],[0:19],[0:19],[0:19],[0:19],[0:19],[7:11],[0:19],[0:19],[0:19],[0:19],[0:19],[6:11],0
[0:19],[0:19],[0:19],[0:19],[0:19],[0:19],[0:19],[0:19],[0:19],[0:19],[0:19],[0:19],[0:19],[0:6],[0:19],[0:19],[0:19],[0:19],[0:19],[6:11],0
[0:19],[0:19],[0:19],[0:19],[0:19],[0:19],[0:19],[0:19],[0:19],[0:19],[0:19],[0:19],[0:19],[0:6],[0:19],[0:19],[0:19],[0:19],[0:19],[6:11],0
[0:19],[0:19],[0:19],[0:19],[0:19],[0:19],[0:19],[0:19],[0:19],[0:19],[0:19],[0:19],[0:19],[7:11],[0:19],[0:19],[0:19],[0:19],[0:19],[6:11],1
[0:19],[0:19],[0:19],[0:19],[0:19],[0:19],[0:19],[0:19],[0:19],[0:19],[0:19],[0:19],[0:19],[7:11],[0:19],[0:19],[0:19],[0:19],[0:19],[6:11],1
[0:19],[0:19],[0:19],[0:19],[0:19],[0:19],[0:19],[0:19],[0:19],[0:19],[0:19],[0:19],[0:19],[7:11],[0:19],[0:19],[0:19],[0:19],[0:19],[6:11],0
[0:19],[0:19],[0:19],[0:19],[0:19],[0:19],[0:19],[0:19],[0:19],[0:19],[0:19],[0:19],[0:19],[7:11],[0:19],[0:19],[0:19],[0:19],[0:19],[6:11],0
[0:19],[0:19],[0:19],[0:19],[0:19],[0:19],[0:19],[0:19],[0:19],[0:19],[0:19],[0:19],[0:19],[7:11],[0:19],[0:19],[0:19],[0:19],[0:19],[6:11],1
[0:19],[0:19],[0:19],[0:19],[0:19],[0:19],[0:19],[0:19],[0:19],[0:19],[0:19],[0:19],[0:19],[7:11],[0:19],[0:19],[0:19],[0:19],[0:19],[6:11],1
[0:19],[0:19],[0:19],[0:19],[0:19],[0:19],[0:19],[0:19],[0:19],[0:19],[0:19],[0:19],[0:19],[7:11],[0:19],[0:19],[0:19],[0:19],[0:19],[6:11],1
[0:19],[0:19],[0:19],[0:19],[0:19],[0:19],[0:19],[0:19],[0:19],[0:19],[0:19],[0:19],[0:19],[15:19],[0:19],[0:19],[0:19],[0:19],[0:19],[6:11],0
[0:19],[0:19],[0:19],[0:19],[0:19],[0:19],[0:19],[0:19],[0:19],[0:19],[0:19],[0:19],[0:19],[0:6],[0:19],[0:19],[0:19],[0:19],[0:19],[6:11],0
[0:19],[0:19],[0:19],[0:19],[0:19],[0:19],[0:19],[0:19],[0:19],[0:19],[0:19],[0:19],[0:19],[7:11],[0:19],[0:19],[0:19],[0:19],[0:19],[6:11],1
[0:19],[0:19],[0:19],[0:19],[0:19],[0:19],[0:19],[0:19],[0:19],[0:19],[0:19],[0:19],[0:19],[12:14],[0:19],[0:19],[0:19],[0:19],[0:19],[6:11],1
[0:19],[0:19],[0:19],[0:19],[0:19],[0:19],[0:19],[0:19],[0:19],[0:19],[0:19],[0:19],[0:19],[7:11],[0:19],[0:19],[0:19],[0:19],[0:19],[6:11],1
[0:19],[0:19],[0:19],[0:19],[0:19],[0:19],[0:19],[0:19],[0:19],[0:19],[0:19],[0:19],[0:19],[12:14],[0:19],[0:19],[0:19],[0:19],[0:19],[6:11],1
[0:19],[0:19],[0:19],[0:19],[0:19],[0:19],[0:19],[0:19],[0:19],[0:19],[0:19],[0:19],[0:19],[0:6],[0:19],[0:19],[0:19],[0:19],[0:19],[6:11],0
[0:19],[0:19],[0:19],[0:19],[0:19],[0:19],[0:19],[0:19],[0:19],[0:19],[0:19],[0:19],[0:19],[7:11],[0:19],[0:19],[0:19],[0:19],[0:19],[6:11],1
[0:19],[0:19],[0:19],[0:19],[0:19],[0:19],[0:19],[0:19],[0:19],[0:19],[0:19],[0:19],[0:19],[7:11],[0:19],[0:19],[0:19],[0:19],[0:19],[6:11],1
[0:19],[0:19],[0:19],[0:19],[0:19],[0:19],[0:19],[0:19],[0:19],[0:19],[0:19],[0:19],[0:19],[7:11],[0:19],[0:19],[0:19],[0:19],[0:19],[6:11],1
[0:19],[0:19],[0:19],[0:19],[0:19],[0:19],[0:19],[0:19],[0:19],[0:19],[0:19],[0:19],[0:19],[7:11],[0:19],[0:19],[0:19],[0:19],[0:19],[6:11],1
[0:19],[0:19],[0:19],[0:19],[0:19],[0:19],[0:19],[0:19],[0:19],[0:19],[0:19],[0:19],[0:19],[7:11],[0:19],[0:19],[0:19],[0:19],[0:19],[12:15],0
[0:19],[0:19],[0:19],[0:19],[0:19],[0:19],[0:19],[0:19],[0:19],[0:19],[0:19],[0:19],[0:19],[7:11],[0:19],[0:19],[0:19],[0:19],[0:19],[6:11],0
[0:19],[0:19],[0:19],[0:19],[0:19],[0:19],[0:19],[0:19],[0:19],[0:19],[0:19],[0:19],[0:19],[7:11],[0:19],[0:19],[0:19],[0:19],[0:19],[6:11],0
[0:19],[0:19],[0:19],[0:19],[0:19],[0:19],[0:19],[0:19],[0:19],[0:19],[0:19],[0:19],[0:19],[0:6],[0:19],[0:19],[0:19],[0:19],[0:19],[6:11],0
[0:19],[0:19],[0:19],[0:19],[0:19],[0:19],[0:19],[0:19],[0:19],[0:19],[0:19],[0:19],[0:19],[7:11],[0:19],[0:19],[0:19],[0:19],[0:19],[12:15],0
[0:19],[0:19],[0:19],[0:19],[0:19],[0:19],[0:19],[0:19],[0:19],[0:19],[0:19],[0:19],[0:19],[12:14],[0:19],[0:19],[0:19],[0:19],[0:19],[6:11],1
[0:19],[0:19],[0:19],[0:19],[0:19],[0:19],[0:19],[0:19],[0:19],[0:19],[0:19],[0:19],[0:19],[7:11],[0:19],[0:19],[0:19],[0:19],[0:19],[12:15],1
[0:19],[0:19],[0:19],[0:19],[0:19],[0:19],[0:19],[0:19],[0:19],[0:19],[0:19],[0:19],[0:19],[12:14],[0:19],[0:19],[0:19],[0:19],[0:19],[6:11],0
[0:19],[0:19],[0:19],[0:19],[0:19],[0:19],[0:19],[0:19],[0:19],[0:19],[0:19],[0:19],[0:19],[7:11],[0:19],[0:19],[0:19],[0:19],[0:19],[6:11],1
[0:19],[0:19],[0:19],[0:19],[0:19],[0:19],[0:19],[0:19],[0:19],[0:19],[0:19],[0:19],[0:19],[7:11],[0:19],[0:19],[0:19],[0:19],[0:19],[6:11],1
[0:19],[0:19],[0:19],[0:19],[0:19],[0:19],[0:19],[0:19],[0:19],[0:19],[0:19],[0:19],[0:19],[7:11],[0:19],[0:19],[0:19],[0:19],[0:19],[6:11],1
[0:19],[0:19],[0:19],[0:19],[0:19],[0:19],[0:19],[0:19],[0:19],[0:19],[0:19],[0:19],[0:19],[7:11],[0:19],[0:19],[0:19],[0:19],[0:19],[6:11],1
[0:19],[0:19],[0:19],[0:19],[0:19],[0:19],[0:19],[0:19],[0:19],[0:19],[0:19],[0:19],[0:19],[12:14],[0:19],[0:19],[0:19],[0:19],[0:19],[6:11],0
[0:19],[0:19],[0:19],[0:19],[0:19],[0:19],[0:19],[0:19],[0:19],[0:19],[0:19],[0:19],[0:19],[12:14],[0:19],[0:19],[0:19],[0:19],[0:19],[6:11],0
[0:19],[0:19],[0:19],[0:19],[0:19],[0:19],[0:19],[0:19],[0:19],[0:19],[0:19],[0:19],[0:19],[7:11],[0:19],[0:19],[0:19],[0:19],[0:19],[6:11],1
[0:19],[0:19],[0:19],[0:19],[0:19],[0:19],[0:19],[0:19],[0:19],[0:19],[0:19],[0:19],[0:19],[7:11],[0:19],[0:19],[0:19],[0:19],[0:19],[6:11],1
[0:19],[0:19],[0:19],[0:19],[0:19],[0:19],[0:19],[0:19],[0:19],[0:19],[0:19],[0:19],[0:19],[0:6],[0:19],[0:19],[0:19],[0:19],[0:19],[6:11],0
[0:19],[0:19],[0:19],[0:19],[0:19],[0:19],[0:19],[0:19],[0:19],[0:19],[0:19],[0:19],[0:19],[12:14],[0:19],[0:19],[0:19],[0:19],[0:19],[6:11],1
[0:19],[0:19],[0:19],[0:19],[0:19],[0:19],[0:19],[0:19],[0:19],[0:19],[0:19],[0:19],[0:19],[7:11],[0:19],[0:19],[0:19],[0:19],[0:19],[6:11],1
[0:19],[0:19],[0:19],[0:19],[0:19],[0:19],[0:19],[0:19],[0:19],[0:19],[0:19],[0:19],[0:19],[12:14],[0:19],[0:19],[0:19],[0:19],[0:19],[6:11],0
[0:19],[0:19],[0:19],[0:19],[0:19],[0:19],[0:19],[0:19],[0:19],[0:19],[0:19],[0:19],[0:19],[7:11],[0:19],[0:19],[0:19],[0:19],[0:19],[3:5],0
[0:19],[0:19],[0:19],[0:19],[0:19],[0:19],[0:19],[0:19],[0:19],[0:19],[0:19],[0:19],[0:19],[7:11],[0:19],[0:19],[0:19],[0:19],[0:19],[6:11],1
[0:19],[0:19],[0:19],[0:19],[0:19],[0:19],[0:19],[0:19],[0:19],[0:19],[0:19],[0:19],[0:19],[7:11],[0:19],[0:19],[0:19],[0:19],[0:19],[6:11],0
[0:19],[0:19],[0:19],[0:19],[0:19],[0:19],[0:19],[0:19],[0:19],[0:19],[0:19],[0:19],[0:19],[7:11],[0:19],[0:19],[0:19],[0:19],[0:19],[6:11],0
[0:19],[0:19],[0:19],[0:19],[0:19],[0:19],[0:19],[0:19],[0:19],[0:19],[0:19],[0:19],[0:19],[7:11],[0:19],[0:19],[0:19],[0:19],[0:19],[12:15],0
[0:19],[0:19],[0:19],[0:19],[0:19],[0:19],[0:19],[0:19],[0:19],[0:19],[0:19],[0:19],[0:19],[12:14],[0:19],[0:19],[0:19],[0:19],[0:19],[3:5],0
[0:19],[0:19],[0:19],[0:19],[0:19],[0:19],[0:19],[0:19],[0:19],[0:19],[0:19],[0:19],[0:19],[12:14],[0:19],[0:19],[0:19],[0:19],[0:19],[6:11],1
[0:19],[0:19],[0:19],[0:19],[0:19],[0:19],[0:19],[0:19],[0:19],[0:19],[0:19],[0:19],[0:19],[7:11],[0:19],[0:19],[0:19],[0:19],[0:19],[6:11],0
[0:19],[0:19],[0:19],[0:19],[0:19],[0:19],[0:19],[0:19],[0:19],[0:19],[0:19],[0:19],[0:19],[7:11],[0:19],[0:19],[0:19],[0:19],[0:19],[6:11],0
[0:19],[0:19],[0:19],[0:19],[0:19],[0:19],[0:19],[0:19],[0:19],[0:19],[0:19],[0:19],[0:19],[7:11],[0:19],[0:19],[0:19],[0:19],[0:19],[6:11],0
[0:19],[0:19],[0:19],[0:19],[0:19],[0:19],[0:19],[0:19],[0:19],[0:19],[0:19],[0:19],[0:19],[7:11],[0:19],[0:19],[0:19],[0:19],[0:19],[6:11],1
[0:19],[0:19],[0:19],[0:19],[0:19],[0:19],[0:19],[0:19],[0:19],[0:19],[0:19],[0:19],[0:19],[7:11],[0:19],[0:19],[0:19],[0:19],[0:19],[12:15],1
[0:19],[0:19],[0:19],[0:19],[0:19],[0:19],[0:19],[0:19],[0:19],[0:19],[0:19],[0:19],[0:19],[7:11],[0:19],[0:19],[0:19],[0:19],[0:19],[6:11],1
[0:19],[0:19],[0:19],[0:19],[0:19],[0:19],[0:19],[0:19],[0:19],[0:19],[0:19],[0:19],[0:19],[7:11],[0:19],[0:19],[0:19],[0:19],[0:19],[6:11],1
[0:19],[0:19],[0:19],[0:19],[0:19],[0:19],[0:19],[0:19],[0:19],[0:19],[0:19],[0:19],[0:19],[7:11],[0:19],[0:19],[0:19],[0:19],[0:19],[6:11],1
[0:19],[0:19],[0:19],[0:19],[0:19],[0:19],[0:19],[0:19],[0:19],[0:19],[0:19],[0:19],[0:19],[7:11],[0:19],[0:19],[0:19],[0:19],[0:19],[6:11],0
[0:19],[0:19],[0:19],[0:19],[0:19],[0:19],[0:19],[0:19],[0:19],[0:19],[0:19],[0:19],[0:19],[7:11],[0:19],[0:19],[0:19],[0:19],[0:19],[6:11],1
[0:19],[0:19],[0:19],[0:19],[0:19],[0:19],[0:19],[0:19],[0:19],[0:19],[0:19],[0:19],[0:19],[0:6],[0:19],[0:19],[0:19],[0:19],[0:19],[12:15],0
[0:19],[0:19],[0:19],[0:19],[0:19],[0:19],[0:19],[0:19],[0:19],[0:19],[0:19],[0:19],[0:19],[0:6],[0:19],[0:19],[0:19],[0:19],[0:19],[6:11],0
[0:19],[0:19],[0:19],[0:19],[0:19],[0:19],[0:19],[0:19],[0:19],[0:19],[0:19],[0:19],[0:19],[7:11],[0:19],[0:19],[0:19],[0:19],[0:19],[6:11],1
[0:19],[0:19],[0:19],[0:19],[0:19],[0:19],[0:19],[0:19],[0:19],[0:19],[0:19],[0:19],[0:19],[7:11],[0:19],[0:19],[0:19],[0:19],[0:19],[6:11],0
[0:19],[0:19],[0:19],[0:19],[0:19],[0:19],[0:19],[0:19],[0:19],[0:19],[0:19],[0:19],[0:19],[7:11],[0:19],[0:19],[0:19],[0:19],[0:19],[6:11],0
[0:19],[0:19],[0:19],[0:19],[0:19],[0:19],[0:19],[0:19],[0:19],[0:19],[0:19],[0:19],[0:19],[7:11],[0:19],[0:19],[0:19],[0:19],[0:19],[6:11],1
[0:19],[0:19],[0:19],[0:19],[0:19],[0:19],[0:19],[0:19],[0:19],[0:19],[0:19],[0:19],[0:19],[7:11],[0:19],[0:19],[0:19],[0:19],[0:19],[3:5],0
[0:19],[0:19],[0:19],[0:19],[0:19],[0:19],[0:19],[0:19],[0:19],[0:19],[0:19],[0:19],[0:19],[7:11],[0:19],[0:19],[0:19],[0:19],[0:19],[6:11],1
[0:19],[0:19],[0:19],[0:19],[0:19],[0:19],[0:19],[0:19],[0:19],[0:19],[0:19],[0:19],[0:19],[7:11],[0:19],[0:19],[0:19],[0:19],[0:19],[6:11],1
[0:19],[0:19],[0:19],[0:19],[0:19],[0:19],[0:19],[0:19],[0:19],[0:19],[0:19],[0:19],[0:19],[7:11],[0:19],[0:19],[0:19],[0:19],[0:19],[6:11],0
[0:19],[0:19],[0:19],[0:19],[0:19],[0:19],[0:19],[0:19],[0:19],[0:19],[0:19],[0:19],[0:19],[7:11],[0:19],[0:19],[0:19],[0:19],[0:19],[6:11],0
[0:19],[0:19],[0:19],[0:19],[0:19],[0:19],[0:19],[0:19],[0:19],[0:19],[0:19],[0:19],[0:19],[0:6],[0:19],[0:19],[0:19],[0:19],[0:19],[6:11],0
[0:19],[0:19],[0:19],[0:19],[0:19],[0:19],[0:19],[0:19],[0:19],[0:19],[0:19],[0:19],[0:19],[7:11],[0:19],[0:19],[0:19],[0:19],[0:19],[6:11],1
[0:19],[0:19],[0:19],[0:19],[0:19],[0:19],[0:19],[0:19],[0:19],[0:19],[0:19],[0:19],[0:19],[7:11],[0:19],[0:19],[0:19],[0:19],[0:19],[6:11],1
[0:19],[0:19],[0:19],[0:19],[0:19],[0:19],[0:19],[0:19],[0:19],[0:19],[0:19],[0:19],[0:19],[12:14],[0:19],[0:19],[0:19],[0:19],[0:19],[6:11],0
[0:19],[0:19],[0:19],[0:19],[0:19],[0:19],[0:19],[0:19],[0:19],[0:19],[0:19],[0:19],[0:19],[7:11],[0:19],[0:19],[0:19],[0:19],[0:19],[6:11],0
[0:19],[0:19],[0:19],[0:19],[0:19],[0:19],[0:19],[0:19],[0:19],[0:19],[0:19],[0:19],[0:19],[7:11],[0:19],[0:19],[0:19],[0:19],[0:19],[6:11],1
[0:19],[0:19],[0:19],[0:19],[0:19],[0:19],[0:19],[0:19],[0:19],[0:19],[0:19],[0:19],[0:19],[7:11],[0:19],[0:19],[0:19],[0:19],[0:19],[6:11],1
[0:19],[0:19],[0:19],[0:19],[0:19],[0:19],[0:19],[0:19],[0:19],[0:19],[0:19],[0:19],[0:19],[7:11],[0:19],[0:19],[0:19],[0:19],[0:19],[6:11],0
[0:19],[0:19],[0:19],[0:19],[0:19],[0:19],[0:19],[0:19],[0:19],[0:19],[0:19],[0:19],[0:19],[7:11],[0:19],[0:19],[0:19],[0:19],[0:19],[6:11],1
[0:19],[0:19],[0:19],[0:19],[0:19],[0:19],[0:19],[0:19],[0:19],[0:19],[0:19],[0:19],[0:19],[7:11],[0:19],[0:19],[0:19],[0:19],[0:19],[6:11],0
[0:19],[0:19],[0:19],[0:19],[0:19],[0:19],[0:19],[0:19],[0:19],[0:19],[0:19],[0:19],[0:19],[7:11],[0:19],[0:19],[0:19],[0:19],[0:19],[3:5],0
[0:19],[0:19],[0:19],[0:19],[0:19],[0:19],[0:19],[0:19],[0:19],[0:19],[0:19],[0:19],[0:19],[12:14],[0:19],[0:19],[0:19],[0:19],[0:19],[6:11],0
[0:19],[0:19],[0:19],[0:19],[0:19],[0:19],[0:19],[0:19],[0:19],[0:19],[0:19],[0:19],[0:19],[7:11],[0:19],[0:19],[0:19],[0:19],[0:19],[6:11],0
[0:19],[0:19],[0:19],[0:19],[0:19],[0:19],[0:19],[0:19],[0:19],[0:19],[0:19],[0:19],[0:19],[12:14],[0:19],[0:19],[0:19],[0:19],[0:19],[6:11],0
[0:19],[0:19],[0:19],[0:19],[0:19],[0:19],[0:19],[0:19],[0:19],[0:19],[0:19],[0:19],[0:19],[7:11],[0:19],[0:19],[0:19],[0:19],[0:19],[6:11],1
[0:19],[0:19],[0:19],[0:19],[0:19],[0:19],[0:19],[0:19],[0:19],[0:19],[0:19],[0:19],[0:19],[12:14],[0:19],[0:19],[0:19],[0:19],[0:19],[6:11],0
[0:19],[0:19],[0:19],[0:19],[0:19],[0:19],[0:19],[0:19],[0:19],[0:19],[0:19],[0:19],[0:19],[12:14],[0:19],[0:19],[0:19],[0:19],[0:19],[12:15],1
[0:19],[0:19],[0:19],[0:19],[0:19],[0:19],[0:19],[0:19],[0:19],[0:19],[0:19],[0:19],[0:19],[7:11],[0:19],[0:19],[0:19],[0:19],[0:19],[6:11],1
[0:19],[0:19],[0:19],[0:19],[0:19],[0:19],[0:19],[0:19],[0:19],[0:19],[0:19],[0:19],[0:19],[7:11],[0:19],[0:19],[0:19],[0:19],[0:19],[6:11],1
[0:19],[0:19],[0:19],[0:19],[0:19],[0:19],[0:19],[0:19],[0:19],[0:19],[0:19],[0:19],[0:19],[7:11],[0:19],[0:19],[0:19],[0:19],[0:19],[6:11],0
[0:19],[0:19],[0:19],[0:19],[0:19],[0:19],[0:19],[0:19],[0:19],[0:19],[0:19],[0:19],[0:19],[7:11],[0:19],[0:19],[0:19],[0:19],[0:19],[6:11],1
[0:19],[0:19],[0:19],[0:19],[0:19],[0:19],[0:19],[0:19],[0:19],[0:19],[0:19],[0:19],[0:19],[7:11],[0:19],[0:19],[0:19],[0:19],[0:19],[6:11],1
[0:19],[0:19],[0:19],[0:19],[0:19],[0:19],[0:19],[0:19],[0:19],[0:19],[0:19],[0:19],[0:19],[7:11],[0:19],[0:19],[0:19],[0:19],[0:19],[6:11],0
[0:19],[0:19],[0:19],[0:19],[0:19],[0:19],[0:19],[0:19],[0:19],[0:19],[0:19],[0:19],[0:19],[7:11],[0:19],[0:19],[0:19],[0:19],[0:19],[6:11],0
[0:19],[0:19],[0:19],[0:19],[0:19],[0:19],[0:19],[0:19],[0:19],[0:19],[0:19],[0:19],[0:19],[0:6],[0:19],[0:19],[0:19],[0:19],[0:19],[3:5],0
[0:19],[0:19],[0:19],[0:19],[0:19],[0:19],[0:19],[0:19],[0:19],[0:19],[0:19],[0:19],[0:19],[7:11],[0:19],[0:19],[0:19],[0:19],[0:19],[6:11],0
[0:19],[0:19],[0:19],[0:19],[0:19],[0:19],[0:19],[0:19],[0:19],[0:19],[0:19],[0:19],[0:19],[7:11],[0:19],[0:19],[0:19],[0:19],[0:19],[6:11],1
[0:19],[0:19],[0:19],[0:19],[0:19],[0:19],[0:19],[0:19],[0:19],[0:19],[0:19],[0:19],[0:19],[7:11],[0:19],[0:19],[0:19],[0:19],[0:19],[6:11],1
[0:19],[0:19],[0:19],[0:19],[0:19],[0:19],[0:19],[0:19],[0:19],[0:19],[0:19],[0:19],[0:19],[7:11],[0:19],[0:19],[0:19],[0:19],[0:19],[6:11],1
[0:19],[0:19],[0:19],[0:19],[0:19],[0:19],[0:19],[0:19],[0:19],[0:19],[0:19],[0:19],[0:19],[7:11],[0:19],[0:19],[0:19],[0:19],[0:19],[6:11],0
[0:19],[0:19],[0:19],[0:19],[0:19],[0:19],[0:19],[0:19],[0:19],[0:19],[0:19],[0:19],[0:19],[7:11],[0:19],[0:19],[0:19],[0:19],[0:19],[6:11],1
[0:19],[0:19],[0:19],[0:19],[0:19],[0:19],[0:19],[0:19],[0:19],[0:19],[0:19],[0:19],[0:19],[7:11],[0:19],[0:19],[0:19],[0:19],[0:19],[6:11],1
[0:19],[0:19],[0:19],[0:19],[0:19],[0:19],[0:19],[0:19],[0:19],[0:19],[0:19],[0:19],[0:19],[0:6],[0:19],[0:19],[0:19],[0:19],[0:19],[6:11],0
[0:19],[0:19],[0:19],[0:19],[0:19],[0:19],[0:19],[0:19],[0:19],[0:19],[0:19],[0:19],[0:19],[7:11],[0:19],[0:19],[0:19],[0:19],[0:19],[6:11],1
[0:19],[0:19],[0:19],[0:19],[0:19],[0:19],[0:19],[0:19],[0:19],[0:19],[0:19],[0:19],[0:19],[7:11],[0:19],[0:19],[0:19],[0:19],[0:19],[3:5],0
[0:19],[0:19],[0:19],[0:19],[0:19],[0:19],[0:19],[0:19],[0:19],[0:19],[0:19],[0:19],[0:19],[7:11],[0:19],[0:19],[0:19],[0:19],[0:19],[6:11],1
[0:19],[0:19],[0:19],[0:19],[0:19],[0:19],[0:19],[0:19],[0:19],[0:19],[0:19],[0:19],[0:19],[7:11],[0:19],[0:19],[0:19],[0:19],[0:19],[6:11],1
[0:19],[0:19],[0:19],[0:19],[0:19],[0:19],[0:19],[0:19],[0:19],[0:19],[0:19],[0:19],[0:19],[7:11],[0:19],[0:19],[0:19],[0:19],[0:19],[12:15],0
[0:19],[0:19],[0:19],[0:19],[0:19],[0:19],[0:19],[0:19],[0:19],[0:19],[0:19],[0:19],[0:19],[7:11],[0:19],[0:19],[0:19],[0:19],[0:19],[12:15],0
[0:19],[0:19],[0:19],[0:19],[0:19],[0:19],[0:19],[0:19],[0:19],[0:19],[0:19],[0:19],[0:19],[7:11],[0:19],[0:19],[0:19],[0:19],[0:19],[6:11],0
[0:19],[0:19],[0:19],[0:19],[0:19],[0:19],[0:19],[0:19],[0:19],[0:19],[0:19],[0:19],[0:19],[12:14],[0:19],[0:19],[0:19],[0:19],[0:19],[6:11],0
[0:19],[0:19],[0:19],[0:19],[0:19],[0:19],[0:19],[0:19],[0:19],[0:19],[0:19],[0:19],[0:19],[7:11],[0:19],[0:19],[0:19],[0:19],[0:19],[6:11],1
[0:19],[0:19],[0:19],[0:19],[0:19],[0:19],[0:19],[0:19],[0:19],[0:19],[0:19],[0:19],[0:19],[7:11],[0:19],[0:19],[0:19],[0:19],[0:19],[6:11],1
[0:19],[0:19],[0:19],[0:19],[0:19],[0:19],[0:19],[0:19],[0:19],[0:19],[0:19],[0:19],[0:19],[7:11],[0:19],[0:19],[0:19],[0:19],[0:19],[6:11],1
[0:19],[0:19],[0:19],[0:19],[0:19],[0:19],[0:19],[0:19],[0:19],[0:19],[0:19],[0:19],[0:19],[7:11],[0:19],[0:19],[0:19],[0:19],[0:19],[6:11],0
[0:19],[0:19],[0:19],[0:19],[0:19],[0:19],[0:19],[0:19],[0:19],[0:19],[0:19],[0:19],[0:19],[7:11],[0:19],[0:19],[0:19],[0:19],[0:19],[6:11],0
[0:19],[0:19],[0:19],[0:19],[0:19],[0:19],[0:19],[0:19],[0:19],[0:19],[0:19],[0:19],[0:19],[7:11],[0:19],[0:19],[0:19],[0:19],[0:19],[6:11],1
[0:19],[0:19],[0:19],[0:19],[0:19],[0:19],[0:19],[0:19],[0:19],[0:19],[0:19],[0:19],[0:19],[7:11],[0:19],[0:19],[0:19],[0:19],[0:19],[6:11],0
[0:19],[0:19],[0:19],[0:19],[0:19],[0:19],[0:19],[0:19],[0:19],[0:19],[0:19],[0:19],[0:19],[0:6],[0:19],[0:19],[0:19],[0:19],[0:19],[6:11],0
[0:19],[0:19],[0:19],[0:19],[0:19],[0:19],[0:19],[0:19],[0:19],[0:19],[0:19],[0:19],[0:19],[7:11],[0:19],[0:19],[0:19],[0:19],[0:19],[6:11],1
[0:19],[0:19],[0:19],[0:19],[0:19],[0:19],[0:19],[0:19],[0:19],[0:19],[0:19],[0:19],[0:19],[12:14],[0:19],[0:19],[0:19],[0:19],[0:19],[6:11],0
[0:19],[0:19],[0:19],[0:19],[0:19],[0:19],[0:19],[0:19],[0:19],[0:19],[0:19],[0:19],[0:19],[7:11],[0:19],[0:19],[0:19],[0:19],[0:19],[6:11],1
[0:19],[0:19],[0:19],[0:19],[0:19],[0:19],[0:19],[0:19],[0:19],[0:19],[0:19],[0:19],[0:19],[7:11],[0:19],[0:19],[0:19],[0:19],[0:19],[6:11],1
[0:19],[0:19],[0:19],[0:19],[0:19],[0:19],[0:19],[0:19],[0:19],[0:19],[0:19],[0:19],[0:19],[7:11],[0:19],[0:19],[0:19],[0:19],[0:19],[6:11],1
[0:19],[0:19],[0:19],[0:19],[0:19],[0:19],[0:19],[0:19],[0:19],[0:19],[0:19],[0:19],[0:19],[7:11],[0:19],[0:19],[0:19],[0:19],[0:19],[6:11],0
[0:19],[0:19],[0:19],[0:19],[0:19],[0:19],[0:19],[0:19],[0:19],[0:19],[0:19],[0:19],[0:19],[0:6],[0:19],[0:19],[0:19],[0:19],[0:19],[6:11],0
[0:19],[0:19],[0:19],[0:19],[0:19],[0:19],[0:19],[0:19],[0:19],[0:19],[0:19],[0:19],[0:19],[7:11],[0:19],[0:19],[0:19],[0:19],[0:19],[6:11],0
[0:19],[0:19],[0:19],[0:19],[0:19],[0:19],[0:19],[0:19],[0:19],[0:19],[0:19],[0:19],[0:19],[7:11],[0:19],[0:19],[0:19],[0:19],[0:19],[6:11],1
[0:19],[0:19],[0:19],[0:19],[0:19],[0:19],[0:19],[0:19],[0:19],[0:19],[0:19],[0:19],[0:19],[12:14],[0:19],[0:19],[0:19],[0:19],[0:19],[6:11],0
[0:19],[0:19],[0:19],[0:19],[0:19],[0:19],[0:19],[0:19],[0:19],[0:19],[0:19],[0:19],[0:19],[7:11],[0:19],[0:19],[0:19],[0:19],[0:19],[6:11],1
[0:19],[0:19],[0:19],[0:19],[0:19],[0:19],[0:19],[0:19],[0:19],[0:19],[0:19],[0:19],[0:19],[12:14],[0:19],[0:19],[0:19],[0:19],[0:19],[6:11],0
[0:19],[0:19],[0:19],[0:19],[0:19],[0:19],[0:19],[0:19],[0:19],[0:19],[0:19],[0:19],[0:19],[12:14],[0:19],[0:19],[0:19],[0:19],[0:19],[6:11],1
[0:19],[0:19],[0:19],[0:19],[0:19],[0:19],[0:19],[0:19],[0:19],[0:19],[0:19],[0:19],[0:19],[12:14],[0:19],[0:19],[0:19],[0:19],[0:19],[12:15],1
[0:19],[0:19],[0:19],[0:19],[0:19],[0:19],[0:19],[0:19],[0:19],[0:19],[0:19],[0:19],[0:19],[7:11],[0:19],[0:19],[0:19],[0:19],[0:19],[3:5],0
[0:19],[0:19],[0:19],[0:19],[0:19],[0:19],[0:19],[0:19],[0:19],[0:19],[0:19],[0:19],[0:19],[12:14],[0:19],[0:19],[0:19],[0:19],[0:19],[6:11],0
[0:19],[0:19],[0:19],[0:19],[0:19],[0:19],[0:19],[0:19],[0:19],[0:19],[0:19],[0:19],[0:19],[7:11],[0:19],[0:19],[0:19],[0:19],[0:19],[6:11],1
[0:19],[0:19],[0:19],[0:19],[0:19],[0:19],[0:19],[0:19],[0:19],[0:19],[0:19],[0:19],[0:19],[0:6],[0:19],[0:19],[0:19],[0:19],[0:19],[12:15],0
[0:19],[0:19],[0:19],[0:19],[0:19],[0:19],[0:19],[0:19],[0:19],[0:19],[0:19],[0:19],[0:19],[7:11],[0:19],[0:19],[0:19],[0:19],[0:19],[12:15],0
[0:19],[0:19],[0:19],[0:19],[0:19],[0:19],[0:19],[0:19],[0:19],[0:19],[0:19],[0:19],[0:19],[12:14],[0:19],[0:19],[0:19],[0:19],[0:19],[6:11],0
[0:19],[0:19],[0:19],[0:19],[0:19],[0:19],[0:19],[0:19],[0:19],[0:19],[0:19],[0:19],[0:19],[7:11],[0:19],[0:19],[0:19],[0:19],[0:19],[6:11],0
[0:19],[0:19],[0:19],[0:19],[0:19],[0:19],[0:19],[0:19],[0:19],[0:19],[0:19],[0:19],[0:19],[7:11],[0:19],[0:19],[0:19],[0:19],[0:19],[6:11],1
[0:19],[0:19],[0:19],[0:19],[0:19],[0:19],[0:19],[0:19],[0:19],[0:19],[0:19],[0:19],[0:19],[12:14],[0:19],[0:19],[0:19],[0:19],[0:19],[6:11],1
[0:19],[0:19],[0:19],[0:19],[0:19],[0:19],[0:19],[0:19],[0:19],[0:19],[0:19],[0:19],[0:19],[7:11],[0:19],[0:19],[0:19],[0:19],[0:19],[6:11],0
[0:19],[0:19],[0:19],[0:19],[0:19],[0:19],[0:19],[0:19],[0:19],[0:19],[0:19],[0:19],[0:19],[7:11],[0:19],[0:19],[0:19],[0:19],[0:19],[6:11],0
[0:19],[0:19],[0:19],[0:19],[0:19],[0:19],[0:19],[0:19],[0:19],[0:19],[0:19],[0:19],[0:19],[7:11],[0:19],[0:19],[0:19],[0:19],[0:19],[6:11],0
[0:19],[0:19],[0:19],[0:19],[0:19],[0:19],[0:19],[0:19],[0:19],[0:19],[0:19],[0:19],[0:19],[12:14],[0:19],[0:19],[0:19],[0:19],[0:19],[6:11],1
[0:19],[0:19],[0:19],[0:19],[0:19],[0:19],[0:19],[0:19],[0:19],[0:19],[0:19],[0:19],[0:19],[7:11],[0:19],[0:19],[0:19],[0:19],[0:19],[6:11],1
[0:19],[0:19],[0:19],[0:19],[0:19],[0:19],[0:19],[0:19],[0:19],[0:19],[0:19],[0:19],[0:19],[7:11],[0:19],[0:19],[0:19],[0:19],[0:19],[6:11],0
[0:19],[0:19],[0:19],[0:19],[0:19],[0:19],[0:19],[0:19],[0:19],[0:19],[0:19],[0:19],[0:19],[7:11],[0:19],[0:19],[0:19],[0:19],[0:19],[6:11],0
[0:19],[0:19],[0:19],[0:19],[0:19],[0:19],[0:19],[0:19],[0:19],[0:19],[0:19],[0:19],[0:19],[7:11],[0:19],[0:19],[0:19],[0:19],[0:19],[6:11],0
[0:19],[0:19],[0:19],[0:19],[0:19],[0:19],[0:19],[0:19],[0:19],[0:19],[0:19],[0:19],[0:19],[7:11],[0:19],[0:19],[0:19],[0:19],[0:19],[6:11],0
[0:19],[0:19],[0:19],[0:19],[0:19],[0:19],[0:19],[0:19],[0:19],[0:19],[0:19],[0:19],[0:19],[7:11],[0:19],[0:19],[0:19],[0:19],[0:19],[6:11],1
[0:19],[0:19],[0:19],[0:19],[0:19],[0:19],[0:19],[0:19],[0:19],[0:19],[0:19],[0:19],[0:19],[7:11],[0:19],[0:19],[0:19],[0:19],[0:19],[6:11],0
[0:19],[0:19],[0:19],[0:19],[0:19],[0:19],[0:19],[0:19],[0:19],[0:19],[0:19],[0:19],[0:19],[7:11],[0:19],[0:19],[0:19],[0:19],[0:19],[6:11],1
[0:19],[0:19],[0:19],[0:19],[0:19],[0:19],[0:19],[0:19],[0:19],[0:19],[0:19],[0:19],[0:19],[7:11],[0:19],[0:19],[0:19],[0:19],[0:19],[6:11],0
[0:19],[0:19],[0:19],[0:19],[0:19],[0:19],[0:19],[0:19],[0:19],[0:19],[0:19],[0:19],[0:19],[7:11],[0:19],[0:19],[0:19],[0:19],[0:19],[6:11],1
[0:19],[0:19],[0:19],[0:19],[0:19],[0:19],[0:19],[0:19],[0:19],[0:19],[0:19],[0:19],[0:19],[7:11],[0:19],[0:19],[0:19],[0:19],[0:19],[3:5],0
[0:19],[0:19],[0:19],[0:19],[0:19],[0:19],[0:19],[0:19],[0:19],[0:19],[0:19],[0:19],[0:19],[7:11],[0:19],[0:19],[0:19],[0:19],[0:19],[6:11],1
[0:19],[0:19],[0:19],[0:19],[0:19],[0:19],[0:19],[0:19],[0:19],[0:19],[0:19],[0:19],[0:19],[7:11],[0:19],[0:19],[0:19],[0:19],[0:19],[6:11],0
[0:19],[0:19],[0:19],[0:19],[0:19],[0:19],[0:19],[0:19],[0:19],[0:19],[0:19],[0:19],[0:19],[12:14],[0:19],[0:19],[0:19],[0:19],[0:19],[6:11],1
[0:19],[0:19],[0:19],[0:19],[0:19],[0:19],[0:19],[0:19],[0:19],[0:19],[0:19],[0:19],[0:19],[12:14],[0:19],[0:19],[0:19],[0:19],[0:19],[6:11],0
[0:19],[0:19],[0:19],[0:19],[0:19],[0:19],[0:19],[0:19],[0:19],[0:19],[0:19],[0:19],[0:19],[0:6],[0:19],[0:19],[0:19],[0:19],[0:19],[3:5],0
[0:19],[0:19],[0:19],[0:19],[0:19],[0:19],[0:19],[0:19],[0:19],[0:19],[0:19],[0:19],[0:19],[7:11],[0:19],[0:19],[0:19],[0:19],[0:19],[6:11],1
[0:19],[0:19],[0:19],[0:19],[0:19],[0:19],[0:19],[0:19],[0:19],[0:19],[0:19],[0:19],[0:19],[0:6],[0:19],[0:19],[0:19],[0:19],[0:19],[6:11],0
[0:19],[0:19],[0:19],[0:19],[0:19],[0:19],[0:19],[0:19],[0:19],[0:19],[0:19],[0:19],[0:19],[7:11],[0:19],[0:19],[0:19],[0:19],[0:19],[6:11],0
[0:19],[0:19],[0:19],[0:19],[0:19],[0:19],[0:19],[0:19],[0:19],[0:19],[0:19],[0:19],[0:19],[7:11],[0:19],[0:19],[0:19],[0:19],[0:19],[6:11],1
[0:19],[0:19],[0:19],[0:19],[0:19],[0:19],[0:19],[0:19],[0:19],[0:19],[0:19],[0:19],[0:19],[7:11],[0:19],[0:19],[0:19],[0:19],[0:19],[6:11],0
[0:19],[0:19],[0:19],[0:19],[0:19],[0:19],[0:19],[0:19],[0:19],[0:19],[0:19],[0:19],[0:19],[7:11],[0:19],[0:19],[0:19],[0:19],[0:19],[6:11],1
[0:19],[0:19],[0:19],[0:19],[0:19],[0:19],[0:19],[0:19],[0:19],[0:19],[0:19],[0:19],[0:19],[7:11],[0:19],[0:19],[0:19],[0:19],[0:19],[3:5],0
[0:19],[0:19],[0:19],[0:19],[0:19],[0:19],[0:19],[0:19],[0:19],[0:19],[0:19],[0:19],[0:19],[7:11],[0:19],[0:19],[0:19],[0:19],[0:19],[6:11],1
[0:19],[0:19],[0:19],[0:19],[0:19],[0:19],[0:19],[0:19],[0:19],[0:19],[0:19],[0:19],[0:19],[7:11],[0:19],[0:19],[0:19],[0:19],[0:19],[6:11],1
[0:19],[0:19],[0:19],[0:19],[0:19],[0:19],[0:19],[0:19],[0:19],[0:19],[0:19],[0:19],[0:19],[7:11],[0:19],[0:19],[0:19],[0:19],[0:19],[6:11],1
[0:19],[0:19],[0:19],[0:19],[0:19],[0:19],[0:19],[0:19],[0:19],[0:19],[0:19],[0:19],[0:19],[0:6],[0:19],[0:19],[0:19],[0:19],[0:19],[12:15],0
[0:19],[0:19],[0:19],[0:19],[0:19],[0:19],[0:19],[0:19],[0:19],[0:19],[0:19],[0:19],[0:19],[7:11],[0:19],[0:19],[0:19],[0:19],[0:19],[6:11],0
[0:19],[0:19],[0:19],[0:19],[0:19],[0:19],[0:19],[0:19],[0:19],[0:19],[0:19],[0:19],[0:19],[0:6],[0:19],[0:19],[0:19],[0:19],[0:19],[12:15],0
[0:19],[0:19],[0:19],[0:19],[0:19],[0:19],[0:19],[0:19],[0:19],[0:19],[0:19],[0:19],[0:19],[7:11],[0:19],[0:19],[0:19],[0:19],[0:19],[6:11],0
[0:19],[0:19],[0:19],[0:19],[0:19],[0:19],[0:19],[0:19],[0:19],[0:19],[0:19],[0:19],[0:19],[7:11],[0:19],[0:19],[0:19],[0:19],[0:19],[6:11],1
[0:19],[0:19],[0:19],[0:19],[0:19],[0:19],[0:19],[0:19],[0:19],[0:19],[0:19],[0:19],[0:19],[7:11],[0:19],[0:19],[0:19],[0:19],[0:19],[6:11],0
[0:19],[0:19],[0:19],[0:19],[0:19],[0:19],[0:19],[0:19],[0:19],[0:19],[0:19],[0:19],[0:19],[7:11],[0:19],[0:19],[0:19],[0:19],[0:19],[6:11],0
[0:19],[0:19],[0:19],[0:19],[0:19],[0:19],[0:19],[0:19],[0:19],[0:19],[0:19],[0:19],[0:19],[7:11],[0:19],[0:19],[0:19],[0:19],[0:19],[6:11],0
[0:19],[0:19],[0:19],[0:19],[0:19],[0:19],[0:19],[0:19],[0:19],[0:19],[0:19],[0:19],[0:19],[7:11],[0:19],[0:19],[0:19],[0:19],[0:19],[0:2],0
[0:19],[0:19],[0:19],[0:19],[0:19],[0:19],[0:19],[0:19],[0:19],[0:19],[0:19],[0:19],[0:19],[7:11],[0:19],[0:19],[0:19],[0:19],[0:19],[6:11],1
[0:19],[0:19],[0:19],[0:19],[0:19],[0:19],[0:19],[0:19],[0:19],[0:19],[0:19],[0:19],[0:19],[12:14],[0:19],[0:19],[0:19],[0:19],[0:19],[6:11],1
[0:19],[0:19],[0:19],[0:19],[0:19],[0:19],[0:19],[0:19],[0:19],[0:19],[0:19],[0:19],[0:19],[7:11],[0:19],[0:19],[0:19],[0:19],[0:19],[6:11],0
[0:19],[0:19],[0:19],[0:19],[0:19],[0:19],[0:19],[0:19],[0:19],[0:19],[0:19],[0:19],[0:19],[7:11],[0:19],[0:19],[0:19],[0:19],[0:19],[6:11],1
[0:19],[0:19],[0:19],[0:19],[0:19],[0:19],[0:19],[0:19],[0:19],[0:19],[0:19],[0:19],[0:19],[12:14],[0:19],[0:19],[0:19],[0:19],[0:19],[6:11],1
[0:19],[0:19],[0:19],[0:19],[0:19],[0:19],[0:19],[0:19],[0:19],[0:19],[0:19],[0:19],[0:19],[7:11],[0:19],[0:19],[0:19],[0:19],[0:19],[6:11],0
[0:19],[0:19],[0:19],[0:19],[0:19],[0:19],[0:19],[0:19],[0:19],[0:19],[0:19],[0:19],[0:19],[7:11],[0:19],[0:19],[0:19],[0:19],[0:19],[6:11],1
[0:19],[0:19],[0:19],[0:19],[0:19],[0:19],[0:19],[0:19],[0:19],[0:19],[0:19],[0:19],[0:19],[7:11],[0:19],[0:19],[0:19],[0:19],[0:19],[6:11],0
[0:19],[0:19],[0:19],[0:19],[0:19],[0:19],[0:19],[0:19],[0:19],[0:19],[0:19],[0:19],[0:19],[7:11],[0:19],[0:19],[0:19],[0:19],[0:19],[6:11],1
[0:19],[0:19],[0:19],[0:19],[0:19],[0:19],[0:19],[0:19],[0:19],[0:19],[0:19],[0:19],[0:19],[7:11],[0:19],[0:19],[0:19],[0:19],[0:19],[6:11],0
[0:19],[0:19],[0:19],[0:19],[0:19],[0:19],[0:19],[0:19],[0:19],[0:19],[0:19],[0:19],[0:19],[7:11],[0:19],[0:19],[0:19],[0:19],[0:19],[6:11],1
[0:19],[0:19],[0:19],[0:19],[0:19],[0:19],[0:19],[0:19],[0:19],[0:19],[0:19],[0:19],[0:19],[7:11],[0:19],[0:19],[0:19],[0:19],[0:19],[6:11],1
[0:19],[0:19],[0:19],[0:19],[0:19],[0:19],[0:19],[0:19],[0:19],[0:19],[0:19],[0:19],[0:19],[7:11],[0:19],[0:19],[0:19],[0:19],[0:19],[6:11],1
[0:19],[0:19],[0:19],[0:19],[0:19],[0:19],[0:19],[0:19],[0:19],[0:19],[0:19],[0:19],[0:19],[7:11],[0:19],[0:19],[0:19],[0:19],[0:19],[6:11],1
[0:19],[0:19],[0:19],[0:19],[0:19],[0:19],[0:19],[0:19],[0:19],[0:19],[0:19],[0:19],[0:19],[7:11],[0:19],[0:19],[0:19],[0:19],[0:19],[6:11],1
[0:19],[0:19],[0:19],[0:19],[0:19],[0:19],[0:19],[0:19],[0:19],[0:19],[0:19],[0:19],[0:19],[7:11],[0:19],[0:19],[0:19],[0:19],[0:19],[6:11],1
[0:19],[0:19],[0:19],[0:19],[0:19],[0:19],[0:19],[0:19],[0:19],[0:19],[0:19],[0:19],[0:19],[0:6],[0:19],[0:19],[0:19],[0:19],[0:19],[6:11],0
[0:19],[0:19],[0:19],[0:19],[0:19],[0:19],[0:19],[0:19],[0:19],[0:19],[0:19],[0:19],[0:19],[7:11],[0:19],[0:19],[0:19],[0:19],[0:19],[6:11],0
[0:19],[0:19],[0:19],[0:19],[0:19],[0:19],[0:19],[0:19],[0:19],[0:19],[0:19],[0:19],[0:19],[7:11],[0:19],[0:19],[0:19],[0:19],[0:19],[6:11],1
[0:19],[0:19],[0:19],[0:19],[0:19],[0:19],[0:19],[0:19],[0:19],[0:19],[0:19],[0:19],[0:19],[7:11],[0:19],[0:19],[0:19],[0:19],[0:19],[6:11],1
[0:19],[0:19],[0:19],[0:19],[0:19],[0:19],[0:19],[0:19],[0:19],[0:19],[0:19],[0:19],[0:19],[7:11],[0:19],[0:19],[0:19],[0:19],[0:19],[6:11],0
[0:19],[0:19],[0:19],[0:19],[0:19],[0:19],[0:19],[0:19],[0:19],[0:19],[0:19],[0:19],[0:19],[7:11],[0:19],[0:19],[0:19],[0:19],[0:19],[6:11],1
[0:19],[0:19],[0:19],[0:19],[0:19],[0:19],[0:19],[0:19],[0:19],[0:19],[0:19],[0:19],[0:19],[7:11],[0:19],[0:19],[0:19],[0:19],[0:19],[3:5],0
[0:19],[0:19],[0:19],[0:19],[0:19],[0:19],[0:19],[0:19],[0:19],[0:19],[0:19],[0:19],[0:19],[7:11],[0:19],[0:19],[0:19],[0:19],[0:19],[6:11],1
[0:19],[0:19],[0:19],[0:19],[0:19],[0:19],[0:19],[0:19],[0:19],[0:19],[0:19],[0:19],[0:19],[12:14],[0:19],[0:19],[0:19],[0:19],[0:19],[6:11],1
[0:19],[0:19],[0:19],[0:19],[0:19],[0:19],[0:19],[0:19],[0:19],[0:19],[0:19],[0:19],[0:19],[7:11],[0:19],[0:19],[0:19],[0:19],[0:19],[6:11],0
[0:19],[0:19],[0:19],[0:19],[0:19],[0:19],[0:19],[0:19],[0:19],[0:19],[0:19],[0:19],[0:19],[7:11],[0:19],[0:19],[0:19],[0:19],[0:19],[6:11],0
[0:19],[0:19],[0:19],[0:19],[0:19],[0:19],[0:19],[0:19],[0:19],[0:19],[0:19],[0:19],[0:19],[7:11],[0:19],[0:19],[0:19],[0:19],[0:19],[12:15],0
[0:19],[0:19],[0:19],[0:19],[0:19],[0:19],[0:19],[0:19],[0:19],[0:19],[0:19],[0:19],[0:19],[12:14],[0:19],[0:19],[0:19],[0:19],[0:19],[6:11],0
[0:19],[0:19],[0:19],[0:19],[0:19],[0:19],[0:19],[0:19],[0:19],[0:19],[0:19],[0:19],[0:19],[7:11],[0:19],[0:19],[0:19],[0:19],[0:19],[6:11],0
[0:19],[0:19],[0:19],[0:19],[0:19],[0:19],[0:19],[0:19],[0:19],[0:19],[0:19],[0:19],[0:19],[12:14],[0:19],[0:19],[0:19],[0:19],[0:19],[3:5],0
[0:19],[0:19],[0:19],[0:19],[0:19],[0:19],[0:19],[0:19],[0:19],[0:19],[0:19],[0:19],[0:19],[7:11],[0:19],[0:19],[0:19],[0:19],[0:19],[6:11],1
[0:19],[0:19],[0:19],[0:19],[0:19],[0:19],[0:19],[0:19],[0:19],[0:19],[0:19],[0:19],[0:19],[7:11],[0:19],[0:19],[0:19],[0:19],[0:19],[6:11],1
[0:19],[0:19],[0:19],[0:19],[0:19],[0:19],[0:19],[0:19],[0:19],[0:19],[0:19],[0:19],[0:19],[7:11],[0:19],[0:19],[0:19],[0:19],[0:19],[6:11],0
[0:19],[0:19],[0:19],[0:19],[0:19],[0:19],[0:19],[0:19],[0:19],[0:19],[0:19],[0:19],[0:19],[7:11],[0:19],[0:19],[0:19],[0:19],[0:19],[6:11],1
[0:19],[0:19],[0:19],[0:19],[0:19],[0:19],[0:19],[0:19],[0:19],[0:19],[0:19],[0:19],[0:19],[7:11],[0:19],[0:19],[0:19],[0:19],[0:19],[6:11],0
[0:19],[0:19],[0:19],[0:19],[0:19],[0:19],[0:19],[0:19],[0:19],[0:19],[0:19],[0:19],[0:19],[7:11],[0:19],[0:19],[0:19],[0:19],[0:19],[6:11],1
[0:19],[0:19],[0:19],[0:19],[0:19],[0:19],[0:19],[0:19],[0:19],[0:19],[0:19],[0:19],[0:19],[7:11],[0:19],[0:19],[0:19],[0:19],[0:19],[6:11],0
[0:19],[0:19],[0:19],[0:19],[0:19],[0:19],[0:19],[0:19],[0:19],[0:19],[0:19],[0:19],[0:19],[7:11],[0:19],[0:19],[0:19],[0:19],[0:19],[6:11],1
[0:19],[0:19],[0:19],[0:19],[0:19],[0:19],[0:19],[0:19],[0:19],[0:19],[0:19],[0:19],[0:19],[0:6],[0:19],[0:19],[0:19],[0:19],[0:19],[6:11],0
[0:19],[0:19],[0:19],[0:19],[0:19],[0:19],[0:19],[0:19],[0:19],[0:19],[0:19],[0:19],[0:19],[0:6],[0:19],[0:19],[0:19],[0:19],[0:19],[12:15],0
[0:19],[0:19],[0:19],[0:19],[0:19],[0:19],[0:19],[0:19],[0:19],[0:19],[0:19],[0:19],[0:19],[7:11],[0:19],[0:19],[0:19],[0:19],[0:19],[12:15],1
[0:19],[0:19],[0:19],[0:19],[0:19],[0:19],[0:19],[0:19],[0:19],[0:19],[0:19],[0:19],[0:19],[7:11],[0:19],[0:19],[0:19],[0:19],[0:19],[6:11],1
[0:19],[0:19],[0:19],[0:19],[0:19],[0:19],[0:19],[0:19],[0:19],[0:19],[0:19],[0:19],[0:19],[7:11],[0:19],[0:19],[0:19],[0:19],[0:19],[0:2],0
[0:19],[0:19],[0:19],[0:19],[0:19],[0:19],[0:19],[0:19],[0:19],[0:19],[0:19],[0:19],[0:19],[7:11],[0:19],[0:19],[0:19],[0:19],[0:19],[6:11],0
[0:19],[0:19],[0:19],[0:19],[0:19],[0:19],[0:19],[0:19],[0:19],[0:19],[0:19],[0:19],[0:19],[7:11],[0:19],[0:19],[0:19],[0:19],[0:19],[6:11],0
[0:19],[0:19],[0:19],[0:19],[0:19],[0:19],[0:19],[0:19],[0:19],[0:19],[0:19],[0:19],[0:19],[7:11],[0:19],[0:19],[0:19],[0:19],[0:19],[6:11],1
[0:19],[0:19],[0:19],[0:19],[0:19],[0:19],[0:19],[0:19],[0:19],[0:19],[0:19],[0:19],[0:19],[7:11],[0:19],[0:19],[0:19],[0:19],[0:19],[6:11],1
[0:19],[0:19],[0:19],[0:19],[0:19],[0:19],[0:19],[0:19],[0:19],[0:19],[0:19],[0:19],[0:19],[7:11],[0:19],[0:19],[0:19],[0:19],[0:19],[6:11],1
[0:19],[0:19],[0:19],[0:19],[0:19],[0:19],[0:19],[0:19],[0:19],[0:19],[0:19],[0:19],[0:19],[12:14],[0:19],[0:19],[0:19],[0:19],[0:19],[6:11],0
[0:19],[0:19],[0:19],[0:19],[0:19],[0:19],[0:19],[0:19],[0:19],[0:19],[0:19],[0:19],[0:19],[7:11],[0:19],[0:19],[0:19],[0:19],[0:19],[6:11],0
[0:19],[0:19],[0:19],[0:19],[0:19],[0:19],[0:19],[0:19],[0:19],[0:19],[0:19],[0:19],[0:19],[7:11],[0:19],[0:19],[0:19],[0:19],[0:19],[6:11],1
[0:19],[0:19],[0:19],[0:19],[0:19],[0:19],[0:19],[0:19],[0:19],[0:19],[0:19],[0:19],[0:19],[7:11],[0:19],[0:19],[0:19],[0:19],[0:19],[6:11],0
[0:19],[0:19],[0:19],[0:19],[0:19],[0:19],[0:19],[0:19],[0:19],[0:19],[0:19],[0:19],[0:19],[0:6],[0:19],[0:19],[0:19],[0:19],[0:19],[6:11],0
[0:19],[0:19],[0:19],[0:19],[0:19],[0:19],[0:19],[0:19],[0:19],[0:19],[0:19],[0:19],[0:19],[7:11],[0:19],[0:19],[0:19],[0:19],[0:19],[6:11],0
[0:19],[0:19],[0:19],[0:19],[0:19],[0:19],[0:19],[0:19],[0:19],[0:19],[0:19],[0:19],[0:19],[7:11],[0:19],[0:19],[0:19],[0:19],[0:19],[6:11],1
[0:19],[0:19],[0:19],[0:19],[0:19],[0:19],[0:19],[0:19],[0:19],[0:19],[0:19],[0:19],[0:19],[7:11],[0:19],[0:19],[0:19],[0:19],[0:19],[6:11],1
[0:19],[0:19],[0:19],[0:19],[0:19],[0:19],[0:19],[0:19],[0:19],[0:19],[0:19],[0:19],[0:19],[7:11],[0:19],[0:19],[0:19],[0:19],[0:19],[6:11],0
[0:19],[0:19],[0:19],[0:19],[0:19],[0:19],[0:19],[0:19],[0:19],[0:19],[0:19],[0:19],[0:19],[7:11],[0:19],[0:19],[0:19],[0:19],[0:19],[6:11],1
[0:19],[0:19],[0:19],[0:19],[0:19],[0:19],[0:19],[0:19],[0:19],[0:19],[0:19],[0:19],[0:19],[7:11],[0:19],[0:19],[0:19],[0:19],[0:19],[6:11],1
[0:19],[0:19],[0:19],[0:19],[0:19],[0:19],[0:19],[0:19],[0:19],[0:19],[0:19],[0:19],[0:19],[7:11],[0:19],[0:19],[0:19],[0:19],[0:19],[6:11],1
[0:19],[0:19],[0:19],[0:19],[0:19],[0:19],[0:19],[0:19],[0:19],[0:19],[0:19],[0:19],[0:19],[7:11],[0:19],[0:19],[0:19],[0:19],[0:19],[6:11],0
[0:19],[0:19],[0:19],[0:19],[0:19],[0:19],[0:19],[0:19],[0:19],[0:19],[0:19],[0:19],[0:19],[7:11],[0:19],[0:19],[0:19],[0:19],[0:19],[6:11],1
[0:19],[0:19],[0:19],[0:19],[0:19],[0:19],[0:19],[0:19],[0:19],[0:19],[0:19],[0:19],[0:19],[7:11],[0:19],[0:19],[0:19],[0:19],[0:19],[6:11],0
[0:19],[0:19],[0:19],[0:19],[0:19],[0:19],[0:19],[0:19],[0:19],[0:19],[0:19],[0:19],[0:19],[7:11],[0:19],[0:19],[0:19],[0:19],[0:19],[6:11],0
[0:19],[0:19],[0:19],[0:19],[0:19],[0:19],[0:19],[0:19],[0:19],[0:19],[0:19],[0:19],[0:19],[7:11],[0:19],[0:19],[0:19],[0:19],[0:19],[6:11],1
[0:19],[0:19],[0:19],[0:19],[0:19],[0:19],[0:19],[0:19],[0:19],[0:19],[0:19],[0:19],[0:19],[12:14],[0:19],[0:19],[0:19],[0:19],[0:19],[6:11],0
[0:19],[0:19],[0:19],[0:19],[0:19],[0:19],[0:19],[0:19],[0:19],[0:19],[0:19],[0:19],[0:19],[12:14],[0:19],[0:19],[0:19],[0:19],[0:19],[6:11],0
[0:19],[0:19],[0:19],[0:19],[0:19],[0:19],[0:19],[0:19],[0:19],[0:19],[0:19],[0:19],[0:19],[0:6],[0:19],[0:19],[0:19],[0:19],[0:19],[0:2],0
[0:19],[0:19],[0:19],[0:19],[0:19],[0:19],[0:19],[0:19],[0:19],[0:19],[0:19],[0:19],[0:19],[12:14],[0:19],[0:19],[0:19],[0:19],[0:19],[6:11],1
[0:19],[0:19],[0:19],[0:19],[0:19],[0:19],[0:19],[0:19],[0:19],[0:19],[0:19],[0:19],[0:19],[7:11],[0:19],[0:19],[0:19],[0:19],[0:19],[6:11],0
[0:19],[0:19],[0:19],[0:19],[0:19],[0:19],[0:19],[0:19],[0:19],[0:19],[0:19],[0:19],[0:19],[7:11],[0:19],[0:19],[0:19],[0:19],[0:19],[6:11],0
[0:19],[0:19],[0:19],[0:19],[0:19],[0:19],[0:19],[0:19],[0:19],[0:19],[0:19],[0:19],[0:19],[7:11],[0:19],[0:19],[0:19],[0:19],[0:19],[6:11],1
[0:19],[0:19],[0:19],[0:19],[0:19],[0:19],[0:19],[0:19],[0:19],[0:19],[0:19],[0:19],[0:19],[12:14],[0:19],[0:19],[0:19],[0:19],[0:19],[12:15],0
[0:19],[0:19],[0:19],[0:19],[0:19],[0:19],[0:19],[0:19],[0:19],[0:19],[0:19],[0:19],[0:19],[7:11],[0:19],[0:19],[0:19],[0:19],[0:19],[6:11],1
[0:19],[0:19],[0:19],[0:19],[0:19],[0:19],[0:19],[0:19],[0:19],[0:19],[0:19],[0:19],[0:19],[7:11],[0:19],[0:19],[0:19],[0:19],[0:19],[6:11],1
[0:19],[0:19],[0:19],[0:19],[0:19],[0:19],[0:19],[0:19],[0:19],[0:19],[0:19],[0:19],[0:19],[7:11],[0:19],[0:19],[0:19],[0:19],[0:19],[6:11],1
[0:19],[0:19],[0:19],[0:19],[0:19],[0:19],[0:19],[0:19],[0:19],[0:19],[0:19],[0:19],[0:19],[7:11],[0:19],[0:19],[0:19],[0:19],[0:19],[6:11],1
[0:19],[0:19],[0:19],[0:19],[0:19],[0:19],[0:19],[0:19],[0:19],[0:19],[0:19],[0:19],[0:19],[12:14],[0:19],[0:19],[0:19],[0:19],[0:19],[6:11],0
[0:19],[0:19],[0:19],[0:19],[0:19],[0:19],[0:19],[0:19],[0:19],[0:19],[0:19],[0:19],[0:19],[7:11],[0:19],[0:19],[0:19],[0:19],[0:19],[6:11],0
[0:19],[0:19],[0:19],[0:19],[0:19],[0:19],[0:19],[0:19],[0:19],[0:19],[0:19],[0:19],[0:19],[7:11],[0:19],[0:19],[0:19],[0:19],[0:19],[6:11],1
[0:19],[0:19],[0:19],[0:19],[0:19],[0:19],[0:19],[0:19],[0:19],[0:19],[0:19],[0:19],[0:19],[7:11],[0:19],[0:19],[0:19],[0:19],[0:19],[6:11],0
[0:19],[0:19],[0:19],[0:19],[0:19],[0:19],[0:19],[0:19],[0:19],[0:19],[0:19],[0:19],[0:19],[12:14],[0:19],[0:19],[0:19],[0:19],[0:19],[6:11],0
[0:19],[0:19],[0:19],[0:19],[0:19],[0:19],[0:19],[0:19],[0:19],[0:19],[0:19],[0:19],[0:19],[7:11],[0:19],[0:19],[0:19],[0:19],[0:19],[6:11],1
[0:19],[0:19],[0:19],[0:19],[0:19],[0:19],[0:19],[0:19],[0:19],[0:19],[0:19],[0:19],[0:19],[7:11],[0:19],[0:19],[0:19],[0:19],[0:19],[6:11],0
[0:19],[0:19],[0:19],[0:19],[0:19],[0:19],[0:19],[0:19],[0:19],[0:19],[0:19],[0:19],[0:19],[7:11],[0:19],[0:19],[0:19],[0:19],[0:19],[6:11],1
[0:19],[0:19],[0:19],[0:19],[0:19],[0:19],[0:19],[0:19],[0:19],[0:19],[0:19],[0:19],[0:19],[7:11],[0:19],[0:19],[0:19],[0:19],[0:19],[6:11],1
[0:19],[0:19],[0:19],[0:19],[0:19],[0:19],[0:19],[0:19],[0:19],[0:19],[0:19],[0:19],[0:19],[7:11],[0:19],[0:19],[0:19],[0:19],[0:19],[6:11],1
[0:19],[0:19],[0:19],[0:19],[0:19],[0:19],[0:19],[0:19],[0:19],[0:19],[0:19],[0:19],[0:19],[7:11],[0:19],[0:19],[0:19],[0:19],[0:19],[6:11],1
[0:19],[0:19],[0:19],[0:19],[0:19],[0:19],[0:19],[0:19],[0:19],[0:19],[0:19],[0:19],[0:19],[7:11],[0:19],[0:19],[0:19],[0:19],[0:19],[6:11],0
[0:19],[0:19],[0:19],[0:19],[0:19],[0:19],[0:19],[0:19],[0:19],[0:19],[0:19],[0:19],[0:19],[12:14],[0:19],[0:19],[0:19],[0:19],[0:19],[6:11],1
[0:19],[0:19],[0:19],[0:19],[0:19],[0:19],[0:19],[0:19],[0:19],[0:19],[0:19],[0:19],[0:19],[7:11],[0:19],[0:19],[0:19],[0:19],[0:19],[12:15],0
[0:19],[0:19],[0:19],[0:19],[0:19],[0:19],[0:19],[0:19],[0:19],[0:19],[0:19],[0:19],[0:19],[7:11],[0:19],[0:19],[0:19],[0:19],[0:19],[6:11],1
[0:19],[0:19],[0:19],[0:19],[0:19],[0:19],[0:19],[0:19],[0:19],[0:19],[0:19],[0:19],[0:19],[7:11],[0:19],[0:19],[0:19],[0:19],[0:19],[3:5],1
[0:19],[0:19],[0:19],[0:19],[0:19],[0:19],[0:19],[0:19],[0:19],[0:19],[0:19],[0:19],[0:19],[7:11],[0:19],[0:19],[0:19],[0:19],[0:19],[6:11],0
[0:19],[0:19],[0:19],[0:19],[0:19],[0:19],[0:19],[0:19],[0:19],[0:19],[0:19],[0:19],[0:19],[12:14],[0:19],[0:19],[0:19],[0:19],[0:19],[6:11],0
[0:19],[0:19],[0:19],[0:19],[0:19],[0:19],[0:19],[0:19],[0:19],[0:19],[0:19],[0:19],[0:19],[7:11],[0:19],[0:19],[0:19],[0:19],[0:19],[6:11],1
[0:19],[0:19],[0:19],[0:19],[0:19],[0:19],[0:19],[0:19],[0:19],[0:19],[0:19],[0:19],[0:19],[7:11],[0:19],[0:19],[0:19],[0:19],[0:19],[6:11],1
[0:19],[0:19],[0:19],[0:19],[0:19],[0:19],[0:19],[0:19],[0:19],[0:19],[0:19],[0:19],[0:19],[12:14],[0:19],[0:19],[0:19],[0:19],[0:19],[6:11],1
[0:19],[0:19],[0:19],[0:19],[0:19],[0:19],[0:19],[0:19],[0:19],[0:19],[0:19],[0:19],[0:19],[7:11],[0:19],[0:19],[0:19],[0:19],[0:19],[6:11],0
[0:19],[0:19],[0:19],[0:19],[0:19],[0:19],[0:19],[0:19],[0:19],[0:19],[0:19],[0:19],[0:19],[7:11],[0:19],[0:19],[0:19],[0:19],[0:19],[6:11],0
[0:19],[0:19],[0:19],[0:19],[0:19],[0:19],[0:19],[0:19],[0:19],[0:19],[0:19],[0:19],[0:19],[12:14],[0:19],[0:19],[0:19],[0:19],[0:19],[0:2],0
[0:19],[0:19],[0:19],[0:19],[0:19],[0:19],[0:19],[0:19],[0:19],[0:19],[0:19],[0:19],[0:19],[7:11],[0:19],[0:19],[0:19],[0:19],[0:19],[6:11],0
[0:19],[0:19],[0:19],[0:19],[0:19],[0:19],[0:19],[0:19],[0:19],[0:19],[0:19],[0:19],[0:19],[12:14],[0:19],[0:19],[0:19],[0:19],[0:19],[6:11],1
[0:19],[0:19],[0:19],[0:19],[0:19],[0:19],[0:19],[0:19],[0:19],[0:19],[0:19],[0:19],[0:19],[0:6],[0:19],[0:19],[0:19],[0:19],[0:19],[6:11],0
[0:19],[0:19],[0:19],[0:19],[0:19],[0:19],[0:19],[0:19],[0:19],[0:19],[0:19],[0:19],[0:19],[7:11],[0:19],[0:19],[0:19],[0:19],[0:19],[12:15],0
[0:19],[0:19],[0:19],[0:19],[0:19],[0:19],[0:19],[0:19],[0:19],[0:19],[0:19],[0:19],[0:19],[12:14],[0:19],[0:19],[0:19],[0:19],[0:19],[6:11],0
[0:19],[0:19],[0:19],[0:19],[0:19],[0:19],[0:19],[0:19],[0:19],[0:19],[0:19],[0:19],[0:19],[7:11],[0:19],[0:19],[0:19],[0:19],[0:19],[6:11],1
[0:19],[0:19],[0:19],[0:19],[0:19],[0:19],[0:19],[0:19],[0:19],[0:19],[0:19],[0:19],[0:19],[7:11],[0:19],[0:19],[0:19],[0:19],[0:19],[6:11],0
[0:19],[0:19],[0:19],[0:19],[0:19],[0:19],[0:19],[0:19],[0:19],[0:19],[0:19],[0:19],[0:19],[12:14],[0:19],[0:19],[0:19],[0:19],[0:19],[6:11],0
[0:19],[0:19],[0:19],[0:19],[0:19],[0:19],[0:19],[0:19],[0:19],[0:19],[0:19],[0:19],[0:19],[7:11],[0:19],[0:19],[0:19],[0:19],[0:19],[6:11],1
[0:19],[0:19],[0:19],[0:19],[0:19],[0:19],[0:19],[0:19],[0:19],[0:19],[0:19],[0:19],[0:19],[7:11],[0:19],[0:19],[0:19],[0:19],[0:19],[6:11],1
[0:19],[0:19],[0:19],[0:19],[0:19],[0:19],[0:19],[0:19],[0:19],[0:19],[0:19],[0:19],[0:19],[7:11],[0:19],[0:19],[0:19],[0:19],[0:19],[6:11],1
[0:19],[0:19],[0:19],[0:19],[0:19],[0:19],[0:19],[0:19],[0:19],[0:19],[0:19],[0:19],[0:19],[7:11],[0:19],[0:19],[0:19],[0:19],[0:19],[6:11],0
[0:19],[0:19],[0:19],[0:19],[0:19],[0:19],[0:19],[0:19],[0:19],[0:19],[0:19],[0:19],[0:19],[12:14],[0:19],[0:19],[0:19],[0:19],[0:19],[3:5],0
[0:19],[0:19],[0:19],[0:19],[0:19],[0:19],[0:19],[0:19],[0:19],[0:19],[0:19],[0:19],[0:19],[7:11],[0:19],[0:19],[0:19],[0:19],[0:19],[6:11],1
[0:19],[0:19],[0:19],[0:19],[0:19],[0:19],[0:19],[0:19],[0:19],[0:19],[0:19],[0:19],[0:19],[7:11],[0:19],[0:19],[0:19],[0:19],[0:19],[6:11],0
[0:19],[0:19],[0:19],[0:19],[0:19],[0:19],[0:19],[0:19],[0:19],[0:19],[0:19],[0:19],[0:19],[7:11],[0:19],[0:19],[0:19],[0:19],[0:19],[6:11],1
[0:19],[0:19],[0:19],[0:19],[0:19],[0:19],[0:19],[0:19],[0:19],[0:19],[0:19],[0:19],[0:19],[7:11],[0:19],[0:19],[0:19],[0:19],[0:19],[6:11],1
[0:19],[0:19],[0:19],[0:19],[0:19],[0:19],[0:19],[0:19],[0:19],[0:19],[0:19],[0:19],[0:19],[7:11],[0:19],[0:19],[0:19],[0:19],[0:19],[6:11],1
[0:19],[0:19],[0:19],[0:19],[0:19],[0:19],[0:19],[0:19],[0:19],[0:19],[0:19],[0:19],[0:19],[7:11],[0:19],[0:19],[0:19],[0:19],[0:19],[6:11],1
[0:19],[0:19],[0:19],[0:19],[0:19],[0:19],[0:19],[0:19],[0:19],[0:19],[0:19],[0:19],[0:19],[7:11],[0:19],[0:19],[0:19],[0:19],[0:19],[6:11],0
[0:19],[0:19],[0:19],[0:19],[0:19],[0:19],[0:19],[0:19],[0:19],[0:19],[0:19],[0:19],[0:19],[7:11],[0:19],[0:19],[0:19],[0:19],[0:19],[6:11],0
[0:19],[0:19],[0:19],[0:19],[0:19],[0:19],[0:19],[0:19],[0:19],[0:19],[0:19],[0:19],[0:19],[12:14],[0:19],[0:19],[0:19],[0:19],[0:19],[6:11],0
[0:19],[0:19],[0:19],[0:19],[0:19],[0:19],[0:19],[0:19],[0:19],[0:19],[0:19],[0:19],[0:19],[12:14],[0:19],[0:19],[0:19],[0:19],[0:19],[6:11],0
[0:19],[0:19],[0:19],[0:19],[0:19],[0:19],[0:19],[0:19],[0:19],[0:19],[0:19],[0:19],[0:19],[7:11],[0:19],[0:19],[0:19],[0:19],[0:19],[12:15],0
[0:19],[0:19],[0:19],[0:19],[0:19],[0:19],[0:19],[0:19],[0:19],[0:19],[0:19],[0:19],[0:19],[7:11],[0:19],[0:19],[0:19],[0:19],[0:19],[6:11],0
[0:19],[0:19],[0:19],[0:19],[0:19],[0:19],[0:19],[0:19],[0:19],[0:19],[0:19],[0:19],[0:19],[7:11],[0:19],[0:19],[0:19],[0:19],[0:19],[6:11],0
[0:19],[0:19],[0:19],[0:19],[0:19],[0:19],[0:19],[0:19],[0:19],[0:19],[0:19],[0:19],[0:19],[7:11],[0:19],[0:19],[0:19],[0:19],[0:19],[3:5],0
[0:19],[0:19],[0:19],[0:19],[0:19],[0:19],[0:19],[0:19],[0:19],[0:19],[0:19],[0:19],[0:19],[12:14],[0:19],[0:19],[0:19],[0:19],[0:19],[6:11],0
[0:19],[0:19],[0:19],[0:19],[0:19],[0:19],[0:19],[0:19],[0:19],[0:19],[0:19],[0:19],[0:19],[7:11],[0:19],[0:19],[0:19],[0:19],[0:19],[6:11],1
[0:19],[0:19],[0:19],[0:19],[0:19],[0:19],[0:19],[0:19],[0:19],[0:19],[0:19],[0:19],[0:19],[7:11],[0:19],[0:19],[0:19],[0:19],[0:19],[6:11],1
[0:19],[0:19],[0:19],[0:19],[0:19],[0:19],[0:19],[0:19],[0:19],[0:19],[0:19],[0:19],[0:19],[12:14],[0:19],[0:19],[0:19],[0:19],[0:19],[6:11],0
[0:19],[0:19],[0:19],[0:19],[0:19],[0:19],[0:19],[0:19],[0:19],[0:19],[0:19],[0:19],[0:19],[7:11],[0:19],[0:19],[0:19],[0:19],[0:19],[3:5],0
[0:19],[0:19],[0:19],[0:19],[0:19],[0:19],[0:19],[0:19],[0:19],[0:19],[0:19],[0:19],[0:19],[7:11],[0:19],[0:19],[0:19],[0:19],[0:19],[12:15],0
[0:19],[0:19],[0:19],[0:19],[0:19],[0:19],[0:19],[0:19],[0:19],[0:19],[0:19],[0:19],[0:19],[7:11],[0:19],[0:19],[0:19],[0:19],[0:19],[6:11],0
[0:19],[0:19],[0:19],[0:19],[0:19],[0:19],[0:19],[0:19],[0:19],[0:19],[0:19],[0:19],[0:19],[7:11],[0:19],[0:19],[0:19],[0:19],[0:19],[6:11],0
[0:19],[0:19],[0:19],[0:19],[0:19],[0:19],[0:19],[0:19],[0:19],[0:19],[0:19],[0:19],[0:19],[7:11],[0:19],[0:19],[0:19],[0:19],[0:19],[6:11],1
[0:19],[0:19],[0:19],[0:19],[0:19],[0:19],[0:19],[0:19],[0:19],[0:19],[0:19],[0:19],[0:19],[7:11],[0:19],[0:19],[0:19],[0:19],[0:19],[6:11],0
[0:19],[0:19],[0:19],[0:19],[0:19],[0:19],[0:19],[0:19],[0:19],[0:19],[0:19],[0:19],[0:19],[7:11],[0:19],[0:19],[0:19],[0:19],[0:19],[6:11],1
[0:19],[0:19],[0:19],[0:19],[0:19],[0:19],[0:19],[0:19],[0:19],[0:19],[0:19],[0:19],[0:19],[7:11],[0:19],[0:19],[0:19],[0:19],[0:19],[6:11],1
[0:19],[0:19],[0:19],[0:19],[0:19],[0:19],[0:19],[0:19],[0:19],[0:19],[0:19],[0:19],[0:19],[7:11],[0:19],[0:19],[0:19],[0:19],[0:19],[6:11],1
[0:19],[0:19],[0:19],[0:19],[0:19],[0:19],[0:19],[0:19],[0:19],[0:19],[0:19],[0:19],[0:19],[7:11],[0:19],[0:19],[0:19],[0:19],[0:19],[12:15],0
[0:19],[0:19],[0:19],[0:19],[0:19],[0:19],[0:19],[0:19],[0:19],[0:19],[0:19],[0:19],[0:19],[7:11],[0:19],[0:19],[0:19],[0:19],[0:19],[6:11],1
[0:19],[0:19],[0:19],[0:19],[0:19],[0:19],[0:19],[0:19],[0:19],[0:19],[0:19],[0:19],[0:19],[7:11],[0:19],[0:19],[0:19],[0:19],[0:19],[3:5],0
[0:19],[0:19],[0:19],[0:19],[0:19],[0:19],[0:19],[0:19],[0:19],[0:19],[0:19],[0:19],[0:19],[12:14],[0:19],[0:19],[0:19],[0:19],[0:19],[6:11],1
[0:19],[0:19],[0:19],[0:19],[0:19],[0:19],[0:19],[0:19],[0:19],[0:19],[0:19],[0:19],[0:19],[7:11],[0:19],[0:19],[0:19],[0:19],[0:19],[6:11],0
[0:19],[0:19],[0:19],[0:19],[0:19],[0:19],[0:19],[0:19],[0:19],[0:19],[0:19],[0:19],[0:19],[7:11],[0:19],[0:19],[0:19],[0:19],[0:19],[6:11],1
[0:19],[0:19],[0:19],[0:19],[0:19],[0:19],[0:19],[0:19],[0:19],[0:19],[0:19],[0:19],[0:19],[7:11],[0:19],[0:19],[0:19],[0:19],[0:19],[3:5],0
[0:19],[0:19],[0:19],[0:19],[0:19],[0:19],[0:19],[0:19],[0:19],[0:19],[0:19],[0:19],[0:19],[0:6],[0:19],[0:19],[0:19],[0:19],[0:19],[12:15],0
[0:19],[0:19],[0:19],[0:19],[0:19],[0:19],[0:19],[0:19],[0:19],[0:19],[0:19],[0:19],[0:19],[7:11],[0:19],[0:19],[0:19],[0:19],[0:19],[6:11],0
[0:19],[0:19],[0:19],[0:19],[0:19],[0:19],[0:19],[0:19],[0:19],[0:19],[0:19],[0:19],[0:19],[7:11],[0:19],[0:19],[0:19],[0:19],[0:19],[6:11],1
[0:19],[0:19],[0:19],[0:19],[0:19],[0:19],[0:19],[0:19],[0:19],[0:19],[0:19],[0:19],[0:19],[7:11],[0:19],[0:19],[0:19],[0:19],[0:19],[6:11],0
[0:19],[0:19],[0:19],[0:19],[0:19],[0:19],[0:19],[0:19],[0:19],[0:19],[0:19],[0:19],[0:19],[7:11],[0:19],[0:19],[0:19],[0:19],[0:19],[6:11],1
[0:19],[0:19],[0:19],[0:19],[0:19],[0:19],[0:19],[0:19],[0:19],[0:19],[0:19],[0:19],[0:19],[7:11],[0:19],[0:19],[0:19],[0:19],[0:19],[6:11],0
[0:19],[0:19],[0:19],[0:19],[0:19],[0:19],[0:19],[0:19],[0:19],[0:19],[0:19],[0:19],[0:19],[7:11],[0:19],[0:19],[0:19],[0:19],[0:19],[12:15],0
[0:19],[0:19],[0:19],[0:19],[0:19],[0:19],[0:19],[0:19],[0:19],[0:19],[0:19],[0:19],[0:19],[7:11],[0:19],[0:19],[0:19],[0:19],[0:19],[6:11],0
[0:19],[0:19],[0:19],[0:19],[0:19],[0:19],[0:19],[0:19],[0:19],[0:19],[0:19],[0:19],[0:19],[7:11],[0:19],[0:19],[0:19],[0:19],[0:19],[6:11],1
[0:19],[0:19],[0:19],[0:19],[0:19],[0:19],[0:19],[0:19],[0:19],[0:19],[0:19],[0:19],[0:19],[7:11],[0:19],[0:19],[0:19],[0:19],[0:19],[12:15],0
[0:19],[0:19],[0:19],[0:19],[0:19],[0:19],[0:19],[0:19],[0:19],[0:19],[0:19],[0:19],[0:19],[7:11],[0:19],[0:19],[0:19],[0:19],[0:19],[6:11],1
[0:19],[0:19],[0:19],[0:19],[0:19],[0:19],[0:19],[0:19],[0:19],[0:19],[0:19],[0:19],[0:19],[12:14],[0:19],[0:19],[0:19],[0:19],[0:19],[6:11],0
[0:19],[0:19],[0:19],[0:19],[0:19],[0:19],[0:19],[0:19],[0:19],[0:19],[0:19],[0:19],[0:19],[7:11],[0:19],[0:19],[0:19],[0:19],[0:19],[6:11],0
[0:19],[0:19],[0:19],[0:19],[0:19],[0:19],[0:19],[0:19],[0:19],[0:19],[0:19],[0:19],[0:19],[7:11],[0:19],[0:19],[0:19],[0:19],[0:19],[6:11],1
[0:19],[0:19],[0:19],[0:19],[0:19],[0:19],[0:19],[0:19],[0:19],[0:19],[0:19],[0:19],[0:19],[7:11],[0:19],[0:19],[0:19],[0:19],[0:19],[6:11],1
[0:19],[0:19],[0:19],[0:19],[0:19],[0:19],[0:19],[0:19],[0:19],[0:19],[0:19],[0:19],[0:19],[7:11],[0:19],[0:19],[0:19],[0:19],[0:19],[6:11],1
[0:19],[0:19],[0:19],[0:19],[0:19],[0:19],[0:19],[0:19],[0:19],[0:19],[0:19],[0:19],[0:19],[7:11],[0:19],[0:19],[0:19],[0:19],[0:19],[6:11],1
[0:19],[0:19],[0:19],[0:19],[0:19],[0:19],[0:19],[0:19],[0:19],[0:19],[0:19],[0:19],[0:19],[7:11],[0:19],[0:19],[0:19],[0:19],[0:19],[6:11],0
[0:19],[0:19],[0:19],[0:19],[0:19],[0:19],[0:19],[0:19],[0:19],[0:19],[0:19],[0:19],[0:19],[12:14],[0:19],[0:19],[0:19],[0:19],[0:19],[6:11],0
[0:19],[0:19],[0:19],[0:19],[0:19],[0:19],[0:19],[0:19],[0:19],[0:19],[0:19],[0:19],[0:19],[7:11],[0:19],[0:19],[0:19],[0:19],[0:19],[12:15],1
[0:19],[0:19],[0:19],[0:19],[0:19],[0:19],[0:19],[0:19],[0:19],[0:19],[0:19],[0:19],[0:19],[7:11],[0:19],[0:19],[0:19],[0:19],[0:19],[6:11],0
[0:19],[0:19],[0:19],[0:19],[0:19],[0:19],[0:19],[0:19],[0:19],[0:19],[0:19],[0:19],[0:19],[7:11],[0:19],[0:19],[0:19],[0:19],[0:19],[6:11],1
[0:19],[0:19],[0:19],[0:19],[0:19],[0:19],[0:19],[0:19],[0:19],[0:19],[0:19],[0:19],[0:19],[7:11],[0:19],[0:19],[0:19],[0:19],[0:19],[6:11],1
[0:19],[0:19],[0:19],[0:19],[0:19],[0:19],[0:19],[0:19],[0:19],[0:19],[0:19],[0:19],[0:19],[7:11],[0:19],[0:19],[0:19],[0:19],[0:19],[6:11],0
[0:19],[0:19],[0:19],[0:19],[0:19],[0:19],[0:19],[0:19],[0:19],[0:19],[0:19],[0:19],[0:19],[7:11],[0:19],[0:19],[0:19],[0:19],[0:19],[6:11],1
[0:19],[0:19],[0:19],[0:19],[0:19],[0:19],[0:19],[0:19],[0:19],[0:19],[0:19],[0:19],[0:19],[7:11],[0:19],[0:19],[0:19],[0:19],[0:19],[6:11],0
[0:19],[0:19],[0:19],[0:19],[0:19],[0:19],[0:19],[0:19],[0:19],[0:19],[0:19],[0:19],[0:19],[0:6],[0:19],[0:19],[0:19],[0:19],[0:19],[6:11],0
[0:19],[0:19],[0:19],[0:19],[0:19],[0:19],[0:19],[0:19],[0:19],[0:19],[0:19],[0:19],[0:19],[12:14],[0:19],[0:19],[0:19],[0:19],[0:19],[6:11],0
[0:19],[0:19],[0:19],[0:19],[0:19],[0:19],[0:19],[0:19],[0:19],[0:19],[0:19],[0:19],[0:19],[7:11],[0:19],[0:19],[0:19],[0:19],[0:19],[6:11],0
[0:19],[0:19],[0:19],[0:19],[0:19],[0:19],[0:19],[0:19],[0:19],[0:19],[0:19],[0:19],[0:19],[7:11],[0:19],[0:19],[0:19],[0:19],[0:19],[6:11],1
[0:19],[0:19],[0:19],[0:19],[0:19],[0:19],[0:19],[0:19],[0:19],[0:19],[0:19],[0:19],[0:19],[15:19],[0:19],[0:19],[0:19],[0:19],[0:19],[6:11],0
[0:19],[0:19],[0:19],[0:19],[0:19],[0:19],[0:19],[0:19],[0:19],[0:19],[0:19],[0:19],[0:19],[7:11],[0:19],[0:19],[0:19],[0:19],[0:19],[6:11],1
[0:19],[0:19],[0:19],[0:19],[0:19],[0:19],[0:19],[0:19],[0:19],[0:19],[0:19],[0:19],[0:19],[7:11],[0:19],[0:19],[0:19],[0:19],[0:19],[6:11],1
[0:19],[0:19],[0:19],[0:19],[0:19],[0:19],[0:19],[0:19],[0:19],[0:19],[0:19],[0:19],[0:19],[7:11],[0:19],[0:19],[0:19],[0:19],[0:19],[6:11],0
[0:19],[0:19],[0:19],[0:19],[0:19],[0:19],[0:19],[0:19],[0:19],[0:19],[0:19],[0:19],[0:19],[7:11],[0:19],[0:19],[0:19],[0:19],[0:19],[6:11],0
[0:19],[0:19],[0:19],[0:19],[0:19],[0:19],[0:19],[0:19],[0:19],[0:19],[0:19],[0:19],[0:19],[7:11],[0:19],[0:19],[0:19],[0:19],[0:19],[6:11],1
[0:19],[0:19],[0:19],[0:19],[0:19],[0:19],[0:19],[0:19],[0:19],[0:19],[0:19],[0:19],[0:19],[7:11],[0:19],[0:19],[0:19],[0:19],[0:19],[6:11],1
[0:19],[0:19],[0:19],[0:19],[0:19],[0:19],[0:19],[0:19],[0:19],[0:19],[0:19],[0:19],[0:19],[7:11],[0:19],[0:19],[0:19],[0:19],[0:19],[6:11],0
[0:19],[0:19],[0:19],[0:19],[0:19],[0:19],[0:19],[0:19],[0:19],[0:19],[0:19],[0:19],[0:19],[7:11],[0:19],[0:19],[0:19],[0:19],[0:19],[6:11],0
[0:19],[0:19],[0:19],[0:19],[0:19],[0:19],[0:19],[0:19],[0:19],[0:19],[0:19],[0:19],[0:19],[7:11],[0:19],[0:19],[0:19],[0:19],[0:19],[3:5],0
[0:19],[0:19],[0:19],[0:19],[0:19],[0:19],[0:19],[0:19],[0:19],[0:19],[0:19],[0:19],[0:19],[15:19],[0:19],[0:19],[0:19],[0:19],[0:19],[6:11],0
[0:19],[0:19],[0:19],[0:19],[0:19],[0:19],[0:19],[0:19],[0:19],[0:19],[0:19],[0:19],[0:19],[7:11],[0:19],[0:19],[0:19],[0:19],[0:19],[6:11],0
[0:19],[0:19],[0:19],[0:19],[0:19],[0:19],[0:19],[0:19],[0:19],[0:19],[0:19],[0:19],[0:19],[7:11],[0:19],[0:19],[0:19],[0:19],[0:19],[6:11],1
[0:19],[0:19],[0:19],[0:19],[0:19],[0:19],[0:19],[0:19],[0:19],[0:19],[0:19],[0:19],[0:19],[7:11],[0:19],[0:19],[0:19],[0:19],[0:19],[3:5],0
[0:19],[0:19],[0:19],[0:19],[0:19],[0:19],[0:19],[0:19],[0:19],[0:19],[0:19],[0:19],[0:19],[7:11],[0:19],[0:19],[0:19],[0:19],[0:19],[6:11],0
[0:19],[0:19],[0:19],[0:19],[0:19],[0:19],[0:19],[0:19],[0:19],[0:19],[0:19],[0:19],[0:19],[7:11],[0:19],[0:19],[0:19],[0:19],[0:19],[6:11],0
[0:19],[0:19],[0:19],[0:19],[0:19],[0:19],[0:19],[0:19],[0:19],[0:19],[0:19],[0:19],[0:19],[7:11],[0:19],[0:19],[0:19],[0:19],[0:19],[6:11],1
[0:19],[0:19],[0:19],[0:19],[0:19],[0:19],[0:19],[0:19],[0:19],[0:19],[0:19],[0:19],[0:19],[7:11],[0:19],[0:19],[0:19],[0:19],[0:19],[6:11],1
[0:19],[0:19],[0:19],[0:19],[0:19],[0:19],[0:19],[0:19],[0:19],[0:19],[0:19],[0:19],[0:19],[7:11],[0:19],[0:19],[0:19],[0:19],[0:19],[6:11],0
[0:19],[0:19],[0:19],[0:19],[0:19],[0:19],[0:19],[0:19],[0:19],[0:19],[0:19],[0:19],[0:19],[7:11],[0:19],[0:19],[0:19],[0:19],[0:19],[6:11],1
[0:19],[0:19],[0:19],[0:19],[0:19],[0:19],[0:19],[0:19],[0:19],[0:19],[0:19],[0:19],[0:19],[7:11],[0:19],[0:19],[0:19],[0:19],[0:19],[6:11],1
[0:19],[0:19],[0:19],[0:19],[0:19],[0:19],[0:19],[0:19],[0:19],[0:19],[0:19],[0:19],[0:19],[7:11],[0:19],[0:19],[0:19],[0:19],[0:19],[6:11],1
[0:19],[0:19],[0:19],[0:19],[0:19],[0:19],[0:19],[0:19],[0:19],[0:19],[0:19],[0:19],[0:19],[7:11],[0:19],[0:19],[0:19],[0:19],[0:19],[6:11],1
[0:19],[0:19],[0:19],[0:19],[0:19],[0:19],[0:19],[0:19],[0:19],[0:19],[0:19],[0:19],[0:19],[7:11],[0:19],[0:19],[0:19],[0:19],[0:19],[6:11],0
[0:19],[0:19],[0:19],[0:19],[0:19],[0:19],[0:19],[0:19],[0:19],[0:19],[0:19],[0:19],[0:19],[7:11],[0:19],[0:19],[0:19],[0:19],[0:19],[6:11],0
[0:19],[0:19],[0:19],[0:19],[0:19],[0:19],[0:19],[0:19],[0:19],[0:19],[0:19],[0:19],[0:19],[0:6],[0:19],[0:19],[0:19],[0:19],[0:19],[6:11],0
[0:19],[0:19],[0:19],[0:19],[0:19],[0:19],[0:19],[0:19],[0:19],[0:19],[0:19],[0:19],[0:19],[7:11],[0:19],[0:19],[0:19],[0:19],[0:19],[6:11],1
[0:19],[0:19],[0:19],[0:19],[0:19],[0:19],[0:19],[0:19],[0:19],[0:19],[0:19],[0:19],[0:19],[7:11],[0:19],[0:19],[0:19],[0:19],[0:19],[6:11],1
[0:19],[0:19],[0:19],[0:19],[0:19],[0:19],[0:19],[0:19],[0:19],[0:19],[0:19],[0:19],[0:19],[12:14],[0:19],[0:19],[0:19],[0:19],[0:19],[6:11],0
[0:19],[0:19],[0:19],[0:19],[0:19],[0:19],[0:19],[0:19],[0:19],[0:19],[0:19],[0:19],[0:19],[0:6],[0:19],[0:19],[0:19],[0:19],[0:19],[6:11],0
[0:19],[0:19],[0:19],[0:19],[0:19],[0:19],[0:19],[0:19],[0:19],[0:19],[0:19],[0:19],[0:19],[12:14],[0:19],[0:19],[0:19],[0:19],[0:19],[12:15],0
[0:19],[0:19],[0:19],[0:19],[0:19],[0:19],[0:19],[0:19],[0:19],[0:19],[0:19],[0:19],[0:19],[12:14],[0:19],[0:19],[0:19],[0:19],[0:19],[6:11],1
[0:19],[0:19],[0:19],[0:19],[0:19],[0:19],[0:19],[0:19],[0:19],[0:19],[0:19],[0:19],[0:19],[7:11],[0:19],[0:19],[0:19],[0:19],[0:19],[12:15],1
[0:19],[0:19],[0:19],[0:19],[0:19],[0:19],[0:19],[0:19],[0:19],[0:19],[0:19],[0:19],[0:19],[7:11],[0:19],[0:19],[0:19],[0:19],[0:19],[6:11],1
[0:19],[0:19],[0:19],[0:19],[0:19],[0:19],[0:19],[0:19],[0:19],[0:19],[0:19],[0:19],[0:19],[7:11],[0:19],[0:19],[0:19],[0:19],[0:19],[6:11],1
[0:19],[0:19],[0:19],[0:19],[0:19],[0:19],[0:19],[0:19],[0:19],[0:19],[0:19],[0:19],[0:19],[7:11],[0:19],[0:19],[0:19],[0:19],[0:19],[6:11],1
[0:19],[0:19],[0:19],[0:19],[0:19],[0:19],[0:19],[0:19],[0:19],[0:19],[0:19],[0:19],[0:19],[12:14],[0:19],[0:19],[0:19],[0:19],[0:19],[6:11],0
[0:19],[0:19],[0:19],[0:19],[0:19],[0:19],[0:19],[0:19],[0:19],[0:19],[0:19],[0:19],[0:19],[7:11],[0:19],[0:19],[0:19],[0:19],[0:19],[12:15],0
[0:19],[0:19],[0:19],[0:19],[0:19],[0:19],[0:19],[0:19],[0:19],[0:19],[0:19],[0:19],[0:19],[12:14],[0:19],[0:19],[0:19],[0:19],[0:19],[6:11],0
[0:19],[0:19],[0:19],[0:19],[0:19],[0:19],[0:19],[0:19],[0:19],[0:19],[0:19],[0:19],[0:19],[12:14],[0:19],[0:19],[0:19],[0:19],[0:19],[6:11],1
[0:19],[0:19],[0:19],[0:19],[0:19],[0:19],[0:19],[0:19],[0:19],[0:19],[0:19],[0:19],[0:19],[7:11],[0:19],[0:19],[0:19],[0:19],[0:19],[12:15],0
[0:19],[0:19],[0:19],[0:19],[0:19],[0:19],[0:19],[0:19],[0:19],[0:19],[0:19],[0:19],[0:19],[7:11],[0:19],[0:19],[0:19],[0:19],[0:19],[6:11],0
[0:19],[0:19],[0:19],[0:19],[0:19],[0:19],[0:19],[0:19],[0:19],[0:19],[0:19],[0:19],[0:19],[12:14],[0:19],[0:19],[0:19],[0:19],[0:19],[3:5],0
[0:19],[0:19],[0:19],[0:19],[0:19],[0:19],[0:19],[0:19],[0:19],[0:19],[0:19],[0:19],[0:19],[12:14],[0:19],[0:19],[0:19],[0:19],[0:19],[6:11],1
[0:19],[0:19],[0:19],[0:19],[0:19],[0:19],[0:19],[0:19],[0:19],[0:19],[0:19],[0:19],[0:19],[7:11],[0:19],[0:19],[0:19],[0:19],[0:19],[6:11],1
[0:19],[0:19],[0:19],[0:19],[0:19],[0:19],[0:19],[0:19],[0:19],[0:19],[0:19],[0:19],[0:19],[7:11],[0:19],[0:19],[0:19],[0:19],[0:19],[6:11],1
[0:19],[0:19],[0:19],[0:19],[0:19],[0:19],[0:19],[0:19],[0:19],[0:19],[0:19],[0:19],[0:19],[7:11],[0:19],[0:19],[0:19],[0:19],[0:19],[6:11],1
[0:19],[0:19],[0:19],[0:19],[0:19],[0:19],[0:19],[0:19],[0:19],[0:19],[0:19],[0:19],[0:19],[7:11],[0:19],[0:19],[0:19],[0:19],[0:19],[12:15],1
[0:19],[0:19],[0:19],[0:19],[0:19],[0:19],[0:19],[0:19],[0:19],[0:19],[0:19],[0:19],[0:19],[7:11],[0:19],[0:19],[0:19],[0:19],[0:19],[6:11],1
[0:19],[0:19],[0:19],[0:19],[0:19],[0:19],[0:19],[0:19],[0:19],[0:19],[0:19],[0:19],[0:19],[7:11],[0:19],[0:19],[0:19],[0:19],[0:19],[6:11],0
[0:19],[0:19],[0:19],[0:19],[0:19],[0:19],[0:19],[0:19],[0:19],[0:19],[0:19],[0:19],[0:19],[7:11],[0:19],[0:19],[0:19],[0:19],[0:19],[6:11],0
[0:19],[0:19],[0:19],[0:19],[0:19],[0:19],[0:19],[0:19],[0:19],[0:19],[0:19],[0:19],[0:19],[15:19],[0:19],[0:19],[0:19],[0:19],[0:19],[6:11],0
[0:19],[0:19],[0:19],[0:19],[0:19],[0:19],[0:19],[0:19],[0:19],[0:19],[0:19],[0:19],[0:19],[7:11],[0:19],[0:19],[0:19],[0:19],[0:19],[6:11],0
[0:19],[0:19],[0:19],[0:19],[0:19],[0:19],[0:19],[0:19],[0:19],[0:19],[0:19],[0:19],[0:19],[12:14],[0:19],[0:19],[0:19],[0:19],[0:19],[12:15],0
[0:19],[0:19],[0:19],[0:19],[0:19],[0:19],[0:19],[0:19],[0:19],[0:19],[0:19],[0:19],[0:19],[12:14],[0:19],[0:19],[0:19],[0:19],[0:19],[6:11],1
[0:19],[0:19],[0:19],[0:19],[0:19],[0:19],[0:19],[0:19],[0:19],[0:19],[0:19],[0:19],[0:19],[7:11],[0:19],[0:19],[0:19],[0:19],[0:19],[6:11],1
[0:19],[0:19],[0:19],[0:19],[0:19],[0:19],[0:19],[0:19],[0:19],[0:19],[0:19],[0:19],[0:19],[7:11],[0:19],[0:19],[0:19],[0:19],[0:19],[6:11],1
[0:19],[0:19],[0:19],[0:19],[0:19],[0:19],[0:19],[0:19],[0:19],[0:19],[0:19],[0:19],[0:19],[7:11],[0:19],[0:19],[0:19],[0:19],[0:19],[12:15],1
[0:19],[0:19],[0:19],[0:19],[0:19],[0:19],[0:19],[0:19],[0:19],[0:19],[0:19],[0:19],[0:19],[12:14],[0:19],[0:19],[0:19],[0:19],[0:19],[6:11],1
[0:19],[0:19],[0:19],[0:19],[0:19],[0:19],[0:19],[0:19],[0:19],[0:19],[0:19],[0:19],[0:19],[12:14],[0:19],[0:19],[0:19],[0:19],[0:19],[6:11],1
[0:19],[0:19],[0:19],[0:19],[0:19],[0:19],[0:19],[0:19],[0:19],[0:19],[0:19],[0:19],[0:19],[7:11],[0:19],[0:19],[0:19],[0:19],[0:19],[12:15],0
[0:19],[0:19],[0:19],[0:19],[0:19],[0:19],[0:19],[0:19],[0:19],[0:19],[0:19],[0:19],[0:19],[0:6],[0:19],[0:19],[0:19],[0:19],[0:19],[12:15],0
[0:19],[0:19],[0:19],[0:19],[0:19],[0:19],[0:19],[0:19],[0:19],[0:19],[0:19],[0:19],[0:19],[7:11],[0:19],[0:19],[0:19],[0:19],[0:19],[6:11],0
[0:19],[0:19],[0:19],[0:19],[0:19],[0:19],[0:19],[0:19],[0:19],[0:19],[0:19],[0:19],[0:19],[7:11],[0:19],[0:19],[0:19],[0:19],[0:19],[6:11],0
[0:19],[0:19],[0:19],[0:19],[0:19],[0:19],[0:19],[0:19],[0:19],[0:19],[0:19],[0:19],[0:19],[7:11],[0:19],[0:19],[0:19],[0:19],[0:19],[6:11],1
[0:19],[0:19],[0:19],[0:19],[0:19],[0:19],[0:19],[0:19],[0:19],[0:19],[0:19],[0:19],[0:19],[7:11],[0:19],[0:19],[0:19],[0:19],[0:19],[6:11],1
[0:19],[0:19],[0:19],[0:19],[0:19],[0:19],[0:19],[0:19],[0:19],[0:19],[0:19],[0:19],[0:19],[7:11],[0:19],[0:19],[0:19],[0:19],[0:19],[12:15],0
[0:19],[0:19],[0:19],[0:19],[0:19],[0:19],[0:19],[0:19],[0:19],[0:19],[0:19],[0:19],[0:19],[7:11],[0:19],[0:19],[0:19],[0:19],[0:19],[6:11],1
[0:19],[0:19],[0:19],[0:19],[0:19],[0:19],[0:19],[0:19],[0:19],[0:19],[0:19],[0:19],[0:19],[7:11],[0:19],[0:19],[0:19],[0:19],[0:19],[6:11],1
[0:19],[0:19],[0:19],[0:19],[0:19],[0:19],[0:19],[0:19],[0:19],[0:19],[0:19],[0:19],[0:19],[7:11],[0:19],[0:19],[0:19],[0:19],[0:19],[12:15],0
[0:19],[0:19],[0:19],[0:19],[0:19],[0:19],[0:19],[0:19],[0:19],[0:19],[0:19],[0:19],[0:19],[7:11],[0:19],[0:19],[0:19],[0:19],[0:19],[6:11],1
[0:19],[0:19],[0:19],[0:19],[0:19],[0:19],[0:19],[0:19],[0:19],[0:19],[0:19],[0:19],[0:19],[7:11],[0:19],[0:19],[0:19],[0:19],[0:19],[6:11],1
[0:19],[0:19],[0:19],[0:19],[0:19],[0:19],[0:19],[0:19],[0:19],[0:19],[0:19],[0:19],[0:19],[7:11],[0:19],[0:19],[0:19],[0:19],[0:19],[6:11],0
[0:19],[0:19],[0:19],[0:19],[0:19],[0:19],[0:19],[0:19],[0:19],[0:19],[0:19],[0:19],[0:19],[0:6],[0:19],[0:19],[0:19],[0:19],[0:19],[16:19],0
[0:19],[0:19],[0:19],[0:19],[0:19],[0:19],[0:19],[0:19],[0:19],[0:19],[0:19],[0:19],[0:19],[7:11],[0:19],[0:19],[0:19],[0:19],[0:19],[6:11],1
[0:19],[0:19],[0:19],[0:19],[0:19],[0:19],[0:19],[0:19],[0:19],[0:19],[0:19],[0:19],[0:19],[7:11],[0:19],[0:19],[0:19],[0:19],[0:19],[6:11],0
[0:19],[0:19],[0:19],[0:19],[0:19],[0:19],[0:19],[0:19],[0:19],[0:19],[0:19],[0:19],[0:19],[7:11],[0:19],[0:19],[0:19],[0:19],[0:19],[6:11],1
[0:19],[0:19],[0:19],[0:19],[0:19],[0:19],[0:19],[0:19],[0:19],[0:19],[0:19],[0:19],[0:19],[12:14],[0:19],[0:19],[0:19],[0:19],[0:19],[6:11],0
[0:19],[0:19],[0:19],[0:19],[0:19],[0:19],[0:19],[0:19],[0:19],[0:19],[0:19],[0:19],[0:19],[7:11],[0:19],[0:19],[0:19],[0:19],[0:19],[12:15],0
[0:19],[0:19],[0:19],[0:19],[0:19],[0:19],[0:19],[0:19],[0:19],[0:19],[0:19],[0:19],[0:19],[7:11],[0:19],[0:19],[0:19],[0:19],[0:19],[12:15],1
[0:19],[0:19],[0:19],[0:19],[0:19],[0:19],[0:19],[0:19],[0:19],[0:19],[0:19],[0:19],[0:19],[7:11],[0:19],[0:19],[0:19],[0:19],[0:19],[6:11],0
[0:19],[0:19],[0:19],[0:19],[0:19],[0:19],[0:19],[0:19],[0:19],[0:19],[0:19],[0:19],[0:19],[7:11],[0:19],[0:19],[0:19],[0:19],[0:19],[12:15],1
[0:19],[0:19],[0:19],[0:19],[0:19],[0:19],[0:19],[0:19],[0:19],[0:19],[0:19],[0:19],[0:19],[7:11],[0:19],[0:19],[0:19],[0:19],[0:19],[6:11],0
[0:19],[0:19],[0:19],[0:19],[0:19],[0:19],[0:19],[0:19],[0:19],[0:19],[0:19],[0:19],[0:19],[7:11],[0:19],[0:19],[0:19],[0:19],[0:19],[6:11],0
[0:19],[0:19],[0:19],[0:19],[0:19],[0:19],[0:19],[0:19],[0:19],[0:19],[0:19],[0:19],[0:19],[7:11],[0:19],[0:19],[0:19],[0:19],[0:19],[6:11],0
[0:19],[0:19],[0:19],[0:19],[0:19],[0:19],[0:19],[0:19],[0:19],[0:19],[0:19],[0:19],[0:19],[7:11],[0:19],[0:19],[0:19],[0:19],[0:19],[6:11],1
[0:19],[0:19],[0:19],[0:19],[0:19],[0:19],[0:19],[0:19],[0:19],[0:19],[0:19],[0:19],[0:19],[0:6],[0:19],[0:19],[0:19],[0:19],[0:19],[12:15],0
[0:19],[0:19],[0:19],[0:19],[0:19],[0:19],[0:19],[0:19],[0:19],[0:19],[0:19],[0:19],[0:19],[7:11],[0:19],[0:19],[0:19],[0:19],[0:19],[6:11],0
[0:19],[0:19],[0:19],[0:19],[0:19],[0:19],[0:19],[0:19],[0:19],[0:19],[0:19],[0:19],[0:19],[7:11],[0:19],[0:19],[0:19],[0:19],[0:19],[6:11],1
[0:19],[0:19],[0:19],[0:19],[0:19],[0:19],[0:19],[0:19],[0:19],[0:19],[0:19],[0:19],[0:19],[12:14],[0:19],[0:19],[0:19],[0:19],[0:19],[6:11],0
[0:19],[0:19],[0:19],[0:19],[0:19],[0:19],[0:19],[0:19],[0:19],[0:19],[0:19],[0:19],[0:19],[7:11],[0:19],[0:19],[0:19],[0:19],[0:19],[6:11],0
[0:19],[0:19],[0:19],[0:19],[0:19],[0:19],[0:19],[0:19],[0:19],[0:19],[0:19],[0:19],[0:19],[7:11],[0:19],[0:19],[0:19],[0:19],[0:19],[6:11],1
[0:19],[0:19],[0:19],[0:19],[0:19],[0:19],[0:19],[0:19],[0:19],[0:19],[0:19],[0:19],[0:19],[0:6],[0:19],[0:19],[0:19],[0:19],[0:19],[6:11],0
[0:19],[0:19],[0:19],[0:19],[0:19],[0:19],[0:19],[0:19],[0:19],[0:19],[0:19],[0:19],[0:19],[7:11],[0:19],[0:19],[0:19],[0:19],[0:19],[6:11],0
[0:19],[0:19],[0:19],[0:19],[0:19],[0:19],[0:19],[0:19],[0:19],[0:19],[0:19],[0:19],[0:19],[7:11],[0:19],[0:19],[0:19],[0:19],[0:19],[6:11],0
[0:19],[0:19],[0:19],[0:19],[0:19],[0:19],[0:19],[0:19],[0:19],[0:19],[0:19],[0:19],[0:19],[12:14],[0:19],[0:19],[0:19],[0:19],[0:19],[6:11],1
[0:19],[0:19],[0:19],[0:19],[0:19],[0:19],[0:19],[0:19],[0:19],[0:19],[0:19],[0:19],[0:19],[7:11],[0:19],[0:19],[0:19],[0:19],[0:19],[6:11],1
[0:19],[0:19],[0:19],[0:19],[0:19],[0:19],[0:19],[0:19],[0:19],[0:19],[0:19],[0:19],[0:19],[7:11],[0:19],[0:19],[0:19],[0:19],[0:19],[6:11],1
[0:19],[0:19],[0:19],[0:19],[0:19],[0:19],[0:19],[0:19],[0:19],[0:19],[0:19],[0:19],[0:19],[12:14],[0:19],[0:19],[0:19],[0:19],[0:19],[6:11],0
[0:19],[0:19],[0:19],[0:19],[0:19],[0:19],[0:19],[0:19],[0:19],[0:19],[0:19],[0:19],[0:19],[7:11],[0:19],[0:19],[0:19],[0:19],[0:19],[6:11],0
[0:19],[0:19],[0:19],[0:19],[0:19],[0:19],[0:19],[0:19],[0:19],[0:19],[0:19],[0:19],[0:19],[7:11],[0:19],[0:19],[0:19],[0:19],[0:19],[6:11],0
[0:19],[0:19],[0:19],[0:19],[0:19],[0:19],[0:19],[0:19],[0:19],[0:19],[0:19],[0:19],[0:19],[7:11],[0:19],[0:19],[0:19],[0:19],[0:19],[6:11],0
[0:19],[0:19],[0:19],[0:19],[0:19],[0:19],[0:19],[0:19],[0:19],[0:19],[0:19],[0:19],[0:19],[7:11],[0:19],[0:19],[0:19],[0:19],[0:19],[3:5],0
[0:19],[0:19],[0:19],[0:19],[0:19],[0:19],[0:19],[0:19],[0:19],[0:19],[0:19],[0:19],[0:19],[7:11],[0:19],[0:19],[0:19],[0:19],[0:19],[6:11],1
[0:19],[0:19],[0:19],[0:19],[0:19],[0:19],[0:19],[0:19],[0:19],[0:19],[0:19],[0:19],[0:19],[7:11],[0:19],[0:19],[0:19],[0:19],[0:19],[6:11],0
[0:19],[0:19],[0:19],[0:19],[0:19],[0:19],[0:19],[0:19],[0:19],[0:19],[0:19],[0:19],[0:19],[7:11],[0:19],[0:19],[0:19],[0:19],[0:19],[6:11],0
[0:19],[0:19],[0:19],[0:19],[0:19],[0:19],[0:19],[0:19],[0:19],[0:19],[0:19],[0:19],[0:19],[12:14],[0:19],[0:19],[0:19],[0:19],[0:19],[6:11],1
[0:19],[0:19],[0:19],[0:19],[0:19],[0:19],[0:19],[0:19],[0:19],[0:19],[0:19],[0:19],[0:19],[7:11],[0:19],[0:19],[0:19],[0:19],[0:19],[3:5],0
[0:19],[0:19],[0:19],[0:19],[0:19],[0:19],[0:19],[0:19],[0:19],[0:19],[0:19],[0:19],[0:19],[7:11],[0:19],[0:19],[0:19],[0:19],[0:19],[6:11],1
[0:19],[0:19],[0:19],[0:19],[0:19],[0:19],[0:19],[0:19],[0:19],[0:19],[0:19],[0:19],[0:19],[12:14],[0:19],[0:19],[0:19],[0:19],[0:19],[6:11],0
[0:19],[0:19],[0:19],[0:19],[0:19],[0:19],[0:19],[0:19],[0:19],[0:19],[0:19],[0:19],[0:19],[7:11],[0:19],[0:19],[0:19],[0:19],[0:19],[6:11],1
[0:19],[0:19],[0:19],[0:19],[0:19],[0:19],[0:19],[0:19],[0:19],[0:19],[0:19],[0:19],[0:19],[7:11],[0:19],[0:19],[0:19],[0:19],[0:19],[6:11],0
[0:19],[0:19],[0:19],[0:19],[0:19],[0:19],[0:19],[0:19],[0:19],[0:19],[0:19],[0:19],[0:19],[12:14],[0:19],[0:19],[0:19],[0:19],[0:19],[6:11],1
[0:19],[0:19],[0:19],[0:19],[0:19],[0:19],[0:19],[0:19],[0:19],[0:19],[0:19],[0:19],[0:19],[7:11],[0:19],[0:19],[0:19],[0:19],[0:19],[6:11],0
[0:19],[0:19],[0:19],[0:19],[0:19],[0:19],[0:19],[0:19],[0:19],[0:19],[0:19],[0:19],[0:19],[7:11],[0:19],[0:19],[0:19],[0:19],[0:19],[6:11],1
[0:19],[0:19],[0:19],[0:19],[0:19],[0:19],[0:19],[0:19],[0:19],[0:19],[0:19],[0:19],[0:19],[0:6],[0:19],[0:19],[0:19],[0:19],[0:19],[6:11],0
[0:19],[0:19],[0:19],[0:19],[0:19],[0:19],[0:19],[0:19],[0:19],[0:19],[0:19],[0:19],[0:19],[7:11],[0:19],[0:19],[0:19],[0:19],[0:19],[6:11],0
[0:19],[0:19],[0:19],[0:19],[0:19],[0:19],[0:19],[0:19],[0:19],[0:19],[0:19],[0:19],[0:19],[7:11],[0:19],[0:19],[0:19],[0:19],[0:19],[6:11],1
[0:19],[0:19],[0:19],[0:19],[0:19],[0:19],[0:19],[0:19],[0:19],[0:19],[0:19],[0:19],[0:19],[7:11],[0:19],[0:19],[0:19],[0:19],[0:19],[6:11],1
[0:19],[0:19],[0:19],[0:19],[0:19],[0:19],[0:19],[0:19],[0:19],[0:19],[0:19],[0:19],[0:19],[7:11],[0:19],[0:19],[0:19],[0:19],[0:19],[6:11],1
[0:19],[0:19],[0:19],[0:19],[0:19],[0:19],[0:19],[0:19],[0:19],[0:19],[0:19],[0:19],[0:19],[7:11],[0:19],[0:19],[0:19],[0:19],[0:19],[6:11],1
[0:19],[0:19],[0:19],[0:19],[0:19],[0:19],[0:19],[0:19],[0:19],[0:19],[0:19],[0:19],[0:19],[7:11],[0:19],[0:19],[0:19],[0:19],[0:19],[0:2],0
[0:19],[0:19],[0:19],[0:19],[0:19],[0:19],[0:19],[0:19],[0:19],[0:19],[0:19],[0:19],[0:19],[7:11],[0:19],[0:19],[0:19],[0:19],[0:19],[6:11],1
[0:19],[0:19],[0:19],[0:19],[0:19],[0:19],[0:19],[0:19],[0:19],[0:19],[0:19],[0:19],[0:19],[7:11],[0:19],[0:19],[0:19],[0:19],[0:19],[12:15],1
[0:19],[0:19],[0:19],[0:19],[0:19],[0:19],[0:19],[0:19],[0:19],[0:19],[0:19],[0:19],[0:19],[7:11],[0:19],[0:19],[0:19],[0:19],[0:19],[6:11],0
[0:19],[0:19],[0:19],[0:19],[0:19],[0:19],[0:19],[0:19],[0:19],[0:19],[0:19],[0:19],[0:19],[12:14],[0:19],[0:19],[0:19],[0:19],[0:19],[6:11],1
[0:19],[0:19],[0:19],[0:19],[0:19],[0:19],[0:19],[0:19],[0:19],[0:19],[0:19],[0:19],[0:19],[7:11],[0:19],[0:19],[0:19],[0:19],[0:19],[12:15],0
[0:19],[0:19],[0:19],[0:19],[0:19],[0:19],[0:19],[0:19],[0:19],[0:19],[0:19],[0:19],[0:19],[7:11],[0:19],[0:19],[0:19],[0:19],[0:19],[6:11],1
[0:19],[0:19],[0:19],[0:19],[0:19],[0:19],[0:19],[0:19],[0:19],[0:19],[0:19],[0:19],[0:19],[7:11],[0:19],[0:19],[0:19],[0:19],[0:19],[12:15],0
[0:19],[0:19],[0:19],[0:19],[0:19],[0:19],[0:19],[0:19],[0:19],[0:19],[0:19],[0:19],[0:19],[12:14],[0:19],[0:19],[0:19],[0:19],[0:19],[6:11],0
[0:19],[0:19],[0:19],[0:19],[0:19],[0:19],[0:19],[0:19],[0:19],[0:19],[0:19],[0:19],[0:19],[12:14],[0:19],[0:19],[0:19],[0:19],[0:19],[6:11],0
[0:19],[0:19],[0:19],[0:19],[0:19],[0:19],[0:19],[0:19],[0:19],[0:19],[0:19],[0:19],[0:19],[7:11],[0:19],[0:19],[0:19],[0:19],[0:19],[6:11],0
[0:19],[0:19],[0:19],[0:19],[0:19],[0:19],[0:19],[0:19],[0:19],[0:19],[0:19],[0:19],[0:19],[7:11],[0:19],[0:19],[0:19],[0:19],[0:19],[6:11],1
[0:19],[0:19],[0:19],[0:19],[0:19],[0:19],[0:19],[0:19],[0:19],[0:19],[0:19],[0:19],[0:19],[7:11],[0:19],[0:19],[0:19],[0:19],[0:19],[6:11],1
[0:19],[0:19],[0:19],[0:19],[0:19],[0:19],[0:19],[0:19],[0:19],[0:19],[0:19],[0:19],[0:19],[7:11],[0:19],[0:19],[0:19],[0:19],[0:19],[12:15],0
[0:19],[0:19],[0:19],[0:19],[0:19],[0:19],[0:19],[0:19],[0:19],[0:19],[0:19],[0:19],[0:19],[7:11],[0:19],[0:19],[0:19],[0:19],[0:19],[6:11],1
[0:19],[0:19],[0:19],[0:19],[0:19],[0:19],[0:19],[0:19],[0:19],[0:19],[0:19],[0:19],[0:19],[7:11],[0:19],[0:19],[0:19],[0:19],[0:19],[6:11],1
[0:19],[0:19],[0:19],[0:19],[0:19],[0:19],[0:19],[0:19],[0:19],[0:19],[0:19],[0:19],[0:19],[7:11],[0:19],[0:19],[0:19],[0:19],[0:19],[16:19],0
[0:19],[0:19],[0:19],[0:19],[0:19],[0:19],[0:19],[0:19],[0:19],[0:19],[0:19],[0:19],[0:19],[7:11],[0:19],[0:19],[0:19],[0:19],[0:19],[6:11],1
[0:19],[0:19],[0:19],[0:19],[0:19],[0:19],[0:19],[0:19],[0:19],[0:19],[0:19],[0:19],[0:19],[0:6],[0:19],[0:19],[0:19],[0:19],[0:19],[6:11],0
[0:19],[0:19],[0:19],[0:19],[0:19],[0:19],[0:19],[0:19],[0:19],[0:19],[0:19],[0:19],[0:19],[7:11],[0:19],[0:19],[0:19],[0:19],[0:19],[6:11],1
[0:19],[0:19],[0:19],[0:19],[0:19],[0:19],[0:19],[0:19],[0:19],[0:19],[0:19],[0:19],[0:19],[7:11],[0:19],[0:19],[0:19],[0:19],[0:19],[12:15],0
[0:19],[0:19],[0:19],[0:19],[0:19],[0:19],[0:19],[0:19],[0:19],[0:19],[0:19],[0:19],[0:19],[7:11],[0:19],[0:19],[0:19],[0:19],[0:19],[6:11],1
[0:19],[0:19],[0:19],[0:19],[0:19],[0:19],[0:19],[0:19],[0:19],[0:19],[0:19],[0:19],[0:19],[0:6],[0:19],[0:19],[0:19],[0:19],[0:19],[6:11],0
[0:19],[0:19],[0:19],[0:19],[0:19],[0:19],[0:19],[0:19],[0:19],[0:19],[0:19],[0:19],[0:19],[7:11],[0:19],[0:19],[0:19],[0:19],[0:19],[6:11],0
[0:19],[0:19],[0:19],[0:19],[0:19],[0:19],[0:19],[0:19],[0:19],[0:19],[0:19],[0:19],[0:19],[7:11],[0:19],[0:19],[0:19],[0:19],[0:19],[6:11],0
[0:19],[0:19],[0:19],[0:19],[0:19],[0:19],[0:19],[0:19],[0:19],[0:19],[0:19],[0:19],[0:19],[12:14],[0:19],[0:19],[0:19],[0:19],[0:19],[6:11],0
[0:19],[0:19],[0:19],[0:19],[0:19],[0:19],[0:19],[0:19],[0:19],[0:19],[0:19],[0:19],[0:19],[7:11],[0:19],[0:19],[0:19],[0:19],[0:19],[6:11],0
[0:19],[0:19],[0:19],[0:19],[0:19],[0:19],[0:19],[0:19],[0:19],[0:19],[0:19],[0:19],[0:19],[7:11],[0:19],[0:19],[0:19],[0:19],[0:19],[6:11],1
[0:19],[0:19],[0:19],[0:19],[0:19],[0:19],[0:19],[0:19],[0:19],[0:19],[0:19],[0:19],[0:19],[12:14],[0:19],[0:19],[0:19],[0:19],[0:19],[6:11],1
[0:19],[0:19],[0:19],[0:19],[0:19],[0:19],[0:19],[0:19],[0:19],[0:19],[0:19],[0:19],[0:19],[7:11],[0:19],[0:19],[0:19],[0:19],[0:19],[6:11],0
[0:19],[0:19],[0:19],[0:19],[0:19],[0:19],[0:19],[0:19],[0:19],[0:19],[0:19],[0:19],[0:19],[0:6],[0:19],[0:19],[0:19],[0:19],[0:19],[6:11],0
[0:19],[0:19],[0:19],[0:19],[0:19],[0:19],[0:19],[0:19],[0:19],[0:19],[0:19],[0:19],[0:19],[0:6],[0:19],[0:19],[0:19],[0:19],[0:19],[6:11],0
[0:19],[0:19],[0:19],[0:19],[0:19],[0:19],[0:19],[0:19],[0:19],[0:19],[0:19],[0:19],[0:19],[7:11],[0:19],[0:19],[0:19],[0:19],[0:19],[3:5],0
[0:19],[0:19],[0:19],[0:19],[0:19],[0:19],[0:19],[0:19],[0:19],[0:19],[0:19],[0:19],[0:19],[7:11],[0:19],[0:19],[0:19],[0:19],[0:19],[6:11],0
[0:19],[0:19],[0:19],[0:19],[0:19],[0:19],[0:19],[0:19],[0:19],[0:19],[0:19],[0:19],[0:19],[7:11],[0:19],[0:19],[0:19],[0:19],[0:19],[6:11],0
[0:19],[0:19],[0:19],[0:19],[0:19],[0:19],[0:19],[0:19],[0:19],[0:19],[0:19],[0:19],[0:19],[7:11],[0:19],[0:19],[0:19],[0:19],[0:19],[6:11],0
[0:19],[0:19],[0:19],[0:19],[0:19],[0:19],[0:19],[0:19],[0:19],[0:19],[0:19],[0:19],[0:19],[0:6],[0:19],[0:19],[0:19],[0:19],[0:19],[6:11],0
[0:19],[0:19],[0:19],[0:19],[0:19],[0:19],[0:19],[0:19],[0:19],[0:19],[0:19],[0:19],[0:19],[12:14],[0:19],[0:19],[0:19],[0:19],[0:19],[6:11],0
[0:19],[0:19],[0:19],[0:19],[0:19],[0:19],[0:19],[0:19],[0:19],[0:19],[0:19],[0:19],[0:19],[7:11],[0:19],[0:19],[0:19],[0:19],[0:19],[6:11],0
[0:19],[0:19],[0:19],[0:19],[0:19],[0:19],[0:19],[0:19],[0:19],[0:19],[0:19],[0:19],[0:19],[7:11],[0:19],[0:19],[0:19],[0:19],[0:19],[3:5],0
[0:19],[0:19],[0:19],[0:19],[0:19],[0:19],[0:19],[0:19],[0:19],[0:19],[0:19],[0:19],[0:19],[7:11],[0:19],[0:19],[0:19],[0:19],[0:19],[6:11],0
[0:19],[0:19],[0:19],[0:19],[0:19],[0:19],[0:19],[0:19],[0:19],[0:19],[0:19],[0:19],[0:19],[12:14],[0:19],[0:19],[0:19],[0:19],[0:19],[6:11],0
[0:19],[0:19],[0:19],[0:19],[0:19],[0:19],[0:19],[0:19],[0:19],[0:19],[0:19],[0:19],[0:19],[7:11],[0:19],[0:19],[0:19],[0:19],[0:19],[6:11],1
[0:19],[0:19],[0:19],[0:19],[0:19],[0:19],[0:19],[0:19],[0:19],[0:19],[0:19],[0:19],[0:19],[7:11],[0:19],[0:19],[0:19],[0:19],[0:19],[6:11],1
[0:19],[0:19],[0:19],[0:19],[0:19],[0:19],[0:19],[0:19],[0:19],[0:19],[0:19],[0:19],[0:19],[12:14],[0:19],[0:19],[0:19],[0:19],[0:19],[6:11],1
[0:19],[0:19],[0:19],[0:19],[0:19],[0:19],[0:19],[0:19],[0:19],[0:19],[0:19],[0:19],[0:19],[12:14],[0:19],[0:19],[0:19],[0:19],[0:19],[6:11],1
[0:19],[0:19],[0:19],[0:19],[0:19],[0:19],[0:19],[0:19],[0:19],[0:19],[0:19],[0:19],[0:19],[7:11],[0:19],[0:19],[0:19],[0:19],[0:19],[6:11],0
[0:19],[0:19],[0:19],[0:19],[0:19],[0:19],[0:19],[0:19],[0:19],[0:19],[0:19],[0:19],[0:19],[7:11],[0:19],[0:19],[0:19],[0:19],[0:19],[12:15],0
[0:19],[0:19],[0:19],[0:19],[0:19],[0:19],[0:19],[0:19],[0:19],[0:19],[0:19],[0:19],[0:19],[7:11],[0:19],[0:19],[0:19],[0:19],[0:19],[6:11],1
[0:19],[0:19],[0:19],[0:19],[0:19],[0:19],[0:19],[0:19],[0:19],[0:19],[0:19],[0:19],[0:19],[7:11],[0:19],[0:19],[0:19],[0:19],[0:19],[6:11],0
[0:19],[0:19],[0:19],[0:19],[0:19],[0:19],[0:19],[0:19],[0:19],[0:19],[0:19],[0:19],[0:19],[7:11],[0:19],[0:19],[0:19],[0:19],[0:19],[6:11],0
[0:19],[0:19],[0:19],[0:19],[0:19],[0:19],[0:19],[0:19],[0:19],[0:19],[0:19],[0:19],[0:19],[7:11],[0:19],[0:19],[0:19],[0:19],[0:19],[6:11],1
[0:19],[0:19],[0:19],[0:19],[0:19],[0:19],[0:19],[0:19],[0:19],[0:19],[0:19],[0:19],[0:19],[7:11],[0:19],[0:19],[0:19],[0:19],[0:19],[6:11],1
[0:19],[0:19],[0:19],[0:19],[0:19],[0:19],[0:19],[0:19],[0:19],[0:19],[0:19],[0:19],[0:19],[7:11],[0:19],[0:19],[0:19],[0:19],[0:19],[6:11],0
[0:19],[0:19],[0:19],[0:19],[0:19],[0:19],[0:19],[0:19],[0:19],[0:19],[0:19],[0:19],[0:19],[7:11],[0:19],[0:19],[0:19],[0:19],[0:19],[6:11],1
[0:19],[0:19],[0:19],[0:19],[0:19],[0:19],[0:19],[0:19],[0:19],[0:19],[0:19],[0:19],[0:19],[7:11],[0:19],[0:19],[0:19],[0:19],[0:19],[6:11],1
[0:19],[0:19],[0:19],[0:19],[0:19],[0:19],[0:19],[0:19],[0:19],[0:19],[0:19],[0:19],[0:19],[7:11],[0:19],[0:19],[0:19],[0:19],[0:19],[6:11],1
[0:19],[0:19],[0:19],[0:19],[0:19],[0:19],[0:19],[0:19],[0:19],[0:19],[0:19],[0:19],[0:19],[7:11],[0:19],[0:19],[0:19],[0:19],[0:19],[6:11],1
[0:19],[0:19],[0:19],[0:19],[0:19],[0:19],[0:19],[0:19],[0:19],[0:19],[0:19],[0:19],[0:19],[7:11],[0:19],[0:19],[0:19],[0:19],[0:19],[12:15],0
[0:19],[0:19],[0:19],[0:19],[0:19],[0:19],[0:19],[0:19],[0:19],[0:19],[0:19],[0:19],[0:19],[7:11],[0:19],[0:19],[0:19],[0:19],[0:19],[6:11],0
[0:19],[0:19],[0:19],[0:19],[0:19],[0:19],[0:19],[0:19],[0:19],[0:19],[0:19],[0:19],[0:19],[7:11],[0:19],[0:19],[0:19],[0:19],[0:19],[6:11],1
[0:19],[0:19],[0:19],[0:19],[0:19],[0:19],[0:19],[0:19],[0:19],[0:19],[0:19],[0:19],[0:19],[7:11],[0:19],[0:19],[0:19],[0:19],[0:19],[6:11],1
[0:19],[0:19],[0:19],[0:19],[0:19],[0:19],[0:19],[0:19],[0:19],[0:19],[0:19],[0:19],[0:19],[7:11],[0:19],[0:19],[0:19],[0:19],[0:19],[6:11],1
[0:19],[0:19],[0:19],[0:19],[0:19],[0:19],[0:19],[0:19],[0:19],[0:19],[0:19],[0:19],[0:19],[7:11],[0:19],[0:19],[0:19],[0:19],[0:19],[6:11],1
[0:19],[0:19],[0:19],[0:19],[0:19],[0:19],[0:19],[0:19],[0:19],[0:19],[0:19],[0:19],[0:19],[7:11],[0:19],[0:19],[0:19],[0:19],[0:19],[6:11],1
[0:19],[0:19],[0:19],[0:19],[0:19],[0:19],[0:19],[0:19],[0:19],[0:19],[0:19],[0:19],[0:19],[12:14],[0:19],[0:19],[0:19],[0:19],[0:19],[6:11],0
[0:19],[0:19],[0:19],[0:19],[0:19],[0:19],[0:19],[0:19],[0:19],[0:19],[0:19],[0:19],[0:19],[7:11],[0:19],[0:19],[0:19],[0:19],[0:19],[6:11],1
[0:19],[0:19],[0:19],[0:19],[0:19],[0:19],[0:19],[0:19],[0:19],[0:19],[0:19],[0:19],[0:19],[7:11],[0:19],[0:19],[0:19],[0:19],[0:19],[6:11],0
[0:19],[0:19],[0:19],[0:19],[0:19],[0:19],[0:19],[0:19],[0:19],[0:19],[0:19],[0:19],[0:19],[7:11],[0:19],[0:19],[0:19],[0:19],[0:19],[6:11],1
[0:19],[0:19],[0:19],[0:19],[0:19],[0:19],[0:19],[0:19],[0:19],[0:19],[0:19],[0:19],[0:19],[12:14],[0:19],[0:19],[0:19],[0:19],[0:19],[6:11],1
[0:19],[0:19],[0:19],[0:19],[0:19],[0:19],[0:19],[0:19],[0:19],[0:19],[0:19],[0:19],[0:19],[7:11],[0:19],[0:19],[0:19],[0:19],[0:19],[6:11],1
[0:19],[0:19],[0:19],[0:19],[0:19],[0:19],[0:19],[0:19],[0:19],[0:19],[0:19],[0:19],[0:19],[0:6],[0:19],[0:19],[0:19],[0:19],[0:19],[3:5],0
[0:19],[0:19],[0:19],[0:19],[0:19],[0:19],[0:19],[0:19],[0:19],[0:19],[0:19],[0:19],[0:19],[7:11],[0:19],[0:19],[0:19],[0:19],[0:19],[6:11],0
[0:19],[0:19],[0:19],[0:19],[0:19],[0:19],[0:19],[0:19],[0:19],[0:19],[0:19],[0:19],[0:19],[7:11],[0:19],[0:19],[0:19],[0:19],[0:19],[6:11],1
[0:19],[0:19],[0:19],[0:19],[0:19],[0:19],[0:19],[0:19],[0:19],[0:19],[0:19],[0:19],[0:19],[7:11],[0:19],[0:19],[0:19],[0:19],[0:19],[6:11],1
[0:19],[0:19],[0:19],[0:19],[0:19],[0:19],[0:19],[0:19],[0:19],[0:19],[0:19],[0:19],[0:19],[12:14],[0:19],[0:19],[0:19],[0:19],[0:19],[6:11],0
[0:19],[0:19],[0:19],[0:19],[0:19],[0:19],[0:19],[0:19],[0:19],[0:19],[0:19],[0:19],[0:19],[7:11],[0:19],[0:19],[0:19],[0:19],[0:19],[6:11],0
[0:19],[0:19],[0:19],[0:19],[0:19],[0:19],[0:19],[0:19],[0:19],[0:19],[0:19],[0:19],[0:19],[7:11],[0:19],[0:19],[0:19],[0:19],[0:19],[6:11],1
[0:19],[0:19],[0:19],[0:19],[0:19],[0:19],[0:19],[0:19],[0:19],[0:19],[0:19],[0:19],[0:19],[12:14],[0:19],[0:19],[0:19],[0:19],[0:19],[6:11],1
[0:19],[0:19],[0:19],[0:19],[0:19],[0:19],[0:19],[0:19],[0:19],[0:19],[0:19],[0:19],[0:19],[7:11],[0:19],[0:19],[0:19],[0:19],[0:19],[6:11],1
[0:19],[0:19],[0:19],[0:19],[0:19],[0:19],[0:19],[0:19],[0:19],[0:19],[0:19],[0:19],[0:19],[7:11],[0:19],[0:19],[0:19],[0:19],[0:19],[6:11],0
[0:19],[0:19],[0:19],[0:19],[0:19],[0:19],[0:19],[0:19],[0:19],[0:19],[0:19],[0:19],[0:19],[7:11],[0:19],[0:19],[0:19],[0:19],[0:19],[6:11],0
[0:19],[0:19],[0:19],[0:19],[0:19],[0:19],[0:19],[0:19],[0:19],[0:19],[0:19],[0:19],[0:19],[12:14],[0:19],[0:19],[0:19],[0:19],[0:19],[6:11],0
[0:19],[0:19],[0:19],[0:19],[0:19],[0:19],[0:19],[0:19],[0:19],[0:19],[0:19],[0:19],[0:19],[7:11],[0:19],[0:19],[0:19],[0:19],[0:19],[6:11],0
[0:19],[0:19],[0:19],[0:19],[0:19],[0:19],[0:19],[0:19],[0:19],[0:19],[0:19],[0:19],[0:19],[7:11],[0:19],[0:19],[0:19],[0:19],[0:19],[6:11],0
[0:19],[0:19],[0:19],[0:19],[0:19],[0:19],[0:19],[0:19],[0:19],[0:19],[0:19],[0:19],[0:19],[7:11],[0:19],[0:19],[0:19],[0:19],[0:19],[6:11],1
[0:19],[0:19],[0:19],[0:19],[0:19],[0:19],[0:19],[0:19],[0:19],[0:19],[0:19],[0:19],[0:19],[7:11],[0:19],[0:19],[0:19],[0:19],[0:19],[6:11],0
[0:19],[0:19],[0:19],[0:19],[0:19],[0:19],[0:19],[0:19],[0:19],[0:19],[0:19],[0:19],[0:19],[12:14],[0:19],[0:19],[0:19],[0:19],[0:19],[6:11],1
[0:19],[0:19],[0:19],[0:19],[0:19],[0:19],[0:19],[0:19],[0:19],[0:19],[0:19],[0:19],[0:19],[7:11],[0:19],[0:19],[0:19],[0:19],[0:19],[6:11],1
[0:19],[0:19],[0:19],[0:19],[0:19],[0:19],[0:19],[0:19],[0:19],[0:19],[0:19],[0:19],[0:19],[7:11],[0:19],[0:19],[0:19],[0:19],[0:19],[12:15],0
[0:19],[0:19],[0:19],[0:19],[0:19],[0:19],[0:19],[0:19],[0:19],[0:19],[0:19],[0:19],[0:19],[7:11],[0:19],[0:19],[0:19],[0:19],[0:19],[6:11],0
[0:19],[0:19],[0:19],[0:19],[0:19],[0:19],[0:19],[0:19],[0:19],[0:19],[0:19],[0:19],[0:19],[7:11],[0:19],[0:19],[0:19],[0:19],[0:19],[6:11],1
[0:19],[0:19],[0:19],[0:19],[0:19],[0:19],[0:19],[0:19],[0:19],[0:19],[0:19],[0:19],[0:19],[12:14],[0:19],[0:19],[0:19],[0:19],[0:19],[12:15],0
[0:19],[0:19],[0:19],[0:19],[0:19],[0:19],[0:19],[0:19],[0:19],[0:19],[0:19],[0:19],[0:19],[7:11],[0:19],[0:19],[0:19],[0:19],[0:19],[3:5],0
[0:19],[0:19],[0:19],[0:19],[0:19],[0:19],[0:19],[0:19],[0:19],[0:19],[0:19],[0:19],[0:19],[7:11],[0:19],[0:19],[0:19],[0:19],[0:19],[6:11],1
[0:19],[0:19],[0:19],[0:19],[0:19],[0:19],[0:19],[0:19],[0:19],[0:19],[0:19],[0:19],[0:19],[7:11],[0:19],[0:19],[0:19],[0:19],[0:19],[6:11],0
[0:19],[0:19],[0:19],[0:19],[0:19],[0:19],[0:19],[0:19],[0:19],[0:19],[0:19],[0:19],[0:19],[7:11],[0:19],[0:19],[0:19],[0:19],[0:19],[12:15],0
[0:19],[0:19],[0:19],[0:19],[0:19],[0:19],[0:19],[0:19],[0:19],[0:19],[0:19],[0:19],[0:19],[12:14],[0:19],[0:19],[0:19],[0:19],[0:19],[6:11],1
[0:19],[0:19],[0:19],[0:19],[0:19],[0:19],[0:19],[0:19],[0:19],[0:19],[0:19],[0:19],[0:19],[12:14],[0:19],[0:19],[0:19],[0:19],[0:19],[6:11],1
[0:19],[0:19],[0:19],[0:19],[0:19],[0:19],[0:19],[0:19],[0:19],[0:19],[0:19],[0:19],[0:19],[7:11],[0:19],[0:19],[0:19],[0:19],[0:19],[6:11],0
[0:19],[0:19],[0:19],[0:19],[0:19],[0:19],[0:19],[0:19],[0:19],[0:19],[0:19],[0:19],[0:19],[12:14],[0:19],[0:19],[0:19],[0:19],[0:19],[6:11],0
[0:19],[0:19],[0:19],[0:19],[0:19],[0:19],[0:19],[0:19],[0:19],[0:19],[0:19],[0:19],[0:19],[7:11],[0:19],[0:19],[0:19],[0:19],[0:19],[6:11],0
[0:19],[0:19],[0:19],[0:19],[0:19],[0:19],[0:19],[0:19],[0:19],[0:19],[0:19],[0:19],[0:19],[7:11],[0:19],[0:19],[0:19],[0:19],[0:19],[6:11],1
[0:19],[0:19],[0:19],[0:19],[0:19],[0:19],[0:19],[0:19],[0:19],[0:19],[0:19],[0:19],[0:19],[7:11],[0:19],[0:19],[0:19],[0:19],[0:19],[6:11],1
[0:19],[0:19],[0:19],[0:19],[0:19],[0:19],[0:19],[0:19],[0:19],[0:19],[0:19],[0:19],[0:19],[7:11],[0:19],[0:19],[0:19],[0:19],[0:19],[3:5],0
[0:19],[0:19],[0:19],[0:19],[0:19],[0:19],[0:19],[0:19],[0:19],[0:19],[0:19],[0:19],[0:19],[7:11],[0:19],[0:19],[0:19],[0:19],[0:19],[12:15],0
[0:19],[0:19],[0:19],[0:19],[0:19],[0:19],[0:19],[0:19],[0:19],[0:19],[0:19],[0:19],[0:19],[7:11],[0:19],[0:19],[0:19],[0:19],[0:19],[6:11],0
[0:19],[0:19],[0:19],[0:19],[0:19],[0:19],[0:19],[0:19],[0:19],[0:19],[0:19],[0:19],[0:19],[7:11],[0:19],[0:19],[0:19],[0:19],[0:19],[6:11],1
[0:19],[0:19],[0:19],[0:19],[0:19],[0:19],[0:19],[0:19],[0:19],[0:19],[0:19],[0:19],[0:19],[7:11],[0:19],[0:19],[0:19],[0:19],[0:19],[3:5],0
[0:19],[0:19],[0:19],[0:19],[0:19],[0:19],[0:19],[0:19],[0:19],[0:19],[0:19],[0:19],[0:19],[12:14],[0:19],[0:19],[0:19],[0:19],[0:19],[6:11],1
[0:19],[0:19],[0:19],[0:19],[0:19],[0:19],[0:19],[0:19],[0:19],[0:19],[0:19],[0:19],[0:19],[7:11],[0:19],[0:19],[0:19],[0:19],[0:19],[6:11],1
[0:19],[0:19],[0:19],[0:19],[0:19],[0:19],[0:19],[0:19],[0:19],[0:19],[0:19],[0:19],[0:19],[7:11],[0:19],[0:19],[0:19],[0:19],[0:19],[12:15],0
[0:19],[0:19],[0:19],[0:19],[0:19],[0:19],[0:19],[0:19],[0:19],[0:19],[0:19],[0:19],[0:19],[7:11],[0:19],[0:19],[0:19],[0:19],[0:19],[6:11],0
[0:19],[0:19],[0:19],[0:19],[0:19],[0:19],[0:19],[0:19],[0:19],[0:19],[0:19],[0:19],[0:19],[7:11],[0:19],[0:19],[0:19],[0:19],[0:19],[6:11],1
[0:19],[0:19],[0:19],[0:19],[0:19],[0:19],[0:19],[0:19],[0:19],[0:19],[0:19],[0:19],[0:19],[7:11],[0:19],[0:19],[0:19],[0:19],[0:19],[6:11],0
[0:19],[0:19],[0:19],[0:19],[0:19],[0:19],[0:19],[0:19],[0:19],[0:19],[0:19],[0:19],[0:19],[7:11],[0:19],[0:19],[0:19],[0:19],[0:19],[6:11],0
[0:19],[0:19],[0:19],[0:19],[0:19],[0:19],[0:19],[0:19],[0:19],[0:19],[0:19],[0:19],[0:19],[7:11],[0:19],[0:19],[0:19],[0:19],[0:19],[6:11],0
[0:19],[0:19],[0:19],[0:19],[0:19],[0:19],[0:19],[0:19],[0:19],[0:19],[0:19],[0:19],[0:19],[7:11],[0:19],[0:19],[0:19],[0:19],[0:19],[6:11],1
[0:19],[0:19],[0:19],[0:19],[0:19],[0:19],[0:19],[0:19],[0:19],[0:19],[0:19],[0:19],[0:19],[7:11],[0:19],[0:19],[0:19],[0:19],[0:19],[6:11],0
[0:19],[0:19],[0:19],[0:19],[0:19],[0:19],[0:19],[0:19],[0:19],[0:19],[0:19],[0:19],[0:19],[7:11],[0:19],[0:19],[0:19],[0:19],[0:19],[3:5],0
[0:19],[0:19],[0:19],[0:19],[0:19],[0:19],[0:19],[0:19],[0:19],[0:19],[0:19],[0:19],[0:19],[7:11],[0:19],[0:19],[0:19],[0:19],[0:19],[6:11],0
[0:19],[0:19],[0:19],[0:19],[0:19],[0:19],[0:19],[0:19],[0:19],[0:19],[0:19],[0:19],[0:19],[7:11],[0:19],[0:19],[0:19],[0:19],[0:19],[6:11],1
[0:19],[0:19],[0:19],[0:19],[0:19],[0:19],[0:19],[0:19],[0:19],[0:19],[0:19],[0:19],[0:19],[12:14],[0:19],[0:19],[0:19],[0:19],[0:19],[6:11],1
[0:19],[0:19],[0:19],[0:19],[0:19],[0:19],[0:19],[0:19],[0:19],[0:19],[0:19],[0:19],[0:19],[12:14],[0:19],[0:19],[0:19],[0:19],[0:19],[6:11],1
[0:19],[0:19],[0:19],[0:19],[0:19],[0:19],[0:19],[0:19],[0:19],[0:19],[0:19],[0:19],[0:19],[7:11],[0:19],[0:19],[0:19],[0:19],[0:19],[6:11],1
[0:19],[0:19],[0:19],[0:19],[0:19],[0:19],[0:19],[0:19],[0:19],[0:19],[0:19],[0:19],[0:19],[7:11],[0:19],[0:19],[0:19],[0:19],[0:19],[6:11],1
[0:19],[0:19],[0:19],[0:19],[0:19],[0:19],[0:19],[0:19],[0:19],[0:19],[0:19],[0:19],[0:19],[7:11],[0:19],[0:19],[0:19],[0:19],[0:19],[6:11],1
[0:19],[0:19],[0:19],[0:19],[0:19],[0:19],[0:19],[0:19],[0:19],[0:19],[0:19],[0:19],[0:19],[7:11],[0:19],[0:19],[0:19],[0:19],[0:19],[6:11],1
[0:19],[0:19],[0:19],[0:19],[0:19],[0:19],[0:19],[0:19],[0:19],[0:19],[0:19],[0:19],[0:19],[0:6],[0:19],[0:19],[0:19],[0:19],[0:19],[3:5],0
[0:19],[0:19],[0:19],[0:19],[0:19],[0:19],[0:19],[0:19],[0:19],[0:19],[0:19],[0:19],[0:19],[7:11],[0:19],[0:19],[0:19],[0:19],[0:19],[12:15],0
[0:19],[0:19],[0:19],[0:19],[0:19],[0:19],[0:19],[0:19],[0:19],[0:19],[0:19],[0:19],[0:19],[7:11],[0:19],[0:19],[0:19],[0:19],[0:19],[6:11],1
[0:19],[0:19],[0:19],[0:19],[0:19],[0:19],[0:19],[0:19],[0:19],[0:19],[0:19],[0:19],[0:19],[7:11],[0:19],[0:19],[0:19],[0:19],[0:19],[12:15],0
[0:19],[0:19],[0:19],[0:19],[0:19],[0:19],[0:19],[0:19],[0:19],[0:19],[0:19],[0:19],[0:19],[7:11],[0:19],[0:19],[0:19],[0:19],[0:19],[6:11],1
[0:19],[0:19],[0:19],[0:19],[0:19],[0:19],[0:19],[0:19],[0:19],[0:19],[0:19],[0:19],[0:19],[7:11],[0:19],[0:19],[0:19],[0:19],[0:19],[6:11],0
[0:19],[0:19],[0:19],[0:19],[0:19],[0:19],[0:19],[0:19],[0:19],[0:19],[0:19],[0:19],[0:19],[7:11],[0:19],[0:19],[0:19],[0:19],[0:19],[6:11],1
[0:19],[0:19],[0:19],[0:19],[0:19],[0:19],[0:19],[0:19],[0:19],[0:19],[0:19],[0:19],[0:19],[7:11],[0:19],[0:19],[0:19],[0:19],[0:19],[6:11],0
[0:19],[0:19],[0:19],[0:19],[0:19],[0:19],[0:19],[0:19],[0:19],[0:19],[0:19],[0:19],[0:19],[0:6],[0:19],[0:19],[0:19],[0:19],[0:19],[6:11],0
[0:19],[0:19],[0:19],[0:19],[0:19],[0:19],[0:19],[0:19],[0:19],[0:19],[0:19],[0:19],[0:19],[12:14],[0:19],[0:19],[0:19],[0:19],[0:19],[3:5],0
[0:19],[0:19],[0:19],[0:19],[0:19],[0:19],[0:19],[0:19],[0:19],[0:19],[0:19],[0:19],[0:19],[7:11],[0:19],[0:19],[0:19],[0:19],[0:19],[3:5],0
[0:19],[0:19],[0:19],[0:19],[0:19],[0:19],[0:19],[0:19],[0:19],[0:19],[0:19],[0:19],[0:19],[7:11],[0:19],[0:19],[0:19],[0:19],[0:19],[6:11],0
[0:19],[0:19],[0:19],[0:19],[0:19],[0:19],[0:19],[0:19],[0:19],[0:19],[0:19],[0:19],[0:19],[0:6],[0:19],[0:19],[0:19],[0:19],[0:19],[3:5],0
[0:19],[0:19],[0:19],[0:19],[0:19],[0:19],[0:19],[0:19],[0:19],[0:19],[0:19],[0:19],[0:19],[7:11],[0:19],[0:19],[0:19],[0:19],[0:19],[6:11],1
[0:19],[0:19],[0:19],[0:19],[0:19],[0:19],[0:19],[0:19],[0:19],[0:19],[0:19],[0:19],[0:19],[12:14],[0:19],[0:19],[0:19],[0:19],[0:19],[6:11],0
[0:19],[0:19],[0:19],[0:19],[0:19],[0:19],[0:19],[0:19],[0:19],[0:19],[0:19],[0:19],[0:19],[7:11],[0:19],[0:19],[0:19],[0:19],[0:19],[6:11],1
[0:19],[0:19],[0:19],[0:19],[0:19],[0:19],[0:19],[0:19],[0:19],[0:19],[0:19],[0:19],[0:19],[7:11],[0:19],[0:19],[0:19],[0:19],[0:19],[6:11],0
[0:19],[0:19],[0:19],[0:19],[0:19],[0:19],[0:19],[0:19],[0:19],[0:19],[0:19],[0:19],[0:19],[7:11],[0:19],[0:19],[0:19],[0:19],[0:19],[6:11],1
[0:19],[0:19],[0:19],[0:19],[0:19],[0:19],[0:19],[0:19],[0:19],[0:19],[0:19],[0:19],[0:19],[7:11],[0:19],[0:19],[0:19],[0:19],[0:19],[6:11],1
[0:19],[0:19],[0:19],[0:19],[0:19],[0:19],[0:19],[0:19],[0:19],[0:19],[0:19],[0:19],[0:19],[7:11],[0:19],[0:19],[0:19],[0:19],[0:19],[6:11],0
[0:19],[0:19],[0:19],[0:19],[0:19],[0:19],[0:19],[0:19],[0:19],[0:19],[0:19],[0:19],[0:19],[7:11],[0:19],[0:19],[0:19],[0:19],[0:19],[6:11],0
[0:19],[0:19],[0:19],[0:19],[0:19],[0:19],[0:19],[0:19],[0:19],[0:19],[0:19],[0:19],[0:19],[7:11],[0:19],[0:19],[0:19],[0:19],[0:19],[6:11],1
[0:19],[0:19],[0:19],[0:19],[0:19],[0:19],[0:19],[0:19],[0:19],[0:19],[0:19],[0:19],[0:19],[12:14],[0:19],[0:19],[0:19],[0:19],[0:19],[6:11],0
[0:19],[0:19],[0:19],[0:19],[0:19],[0:19],[0:19],[0:19],[0:19],[0:19],[0:19],[0:19],[0:19],[12:14],[0:19],[0:19],[0:19],[0:19],[0:19],[6:11],0
[0:19],[0:19],[0:19],[0:19],[0:19],[0:19],[0:19],[0:19],[0:19],[0:19],[0:19],[0:19],[0:19],[7:11],[0:19],[0:19],[0:19],[0:19],[0:19],[6:11],1
[0:19],[0:19],[0:19],[0:19],[0:19],[0:19],[0:19],[0:19],[0:19],[0:19],[0:19],[0:19],[0:19],[0:6],[0:19],[0:19],[0:19],[0:19],[0:19],[6:11],0
[0:19],[0:19],[0:19],[0:19],[0:19],[0:19],[0:19],[0:19],[0:19],[0:19],[0:19],[0:19],[0:19],[7:11],[0:19],[0:19],[0:19],[0:19],[0:19],[6:11],1
[0:19],[0:19],[0:19],[0:19],[0:19],[0:19],[0:19],[0:19],[0:19],[0:19],[0:19],[0:19],[0:19],[7:11],[0:19],[0:19],[0:19],[0:19],[0:19],[6:11],1
[0:19],[0:19],[0:19],[0:19],[0:19],[0:19],[0:19],[0:19],[0:19],[0:19],[0:19],[0:19],[0:19],[12:14],[0:19],[0:19],[0:19],[0:19],[0:19],[6:11],0
[0:19],[0:19],[0:19],[0:19],[0:19],[0:19],[0:19],[0:19],[0:19],[0:19],[0:19],[0:19],[0:19],[7:11],[0:19],[0:19],[0:19],[0:19],[0:19],[6:11],0
[0:19],[0:19],[0:19],[0:19],[0:19],[0:19],[0:19],[0:19],[0:19],[0:19],[0:19],[0:19],[0:19],[0:6],[0:19],[0:19],[0:19],[0:19],[0:19],[6:11],1
[0:19],[0:19],[0:19],[0:19],[0:19],[0:19],[0:19],[0:19],[0:19],[0:19],[0:19],[0:19],[0:19],[7:11],[0:19],[0:19],[0:19],[0:19],[0:19],[6:11],0
[0:19],[0:19],[0:19],[0:19],[0:19],[0:19],[0:19],[0:19],[0:19],[0:19],[0:19],[0:19],[0:19],[7:11],[0:19],[0:19],[0:19],[0:19],[0:19],[6:11],0
[0:19],[0:19],[0:19],[0:19],[0:19],[0:19],[0:19],[0:19],[0:19],[0:19],[0:19],[0:19],[0:19],[12:14],[0:19],[0:19],[0:19],[0:19],[0:19],[6:11],1
[0:19],[0:19],[0:19],[0:19],[0:19],[0:19],[0:19],[0:19],[0:19],[0:19],[0:19],[0:19],[0:19],[7:11],[0:19],[0:19],[0:19],[0:19],[0:19],[6:11],1
[0:19],[0:19],[0:19],[0:19],[0:19],[0:19],[0:19],[0:19],[0:19],[0:19],[0:19],[0:19],[0:19],[7:11],[0:19],[0:19],[0:19],[0:19],[0:19],[6:11],1
[0:19],[0:19],[0:19],[0:19],[0:19],[0:19],[0:19],[0:19],[0:19],[0:19],[0:19],[0:19],[0:19],[7:11],[0:19],[0:19],[0:19],[0:19],[0:19],[6:11],1
[0:19],[0:19],[0:19],[0:19],[0:19],[0:19],[0:19],[0:19],[0:19],[0:19],[0:19],[0:19],[0:19],[7:11],[0:19],[0:19],[0:19],[0:19],[0:19],[3:5],0
[0:19],[0:19],[0:19],[0:19],[0:19],[0:19],[0:19],[0:19],[0:19],[0:19],[0:19],[0:19],[0:19],[7:11],[0:19],[0:19],[0:19],[0:19],[0:19],[6:11],1
[0:19],[0:19],[0:19],[0:19],[0:19],[0:19],[0:19],[0:19],[0:19],[0:19],[0:19],[0:19],[0:19],[12:14],[0:19],[0:19],[0:19],[0:19],[0:19],[6:11],0
[0:19],[0:19],[0:19],[0:19],[0:19],[0:19],[0:19],[0:19],[0:19],[0:19],[0:19],[0:19],[0:19],[7:11],[0:19],[0:19],[0:19],[0:19],[0:19],[6:11],0
[0:19],[0:19],[0:19],[0:19],[0:19],[0:19],[0:19],[0:19],[0:19],[0:19],[0:19],[0:19],[0:19],[7:11],[0:19],[0:19],[0:19],[0:19],[0:19],[6:11],0
[0:19],[0:19],[0:19],[0:19],[0:19],[0:19],[0:19],[0:19],[0:19],[0:19],[0:19],[0:19],[0:19],[7:11],[0:19],[0:19],[0:19],[0:19],[0:19],[12:15],0
[0:19],[0:19],[0:19],[0:19],[0:19],[0:19],[0:19],[0:19],[0:19],[0:19],[0:19],[0:19],[0:19],[7:11],[0:19],[0:19],[0:19],[0:19],[0:19],[6:11],0
[0:19],[0:19],[0:19],[0:19],[0:19],[0:19],[0:19],[0:19],[0:19],[0:19],[0:19],[0:19],[0:19],[7:11],[0:19],[0:19],[0:19],[0:19],[0:19],[6:11],1
[0:19],[0:19],[0:19],[0:19],[0:19],[0:19],[0:19],[0:19],[0:19],[0:19],[0:19],[0:19],[0:19],[7:11],[0:19],[0:19],[0:19],[0:19],[0:19],[3:5],0
[0:19],[0:19],[0:19],[0:19],[0:19],[0:19],[0:19],[0:19],[0:19],[0:19],[0:19],[0:19],[0:19],[7:11],[0:19],[0:19],[0:19],[0:19],[0:19],[6:11],1
[0:19],[0:19],[0:19],[0:19],[0:19],[0:19],[0:19],[0:19],[0:19],[0:19],[0:19],[0:19],[0:19],[12:14],[0:19],[0:19],[0:19],[0:19],[0:19],[6:11],0
[0:19],[0:19],[0:19],[0:19],[0:19],[0:19],[0:19],[0:19],[0:19],[0:19],[0:19],[0:19],[0:19],[7:11],[0:19],[0:19],[0:19],[0:19],[0:19],[6:11],1
[0:19],[0:19],[0:19],[0:19],[0:19],[0:19],[0:19],[0:19],[0:19],[0:19],[0:19],[0:19],[0:19],[7:11],[0:19],[0:19],[0:19],[0:19],[0:19],[12:15],0
[0:19],[0:19],[0:19],[0:19],[0:19],[0:19],[0:19],[0:19],[0:19],[0:19],[0:19],[0:19],[0:19],[7:11],[0:19],[0:19],[0:19],[0:19],[0:19],[6:11],1
[0:19],[0:19],[0:19],[0:19],[0:19],[0:19],[0:19],[0:19],[0:19],[0:19],[0:19],[0:19],[0:19],[7:11],[0:19],[0:19],[0:19],[0:19],[0:19],[6:11],1
[0:19],[0:19],[0:19],[0:19],[0:19],[0:19],[0:19],[0:19],[0:19],[0:19],[0:19],[0:19],[0:19],[7:11],[0:19],[0:19],[0:19],[0:19],[0:19],[6:11],1
[0:19],[0:19],[0:19],[0:19],[0:19],[0:19],[0:19],[0:19],[0:19],[0:19],[0:19],[0:19],[0:19],[7:11],[0:19],[0:19],[0:19],[0:19],[0:19],[6:11],0
[0:19],[0:19],[0:19],[0:19],[0:19],[0:19],[0:19],[0:19],[0:19],[0:19],[0:19],[0:19],[0:19],[7:11],[0:19],[0:19],[0:19],[0:19],[0:19],[6:11],1
[0:19],[0:19],[0:19],[0:19],[0:19],[0:19],[0:19],[0:19],[0:19],[0:19],[0:19],[0:19],[0:19],[7:11],[0:19],[0:19],[0:19],[0:19],[0:19],[6:11],1
[0:19],[0:19],[0:19],[0:19],[0:19],[0:19],[0:19],[0:19],[0:19],[0:19],[0:19],[0:19],[0:19],[7:11],[0:19],[0:19],[0:19],[0:19],[0:19],[6:11],0
[0:19],[0:19],[0:19],[0:19],[0:19],[0:19],[0:19],[0:19],[0:19],[0:19],[0:19],[0:19],[0:19],[7:11],[0:19],[0:19],[0:19],[0:19],[0:19],[6:11],1
[0:19],[0:19],[0:19],[0:19],[0:19],[0:19],[0:19],[0:19],[0:19],[0:19],[0:19],[0:19],[0:19],[7:11],[0:19],[0:19],[0:19],[0:19],[0:19],[6:11],0
[0:19],[0:19],[0:19],[0:19],[0:19],[0:19],[0:19],[0:19],[0:19],[0:19],[0:19],[0:19],[0:19],[0:6],[0:19],[0:19],[0:19],[0:19],[0:19],[6:11],0
[0:19],[0:19],[0:19],[0:19],[0:19],[0:19],[0:19],[0:19],[0:19],[0:19],[0:19],[0:19],[0:19],[12:14],[0:19],[0:19],[0:19],[0:19],[0:19],[6:11],1
[0:19],[0:19],[0:19],[0:19],[0:19],[0:19],[0:19],[0:19],[0:19],[0:19],[0:19],[0:19],[0:19],[7:11],[0:19],[0:19],[0:19],[0:19],[0:19],[6:11],1
[0:19],[0:19],[0:19],[0:19],[0:19],[0:19],[0:19],[0:19],[0:19],[0:19],[0:19],[0:19],[0:19],[12:14],[0:19],[0:19],[0:19],[0:19],[0:19],[12:15],0
[0:19],[0:19],[0:19],[0:19],[0:19],[0:19],[0:19],[0:19],[0:19],[0:19],[0:19],[0:19],[0:19],[7:11],[0:19],[0:19],[0:19],[0:19],[0:19],[6:11],1
[0:19],[0:19],[0:19],[0:19],[0:19],[0:19],[0:19],[0:19],[0:19],[0:19],[0:19],[0:19],[0:19],[7:11],[0:19],[0:19],[0:19],[0:19],[0:19],[6:11],0
[0:19],[0:19],[0:19],[0:19],[0:19],[0:19],[0:19],[0:19],[0:19],[0:19],[0:19],[0:19],[0:19],[7:11],[0:19],[0:19],[0:19],[0:19],[0:19],[6:11],1
[0:19],[0:19],[0:19],[0:19],[0:19],[0:19],[0:19],[0:19],[0:19],[0:19],[0:19],[0:19],[0:19],[7:11],[0:19],[0:19],[0:19],[0:19],[0:19],[6:11],1
[0:19],[0:19],[0:19],[0:19],[0:19],[0:19],[0:19],[0:19],[0:19],[0:19],[0:19],[0:19],[0:19],[7:11],[0:19],[0:19],[0:19],[0:19],[0:19],[6:11],0
[0:19],[0:19],[0:19],[0:19],[0:19],[0:19],[0:19],[0:19],[0:19],[0:19],[0:19],[0:19],[0:19],[7:11],[0:19],[0:19],[0:19],[0:19],[0:19],[6:11],1
[0:19],[0:19],[0:19],[0:19],[0:19],[0:19],[0:19],[0:19],[0:19],[0:19],[0:19],[0:19],[0:19],[7:11],[0:19],[0:19],[0:19],[0:19],[0:19],[12:15],1
[0:19],[0:19],[0:19],[0:19],[0:19],[0:19],[0:19],[0:19],[0:19],[0:19],[0:19],[0:19],[0:19],[7:11],[0:19],[0:19],[0:19],[0:19],[0:19],[6:11],1
[0:19],[0:19],[0:19],[0:19],[0:19],[0:19],[0:19],[0:19],[0:19],[0:19],[0:19],[0:19],[0:19],[7:11],[0:19],[0:19],[0:19],[0:19],[0:19],[3:5],0
[0:19],[0:19],[0:19],[0:19],[0:19],[0:19],[0:19],[0:19],[0:19],[0:19],[0:19],[0:19],[0:19],[12:14],[0:19],[0:19],[0:19],[0:19],[0:19],[6:11],0
[0:19],[0:19],[0:19],[0:19],[0:19],[0:19],[0:19],[0:19],[0:19],[0:19],[0:19],[0:19],[0:19],[7:11],[0:19],[0:19],[0:19],[0:19],[0:19],[6:11],1
[0:19],[0:19],[0:19],[0:19],[0:19],[0:19],[0:19],[0:19],[0:19],[0:19],[0:19],[0:19],[0:19],[7:11],[0:19],[0:19],[0:19],[0:19],[0:19],[6:11],1
[0:19],[0:19],[0:19],[0:19],[0:19],[0:19],[0:19],[0:19],[0:19],[0:19],[0:19],[0:19],[0:19],[7:11],[0:19],[0:19],[0:19],[0:19],[0:19],[6:11],0
[0:19],[0:19],[0:19],[0:19],[0:19],[0:19],[0:19],[0:19],[0:19],[0:19],[0:19],[0:19],[0:19],[7:11],[0:19],[0:19],[0:19],[0:19],[0:19],[3:5],0
[0:19],[0:19],[0:19],[0:19],[0:19],[0:19],[0:19],[0:19],[0:19],[0:19],[0:19],[0:19],[0:19],[7:11],[0:19],[0:19],[0:19],[0:19],[0:19],[6:11],1
[0:19],[0:19],[0:19],[0:19],[0:19],[0:19],[0:19],[0:19],[0:19],[0:19],[0:19],[0:19],[0:19],[7:11],[0:19],[0:19],[0:19],[0:19],[0:19],[6:11],0
[0:19],[0:19],[0:19],[0:19],[0:19],[0:19],[0:19],[0:19],[0:19],[0:19],[0:19],[0:19],[0:19],[7:11],[0:19],[0:19],[0:19],[0:19],[0:19],[6:11],0
[0:19],[0:19],[0:19],[0:19],[0:19],[0:19],[0:19],[0:19],[0:19],[0:19],[0:19],[0:19],[0:19],[12:14],[0:19],[0:19],[0:19],[0:19],[0:19],[6:11],1
[0:19],[0:19],[0:19],[0:19],[0:19],[0:19],[0:19],[0:19],[0:19],[0:19],[0:19],[0:19],[0:19],[7:11],[0:19],[0:19],[0:19],[0:19],[0:19],[6:11],1
[0:19],[0:19],[0:19],[0:19],[0:19],[0:19],[0:19],[0:19],[0:19],[0:19],[0:19],[0:19],[0:19],[12:14],[0:19],[0:19],[0:19],[0:19],[0:19],[6:11],1
[0:19],[0:19],[0:19],[0:19],[0:19],[0:19],[0:19],[0:19],[0:19],[0:19],[0:19],[0:19],[0:19],[7:11],[0:19],[0:19],[0:19],[0:19],[0:19],[6:11],1
[0:19],[0:19],[0:19],[0:19],[0:19],[0:19],[0:19],[0:19],[0:19],[0:19],[0:19],[0:19],[0:19],[7:11],[0:19],[0:19],[0:19],[0:19],[0:19],[3:5],0
[0:19],[0:19],[0:19],[0:19],[0:19],[0:19],[0:19],[0:19],[0:19],[0:19],[0:19],[0:19],[0:19],[7:11],[0:19],[0:19],[0:19],[0:19],[0:19],[6:11],1
[0:19],[0:19],[0:19],[0:19],[0:19],[0:19],[0:19],[0:19],[0:19],[0:19],[0:19],[0:19],[0:19],[12:14],[0:19],[0:19],[0:19],[0:19],[0:19],[6:11],1
[0:19],[0:19],[0:19],[0:19],[0:19],[0:19],[0:19],[0:19],[0:19],[0:19],[0:19],[0:19],[0:19],[7:11],[0:19],[0:19],[0:19],[0:19],[0:19],[6:11],1
[0:19],[0:19],[0:19],[0:19],[0:19],[0:19],[0:19],[0:19],[0:19],[0:19],[0:19],[0:19],[0:19],[7:11],[0:19],[0:19],[0:19],[0:19],[0:19],[0:2],0
[0:19],[0:19],[0:19],[0:19],[0:19],[0:19],[0:19],[0:19],[0:19],[0:19],[0:19],[0:19],[0:19],[7:11],[0:19],[0:19],[0:19],[0:19],[0:19],[6:11],1
[0:19],[0:19],[0:19],[0:19],[0:19],[0:19],[0:19],[0:19],[0:19],[0:19],[0:19],[0:19],[0:19],[7:11],[0:19],[0:19],[0:19],[0:19],[0:19],[6:11],1
[0:19],[0:19],[0:19],[0:19],[0:19],[0:19],[0:19],[0:19],[0:19],[0:19],[0:19],[0:19],[0:19],[7:11],[0:19],[0:19],[0:19],[0:19],[0:19],[6:11],0
[0:19],[0:19],[0:19],[0:19],[0:19],[0:19],[0:19],[0:19],[0:19],[0:19],[0:19],[0:19],[0:19],[12:14],[0:19],[0:19],[0:19],[0:19],[0:19],[6:11],1
[0:19],[0:19],[0:19],[0:19],[0:19],[0:19],[0:19],[0:19],[0:19],[0:19],[0:19],[0:19],[0:19],[12:14],[0:19],[0:19],[0:19],[0:19],[0:19],[6:11],1
[0:19],[0:19],[0:19],[0:19],[0:19],[0:19],[0:19],[0:19],[0:19],[0:19],[0:19],[0:19],[0:19],[7:11],[0:19],[0:19],[0:19],[0:19],[0:19],[12:15],1
[0:19],[0:19],[0:19],[0:19],[0:19],[0:19],[0:19],[0:19],[0:19],[0:19],[0:19],[0:19],[0:19],[15:19],[0:19],[0:19],[0:19],[0:19],[0:19],[12:15],0
[0:19],[0:19],[0:19],[0:19],[0:19],[0:19],[0:19],[0:19],[0:19],[0:19],[0:19],[0:19],[0:19],[7:11],[0:19],[0:19],[0:19],[0:19],[0:19],[6:11],0
[0:19],[0:19],[0:19],[0:19],[0:19],[0:19],[0:19],[0:19],[0:19],[0:19],[0:19],[0:19],[0:19],[7:11],[0:19],[0:19],[0:19],[0:19],[0:19],[6:11],1
[0:19],[0:19],[0:19],[0:19],[0:19],[0:19],[0:19],[0:19],[0:19],[0:19],[0:19],[0:19],[0:19],[7:11],[0:19],[0:19],[0:19],[0:19],[0:19],[6:11],1
[0:19],[0:19],[0:19],[0:19],[0:19],[0:19],[0:19],[0:19],[0:19],[0:19],[0:19],[0:19],[0:19],[7:11],[0:19],[0:19],[0:19],[0:19],[0:19],[6:11],1
[0:19],[0:19],[0:19],[0:19],[0:19],[0:19],[0:19],[0:19],[0:19],[0:19],[0:19],[0:19],[0:19],[7:11],[0:19],[0:19],[0:19],[0:19],[0:19],[6:11],0
[0:19],[0:19],[0:19],[0:19],[0:19],[0:19],[0:19],[0:19],[0:19],[0:19],[0:19],[0:19],[0:19],[12:14],[0:19],[0:19],[0:19],[0:19],[0:19],[3:5],0
[0:19],[0:19],[0:19],[0:19],[0:19],[0:19],[0:19],[0:19],[0:19],[0:19],[0:19],[0:19],[0:19],[7:11],[0:19],[0:19],[0:19],[0:19],[0:19],[6:11],0
[0:19],[0:19],[0:19],[0:19],[0:19],[0:19],[0:19],[0:19],[0:19],[0:19],[0:19],[0:19],[0:19],[7:11],[0:19],[0:19],[0:19],[0:19],[0:19],[6:11],0
[0:19],[0:19],[0:19],[0:19],[0:19],[0:19],[0:19],[0:19],[0:19],[0:19],[0:19],[0:19],[0:19],[12:14],[0:19],[0:19],[0:19],[0:19],[0:19],[6:11],1
[0:19],[0:19],[0:19],[0:19],[0:19],[0:19],[0:19],[0:19],[0:19],[0:19],[0:19],[0:19],[0:19],[12:14],[0:19],[0:19],[0:19],[0:19],[0:19],[6:11],1
[0:19],[0:19],[0:19],[0:19],[0:19],[0:19],[0:19],[0:19],[0:19],[0:19],[0:19],[0:19],[0:19],[0:6],[0:19],[0:19],[0:19],[0:19],[0:19],[6:11],0
[0:19],[0:19],[0:19],[0:19],[0:19],[0:19],[0:19],[0:19],[0:19],[0:19],[0:19],[0:19],[0:19],[12:14],[0:19],[0:19],[0:19],[0:19],[0:19],[6:11],0
[0:19],[0:19],[0:19],[0:19],[0:19],[0:19],[0:19],[0:19],[0:19],[0:19],[0:19],[0:19],[0:19],[7:11],[0:19],[0:19],[0:19],[0:19],[0:19],[6:11],1
[0:19],[0:19],[0:19],[0:19],[0:19],[0:19],[0:19],[0:19],[0:19],[0:19],[0:19],[0:19],[0:19],[7:11],[0:19],[0:19],[0:19],[0:19],[0:19],[6:11],0
[0:19],[0:19],[0:19],[0:19],[0:19],[0:19],[0:19],[0:19],[0:19],[0:19],[0:19],[0:19],[0:19],[7:11],[0:19],[0:19],[0:19],[0:19],[0:19],[12:15],0
[0:19],[0:19],[0:19],[0:19],[0:19],[0:19],[0:19],[0:19],[0:19],[0:19],[0:19],[0:19],[0:19],[7:11],[0:19],[0:19],[0:19],[0:19],[0:19],[6:11],1
[0:19],[0:19],[0:19],[0:19],[0:19],[0:19],[0:19],[0:19],[0:19],[0:19],[0:19],[0:19],[0:19],[12:14],[0:19],[0:19],[0:19],[0:19],[0:19],[6:11],1
[0:19],[0:19],[0:19],[0:19],[0:19],[0:19],[0:19],[0:19],[0:19],[0:19],[0:19],[0:19],[0:19],[7:11],[0:19],[0:19],[0:19],[0:19],[0:19],[6:11],1
[0:19],[0:19],[0:19],[0:19],[0:19],[0:19],[0:19],[0:19],[0:19],[0:19],[0:19],[0:19],[0:19],[7:11],[0:19],[0:19],[0:19],[0:19],[0:19],[12:15],0
[0:19],[0:19],[0:19],[0:19],[0:19],[0:19],[0:19],[0:19],[0:19],[0:19],[0:19],[0:19],[0:19],[7:11],[0:19],[0:19],[0:19],[0:19],[0:19],[6:11],1
[0:19],[0:19],[0:19],[0:19],[0:19],[0:19],[0:19],[0:19],[0:19],[0:19],[0:19],[0:19],[0:19],[7:11],[0:19],[0:19],[0:19],[0:19],[0:19],[6:11],1
[0:19],[0:19],[0:19],[0:19],[0:19],[0:19],[0:19],[0:19],[0:19],[0:19],[0:19],[0:19],[0:19],[0:6],[0:19],[0:19],[0:19],[0:19],[0:19],[6:11],0
[0:19],[0:19],[0:19],[0:19],[0:19],[0:19],[0:19],[0:19],[0:19],[0:19],[0:19],[0:19],[0:19],[0:6],[0:19],[0:19],[0:19],[0:19],[0:19],[6:11],0
[0:19],[0:19],[0:19],[0:19],[0:19],[0:19],[0:19],[0:19],[0:19],[0:19],[0:19],[0:19],[0:19],[7:11],[0:19],[0:19],[0:19],[0:19],[0:19],[6:11],1
[0:19],[0:19],[0:19],[0:19],[0:19],[0:19],[0:19],[0:19],[0:19],[0:19],[0:19],[0:19],[0:19],[7:11],[0:19],[0:19],[0:19],[0:19],[0:19],[6:11],1
[0:19],[0:19],[0:19],[0:19],[0:19],[0:19],[0:19],[0:19],[0:19],[0:19],[0:19],[0:19],[0:19],[7:11],[0:19],[0:19],[0:19],[0:19],[0:19],[6:11],0
[0:19],[0:19],[0:19],[0:19],[0:19],[0:19],[0:19],[0:19],[0:19],[0:19],[0:19],[0:19],[0:19],[7:11],[0:19],[0:19],[0:19],[0:19],[0:19],[6:11],1
[0:19],[0:19],[0:19],[0:19],[0:19],[0:19],[0:19],[0:19],[0:19],[0:19],[0:19],[0:19],[0:19],[12:14],[0:19],[0:19],[0:19],[0:19],[0:19],[6:11],1
[0:19],[0:19],[0:19],[0:19],[0:19],[0:19],[0:19],[0:19],[0:19],[0:19],[0:19],[0:19],[0:19],[7:11],[0:19],[0:19],[0:19],[0:19],[0:19],[6:11],1
[0:19],[0:19],[0:19],[0:19],[0:19],[0:19],[0:19],[0:19],[0:19],[0:19],[0:19],[0:19],[0:19],[7:11],[0:19],[0:19],[0:19],[0:19],[0:19],[6:11],1
[0:19],[0:19],[0:19],[0:19],[0:19],[0:19],[0:19],[0:19],[0:19],[0:19],[0:19],[0:19],[0:19],[7:11],[0:19],[0:19],[0:19],[0:19],[0:19],[6:11],1
[0:19],[0:19],[0:19],[0:19],[0:19],[0:19],[0:19],[0:19],[0:19],[0:19],[0:19],[0:19],[0:19],[7:11],[0:19],[0:19],[0:19],[0:19],[0:19],[6:11],0
[0:19],[0:19],[0:19],[0:19],[0:19],[0:19],[0:19],[0:19],[0:19],[0:19],[0:19],[0:19],[0:19],[7:11],[0:19],[0:19],[0:19],[0:19],[0:19],[6:11],1
[0:19],[0:19],[0:19],[0:19],[0:19],[0:19],[0:19],[0:19],[0:19],[0:19],[0:19],[0:19],[0:19],[7:11],[0:19],[0:19],[0:19],[0:19],[0:19],[6:11],0
[0:19],[0:19],[0:19],[0:19],[0:19],[0:19],[0:19],[0:19],[0:19],[0:19],[0:19],[0:19],[0:19],[7:11],[0:19],[0:19],[0:19],[0:19],[0:19],[6:11],0
[0:19],[0:19],[0:19],[0:19],[0:19],[0:19],[0:19],[0:19],[0:19],[0:19],[0:19],[0:19],[0:19],[7:11],[0:19],[0:19],[0:19],[0:19],[0:19],[6:11],1
[0:19],[0:19],[0:19],[0:19],[0:19],[0:19],[0:19],[0:19],[0:19],[0:19],[0:19],[0:19],[0:19],[7:11],[0:19],[0:19],[0:19],[0:19],[0:19],[6:11],0
[0:19],[0:19],[0:19],[0:19],[0:19],[0:19],[0:19],[0:19],[0:19],[0:19],[0:19],[0:19],[0:19],[12:14],[0:19],[0:19],[0:19],[0:19],[0:19],[6:11],1
[0:19],[0:19],[0:19],[0:19],[0:19],[0:19],[0:19],[0:19],[0:19],[0:19],[0:19],[0:19],[0:19],[7:11],[0:19],[0:19],[0:19],[0:19],[0:19],[6:11],1
[0:19],[0:19],[0:19],[0:19],[0:19],[0:19],[0:19],[0:19],[0:19],[0:19],[0:19],[0:19],[0:19],[0:6],[0:19],[0:19],[0:19],[0:19],[0:19],[6:11],0
[0:19],[0:19],[0:19],[0:19],[0:19],[0:19],[0:19],[0:19],[0:19],[0:19],[0:19],[0:19],[0:19],[12:14],[0:19],[0:19],[0:19],[0:19],[0:19],[6:11],1
[0:19],[0:19],[0:19],[0:19],[0:19],[0:19],[0:19],[0:19],[0:19],[0:19],[0:19],[0:19],[0:19],[0:6],[0:19],[0:19],[0:19],[0:19],[0:19],[6:11],0
[0:19],[0:19],[0:19],[0:19],[0:19],[0:19],[0:19],[0:19],[0:19],[0:19],[0:19],[0:19],[0:19],[7:11],[0:19],[0:19],[0:19],[0:19],[0:19],[12:15],1
[0:19],[0:19],[0:19],[0:19],[0:19],[0:19],[0:19],[0:19],[0:19],[0:19],[0:19],[0:19],[0:19],[7:11],[0:19],[0:19],[0:19],[0:19],[0:19],[6:11],0
[0:19],[0:19],[0:19],[0:19],[0:19],[0:19],[0:19],[0:19],[0:19],[0:19],[0:19],[0:19],[0:19],[7:11],[0:19],[0:19],[0:19],[0:19],[0:19],[12:15],1
[0:19],[0:19],[0:19],[0:19],[0:19],[0:19],[0:19],[0:19],[0:19],[0:19],[0:19],[0:19],[0:19],[0:6],[0:19],[0:19],[0:19],[0:19],[0:19],[3:5],0
[0:19],[0:19],[0:19],[0:19],[0:19],[0:19],[0:19],[0:19],[0:19],[0:19],[0:19],[0:19],[0:19],[12:14],[0:19],[0:19],[0:19],[0:19],[0:19],[6:11],1
[0:19],[0:19],[0:19],[0:19],[0:19],[0:19],[0:19],[0:19],[0:19],[0:19],[0:19],[0:19],[0:19],[7:11],[0:19],[0:19],[0:19],[0:19],[0:19],[6:11],0
[0:19],[0:19],[0:19],[0:19],[0:19],[0:19],[0:19],[0:19],[0:19],[0:19],[0:19],[0:19],[0:19],[12:14],[0:19],[0:19],[0:19],[0:19],[0:19],[6:11],1
[0:19],[0:19],[0:19],[0:19],[0:19],[0:19],[0:19],[0:19],[0:19],[0:19],[0:19],[0:19],[0:19],[7:11],[0:19],[0:19],[0:19],[0:19],[0:19],[6:11],1
[0:19],[0:19],[0:19],[0:19],[0:19],[0:19],[0:19],[0:19],[0:19],[0:19],[0:19],[0:19],[0:19],[7:11],[0:19],[0:19],[0:19],[0:19],[0:19],[6:11],1
[0:19],[0:19],[0:19],[0:19],[0:19],[0:19],[0:19],[0:19],[0:19],[0:19],[0:19],[0:19],[0:19],[7:11],[0:19],[0:19],[0:19],[0:19],[0:19],[6:11],0
[0:19],[0:19],[0:19],[0:19],[0:19],[0:19],[0:19],[0:19],[0:19],[0:19],[0:19],[0:19],[0:19],[0:6],[0:19],[0:19],[0:19],[0:19],[0:19],[6:11],0
[0:19],[0:19],[0:19],[0:19],[0:19],[0:19],[0:19],[0:19],[0:19],[0:19],[0:19],[0:19],[0:19],[7:11],[0:19],[0:19],[0:19],[0:19],[0:19],[6:11],0
[0:19],[0:19],[0:19],[0:19],[0:19],[0:19],[0:19],[0:19],[0:19],[0:19],[0:19],[0:19],[0:19],[7:11],[0:19],[0:19],[0:19],[0:19],[0:19],[6:11],1
[0:19],[0:19],[0:19],[0:19],[0:19],[0:19],[0:19],[0:19],[0:19],[0:19],[0:19],[0:19],[0:19],[7:11],[0:19],[0:19],[0:19],[0:19],[0:19],[6:11],1
[0:19],[0:19],[0:19],[0:19],[0:19],[0:19],[0:19],[0:19],[0:19],[0:19],[0:19],[0:19],[0:19],[12:14],[0:19],[0:19],[0:19],[0:19],[0:19],[6:11],0
[0:19],[0:19],[0:19],[0:19],[0:19],[0:19],[0:19],[0:19],[0:19],[0:19],[0:19],[0:19],[0:19],[7:11],[0:19],[0:19],[0:19],[0:19],[0:19],[6:11],1
[0:19],[0:19],[0:19],[0:19],[0:19],[0:19],[0:19],[0:19],[0:19],[0:19],[0:19],[0:19],[0:19],[12:14],[0:19],[0:19],[0:19],[0:19],[0:19],[6:11],1
[0:19],[0:19],[0:19],[0:19],[0:19],[0:19],[0:19],[0:19],[0:19],[0:19],[0:19],[0:19],[0:19],[7:11],[0:19],[0:19],[0:19],[0:19],[0:19],[6:11],0
[0:19],[0:19],[0:19],[0:19],[0:19],[0:19],[0:19],[0:19],[0:19],[0:19],[0:19],[0:19],[0:19],[7:11],[0:19],[0:19],[0:19],[0:19],[0:19],[6:11],0
[0:19],[0:19],[0:19],[0:19],[0:19],[0:19],[0:19],[0:19],[0:19],[0:19],[0:19],[0:19],[0:19],[7:11],[0:19],[0:19],[0:19],[0:19],[0:19],[12:15],1
[0:19],[0:19],[0:19],[0:19],[0:19],[0:19],[0:19],[0:19],[0:19],[0:19],[0:19],[0:19],[0:19],[12:14],[0:19],[0:19],[0:19],[0:19],[0:19],[3:5],0
[0:19],[0:19],[0:19],[0:19],[0:19],[0:19],[0:19],[0:19],[0:19],[0:19],[0:19],[0:19],[0:19],[7:11],[0:19],[0:19],[0:19],[0:19],[0:19],[6:11],1
[0:19],[0:19],[0:19],[0:19],[0:19],[0:19],[0:19],[0:19],[0:19],[0:19],[0:19],[0:19],[0:19],[7:11],[0:19],[0:19],[0:19],[0:19],[0:19],[6:11],1
[0:19],[0:19],[0:19],[0:19],[0:19],[0:19],[0:19],[0:19],[0:19],[0:19],[0:19],[0:19],[0:19],[7:11],[0:19],[0:19],[0:19],[0:19],[0:19],[6:11],1
[0:19],[0:19],[0:19],[0:19],[0:19],[0:19],[0:19],[0:19],[0:19],[0:19],[0:19],[0:19],[0:19],[7:11],[0:19],[0:19],[0:19],[0:19],[0:19],[6:11],0
[0:19],[0:19],[0:19],[0:19],[0:19],[0:19],[0:19],[0:19],[0:19],[0:19],[0:19],[0:19],[0:19],[7:11],[0:19],[0:19],[0:19],[0:19],[0:19],[6:11],0
[0:19],[0:19],[0:19],[0:19],[0:19],[0:19],[0:19],[0:19],[0:19],[0:19],[0:19],[0:19],[0:19],[7:11],[0:19],[0:19],[0:19],[0:19],[0:19],[12:15],0
[0:19],[0:19],[0:19],[0:19],[0:19],[0:19],[0:19],[0:19],[0:19],[0:19],[0:19],[0:19],[0:19],[0:6],[0:19],[0:19],[0:19],[0:19],[0:19],[6:11],0
[0:19],[0:19],[0:19],[0:19],[0:19],[0:19],[0:19],[0:19],[0:19],[0:19],[0:19],[0:19],[0:19],[12:14],[0:19],[0:19],[0:19],[0:19],[0:19],[6:11],0
[0:19],[0:19],[0:19],[0:19],[0:19],[0:19],[0:19],[0:19],[0:19],[0:19],[0:19],[0:19],[0:19],[0:6],[0:19],[0:19],[0:19],[0:19],[0:19],[6:11],0
[0:19],[0:19],[0:19],[0:19],[0:19],[0:19],[0:19],[0:19],[0:19],[0:19],[0:19],[0:19],[0:19],[7:11],[0:19],[0:19],[0:19],[0:19],[0:19],[6:11],0
[0:19],[0:19],[0:19],[0:19],[0:19],[0:19],[0:19],[0:19],[0:19],[0:19],[0:19],[0:19],[0:19],[7:11],[0:19],[0:19],[0:19],[0:19],[0:19],[6:11],0
[0:19],[0:19],[0:19],[0:19],[0:19],[0:19],[0:19],[0:19],[0:19],[0:19],[0:19],[0:19],[0:19],[7:11],[0:19],[0:19],[0:19],[0:19],[0:19],[6:11],0
[0:19],[0:19],[0:19],[0:19],[0:19],[0:19],[0:19],[0:19],[0:19],[0:19],[0:19],[0:19],[0:19],[7:11],[0:19],[0:19],[0:19],[0:19],[0:19],[6:11],0
[0:19],[0:19],[0:19],[0:19],[0:19],[0:19],[0:19],[0:19],[0:19],[0:19],[0:19],[0:19],[0:19],[7:11],[0:19],[0:19],[0:19],[0:19],[0:19],[12:15],1
[0:19],[0:19],[0:19],[0:19],[0:19],[0:19],[0:19],[0:19],[0:19],[0:19],[0:19],[0:19],[0:19],[7:11],[0:19],[0:19],[0:19],[0:19],[0:19],[6:11],1
[0:19],[0:19],[0:19],[0:19],[0:19],[0:19],[0:19],[0:19],[0:19],[0:19],[0:19],[0:19],[0:19],[12:14],[0:19],[0:19],[0:19],[0:19],[0:19],[6:11],0
[0:19],[0:19],[0:19],[0:19],[0:19],[0:19],[0:19],[0:19],[0:19],[0:19],[0:19],[0:19],[0:19],[7:11],[0:19],[0:19],[0:19],[0:19],[0:19],[12:15],0
[0:19],[0:19],[0:19],[0:19],[0:19],[0:19],[0:19],[0:19],[0:19],[0:19],[0:19],[0:19],[0:19],[12:14],[0:19],[0:19],[0:19],[0:19],[0:19],[6:11],0
[0:19],[0:19],[0:19],[0:19],[0:19],[0:19],[0:19],[0:19],[0:19],[0:19],[0:19],[0:19],[0:19],[7:11],[0:19],[0:19],[0:19],[0:19],[0:19],[12:15],0
[0:19],[0:19],[0:19],[0:19],[0:19],[0:19],[0:19],[0:19],[0:19],[0:19],[0:19],[0:19],[0:19],[7:11],[0:19],[0:19],[0:19],[0:19],[0:19],[6:11],1
[0:19],[0:19],[0:19],[0:19],[0:19],[0:19],[0:19],[0:19],[0:19],[0:19],[0:19],[0:19],[0:19],[0:6],[0:19],[0:19],[0:19],[0:19],[0:19],[16:19],0
[0:19],[0:19],[0:19],[0:19],[0:19],[0:19],[0:19],[0:19],[0:19],[0:19],[0:19],[0:19],[0:19],[7:11],[0:19],[0:19],[0:19],[0:19],[0:19],[6:11],1
[0:19],[0:19],[0:19],[0:19],[0:19],[0:19],[0:19],[0:19],[0:19],[0:19],[0:19],[0:19],[0:19],[12:14],[0:19],[0:19],[0:19],[0:19],[0:19],[6:11],0
[0:19],[0:19],[0:19],[0:19],[0:19],[0:19],[0:19],[0:19],[0:19],[0:19],[0:19],[0:19],[0:19],[7:11],[0:19],[0:19],[0:19],[0:19],[0:19],[6:11],0
[0:19],[0:19],[0:19],[0:19],[0:19],[0:19],[0:19],[0:19],[0:19],[0:19],[0:19],[0:19],[0:19],[7:11],[0:19],[0:19],[0:19],[0:19],[0:19],[6:11],1
[0:19],[0:19],[0:19],[0:19],[0:19],[0:19],[0:19],[0:19],[0:19],[0:19],[0:19],[0:19],[0:19],[7:11],[0:19],[0:19],[0:19],[0:19],[0:19],[6:11],1
[0:19],[0:19],[0:19],[0:19],[0:19],[0:19],[0:19],[0:19],[0:19],[0:19],[0:19],[0:19],[0:19],[7:11],[0:19],[0:19],[0:19],[0:19],[0:19],[12:15],1
[0:19],[0:19],[0:19],[0:19],[0:19],[0:19],[0:19],[0:19],[0:19],[0:19],[0:19],[0:19],[0:19],[7:11],[0:19],[0:19],[0:19],[0:19],[0:19],[12:15],1
[0:19],[0:19],[0:19],[0:19],[0:19],[0:19],[0:19],[0:19],[0:19],[0:19],[0:19],[0:19],[0:19],[7:11],[0:19],[0:19],[0:19],[0:19],[0:19],[6:11],0
[0:19],[0:19],[0:19],[0:19],[0:19],[0:19],[0:19],[0:19],[0:19],[0:19],[0:19],[0:19],[0:19],[12:14],[0:19],[0:19],[0:19],[0:19],[0:19],[6:11],0
[0:19],[0:19],[0:19],[0:19],[0:19],[0:19],[0:19],[0:19],[0:19],[0:19],[0:19],[0:19],[0:19],[7:11],[0:19],[0:19],[0:19],[0:19],[0:19],[6:11],1
[0:19],[0:19],[0:19],[0:19],[0:19],[0:19],[0:19],[0:19],[0:19],[0:19],[0:19],[0:19],[0:19],[12:14],[0:19],[0:19],[0:19],[0:19],[0:19],[3:5],0
[0:19],[0:19],[0:19],[0:19],[0:19],[0:19],[0:19],[0:19],[0:19],[0:19],[0:19],[0:19],[0:19],[7:11],[0:19],[0:19],[0:19],[0:19],[0:19],[6:11],0
[0:19],[0:19],[0:19],[0:19],[0:19],[0:19],[0:19],[0:19],[0:19],[0:19],[0:19],[0:19],[0:19],[7:11],[0:19],[0:19],[0:19],[0:19],[0:19],[6:11],0
[0:19],[0:19],[0:19],[0:19],[0:19],[0:19],[0:19],[0:19],[0:19],[0:19],[0:19],[0:19],[0:19],[7:11],[0:19],[0:19],[0:19],[0:19],[0:19],[6:11],1
[0:19],[0:19],[0:19],[0:19],[0:19],[0:19],[0:19],[0:19],[0:19],[0:19],[0:19],[0:19],[0:19],[7:11],[0:19],[0:19],[0:19],[0:19],[0:19],[6:11],0
[0:19],[0:19],[0:19],[0:19],[0:19],[0:19],[0:19],[0:19],[0:19],[0:19],[0:19],[0:19],[0:19],[7:11],[0:19],[0:19],[0:19],[0:19],[0:19],[6:11],1
[0:19],[0:19],[0:19],[0:19],[0:19],[0:19],[0:19],[0:19],[0:19],[0:19],[0:19],[0:19],[0:19],[12:14],[0:19],[0:19],[0:19],[0:19],[0:19],[12:15],0
[0:19],[0:19],[0:19],[0:19],[0:19],[0:19],[0:19],[0:19],[0:19],[0:19],[0:19],[0:19],[0:19],[7:11],[0:19],[0:19],[0:19],[0:19],[0:19],[6:11],0
[0:19],[0:19],[0:19],[0:19],[0:19],[0:19],[0:19],[0:19],[0:19],[0:19],[0:19],[0:19],[0:19],[7:11],[0:19],[0:19],[0:19],[0:19],[0:19],[6:11],1
[0:19],[0:19],[0:19],[0:19],[0:19],[0:19],[0:19],[0:19],[0:19],[0:19],[0:19],[0:19],[0:19],[7:11],[0:19],[0:19],[0:19],[0:19],[0:19],[6:11],1
[0:19],[0:19],[0:19],[0:19],[0:19],[0:19],[0:19],[0:19],[0:19],[0:19],[0:19],[0:19],[0:19],[7:11],[0:19],[0:19],[0:19],[0:19],[0:19],[6:11],1
[0:19],[0:19],[0:19],[0:19],[0:19],[0:19],[0:19],[0:19],[0:19],[0:19],[0:19],[0:19],[0:19],[12:14],[0:19],[0:19],[0:19],[0:19],[0:19],[6:11],0
[0:19],[0:19],[0:19],[0:19],[0:19],[0:19],[0:19],[0:19],[0:19],[0:19],[0:19],[0:19],[0:19],[12:14],[0:19],[0:19],[0:19],[0:19],[0:19],[6:11],1
[0:19],[0:19],[0:19],[0:19],[0:19],[0:19],[0:19],[0:19],[0:19],[0:19],[0:19],[0:19],[0:19],[7:11],[0:19],[0:19],[0:19],[0:19],[0:19],[6:11],1
[0:19],[0:19],[0:19],[0:19],[0:19],[0:19],[0:19],[0:19],[0:19],[0:19],[0:19],[0:19],[0:19],[7:11],[0:19],[0:19],[0:19],[0:19],[0:19],[6:11],1
[0:19],[0:19],[0:19],[0:19],[0:19],[0:19],[0:19],[0:19],[0:19],[0:19],[0:19],[0:19],[0:19],[7:11],[0:19],[0:19],[0:19],[0:19],[0:19],[6:11],1
[0:19],[0:19],[0:19],[0:19],[0:19],[0:19],[0:19],[0:19],[0:19],[0:19],[0:19],[0:19],[0:19],[7:11],[0:19],[0:19],[0:19],[0:19],[0:19],[6:11],1
[0:19],[0:19],[0:19],[0:19],[0:19],[0:19],[0:19],[0:19],[0:19],[0:19],[0:19],[0:19],[0:19],[7:11],[0:19],[0:19],[0:19],[0:19],[0:19],[6:11],1
[0:19],[0:19],[0:19],[0:19],[0:19],[0:19],[0:19],[0:19],[0:19],[0:19],[0:19],[0:19],[0:19],[12:14],[0:19],[0:19],[0:19],[0:19],[0:19],[6:11],0
[0:19],[0:19],[0:19],[0:19],[0:19],[0:19],[0:19],[0:19],[0:19],[0:19],[0:19],[0:19],[0:19],[12:14],[0:19],[0:19],[0:19],[0:19],[0:19],[6:11],1
[0:19],[0:19],[0:19],[0:19],[0:19],[0:19],[0:19],[0:19],[0:19],[0:19],[0:19],[0:19],[0:19],[7:11],[0:19],[0:19],[0:19],[0:19],[0:19],[6:11],1
[0:19],[0:19],[0:19],[0:19],[0:19],[0:19],[0:19],[0:19],[0:19],[0:19],[0:19],[0:19],[0:19],[7:11],[0:19],[0:19],[0:19],[0:19],[0:19],[6:11],1
[0:19],[0:19],[0:19],[0:19],[0:19],[0:19],[0:19],[0:19],[0:19],[0:19],[0:19],[0:19],[0:19],[7:11],[0:19],[0:19],[0:19],[0:19],[0:19],[6:11],0
[0:19],[0:19],[0:19],[0:19],[0:19],[0:19],[0:19],[0:19],[0:19],[0:19],[0:19],[0:19],[0:19],[12:14],[0:19],[0:19],[0:19],[0:19],[0:19],[6:11],1
[0:19],[0:19],[0:19],[0:19],[0:19],[0:19],[0:19],[0:19],[0:19],[0:19],[0:19],[0:19],[0:19],[7:11],[0:19],[0:19],[0:19],[0:19],[0:19],[6:11],0
[0:19],[0:19],[0:19],[0:19],[0:19],[0:19],[0:19],[0:19],[0:19],[0:19],[0:19],[0:19],[0:19],[7:11],[0:19],[0:19],[0:19],[0:19],[0:19],[6:11],1
[0:19],[0:19],[0:19],[0:19],[0:19],[0:19],[0:19],[0:19],[0:19],[0:19],[0:19],[0:19],[0:19],[7:11],[0:19],[0:19],[0:19],[0:19],[0:19],[6:11],1
[0:19],[0:19],[0:19],[0:19],[0:19],[0:19],[0:19],[0:19],[0:19],[0:19],[0:19],[0:19],[0:19],[7:11],[0:19],[0:19],[0:19],[0:19],[0:19],[12:15],0
[0:19],[0:19],[0:19],[0:19],[0:19],[0:19],[0:19],[0:19],[0:19],[0:19],[0:19],[0:19],[0:19],[7:11],[0:19],[0:19],[0:19],[0:19],[0:19],[6:11],0
[0:19],[0:19],[0:19],[0:19],[0:19],[0:19],[0:19],[0:19],[0:19],[0:19],[0:19],[0:19],[0:19],[7:11],[0:19],[0:19],[0:19],[0:19],[0:19],[6:11],0
[0:19],[0:19],[0:19],[0:19],[0:19],[0:19],[0:19],[0:19],[0:19],[0:19],[0:19],[0:19],[0:19],[12:14],[0:19],[0:19],[0:19],[0:19],[0:19],[6:11],1
[0:19],[0:19],[0:19],[0:19],[0:19],[0:19],[0:19],[0:19],[0:19],[0:19],[0:19],[0:19],[0:19],[7:11],[0:19],[0:19],[0:19],[0:19],[0:19],[12:15],0
[0:19],[0:19],[0:19],[0:19],[0:19],[0:19],[0:19],[0:19],[0:19],[0:19],[0:19],[0:19],[0:19],[7:11],[0:19],[0:19],[0:19],[0:19],[0:19],[6:11],0
[0:19],[0:19],[0:19],[0:19],[0:19],[0:19],[0:19],[0:19],[0:19],[0:19],[0:19],[0:19],[0:19],[7:11],[0:19],[0:19],[0:19],[0:19],[0:19],[6:11],0
[0:19],[0:19],[0:19],[0:19],[0:19],[0:19],[0:19],[0:19],[0:19],[0:19],[0:19],[0:19],[0:19],[7:11],[0:19],[0:19],[0:19],[0:19],[0:19],[6:11],1
[0:19],[0:19],[0:19],[0:19],[0:19],[0:19],[0:19],[0:19],[0:19],[0:19],[0:19],[0:19],[0:19],[7:11],[0:19],[0:19],[0:19],[0:19],[0:19],[6:11],1
[0:19],[0:19],[0:19],[0:19],[0:19],[0:19],[0:19],[0:19],[0:19],[0:19],[0:19],[0:19],[0:19],[7:11],[0:19],[0:19],[0:19],[0:19],[0:19],[6:11],1
[0:19],[0:19],[0:19],[0:19],[0:19],[0:19],[0:19],[0:19],[0:19],[0:19],[0:19],[0:19],[0:19],[7:11],[0:19],[0:19],[0:19],[0:19],[0:19],[3:5],0
[0:19],[0:19],[0:19],[0:19],[0:19],[0:19],[0:19],[0:19],[0:19],[0:19],[0:19],[0:19],[0:19],[12:14],[0:19],[0:19],[0:19],[0:19],[0:19],[6:11],1
[0:19],[0:19],[0:19],[0:19],[0:19],[0:19],[0:19],[0:19],[0:19],[0:19],[0:19],[0:19],[0:19],[7:11],[0:19],[0:19],[0:19],[0:19],[0:19],[6:11],1
[0:19],[0:19],[0:19],[0:19],[0:19],[0:19],[0:19],[0:19],[0:19],[0:19],[0:19],[0:19],[0:19],[7:11],[0:19],[0:19],[0:19],[0:19],[0:19],[6:11],1
[0:19],[0:19],[0:19],[0:19],[0:19],[0:19],[0:19],[0:19],[0:19],[0:19],[0:19],[0:19],[0:19],[0:6],[0:19],[0:19],[0:19],[0:19],[0:19],[6:11],0
[0:19],[0:19],[0:19],[0:19],[0:19],[0:19],[0:19],[0:19],[0:19],[0:19],[0:19],[0:19],[0:19],[7:11],[0:19],[0:19],[0:19],[0:19],[0:19],[6:11],1
[0:19],[0:19],[0:19],[0:19],[0:19],[0:19],[0:19],[0:19],[0:19],[0:19],[0:19],[0:19],[0:19],[7:11],[0:19],[0:19],[0:19],[0:19],[0:19],[6:11],0
[0:19],[0:19],[0:19],[0:19],[0:19],[0:19],[0:19],[0:19],[0:19],[0:19],[0:19],[0:19],[0:19],[12:14],[0:19],[0:19],[0:19],[0:19],[0:19],[6:11],1
[0:19],[0:19],[0:19],[0:19],[0:19],[0:19],[0:19],[0:19],[0:19],[0:19],[0:19],[0:19],[0:19],[7:11],[0:19],[0:19],[0:19],[0:19],[0:19],[6:11],1
[0:19],[0:19],[0:19],[0:19],[0:19],[0:19],[0:19],[0:19],[0:19],[0:19],[0:19],[0:19],[0:19],[7:11],[0:19],[0:19],[0:19],[0:19],[0:19],[6:11],1
[0:19],[0:19],[0:19],[0:19],[0:19],[0:19],[0:19],[0:19],[0:19],[0:19],[0:19],[0:19],[0:19],[7:11],[0:19],[0:19],[0:19],[0:19],[0:19],[6:11],0
[0:19],[0:19],[0:19],[0:19],[0:19],[0:19],[0:19],[0:19],[0:19],[0:19],[0:19],[0:19],[0:19],[12:14],[0:19],[0:19],[0:19],[0:19],[0:19],[6:11],1
[0:19],[0:19],[0:19],[0:19],[0:19],[0:19],[0:19],[0:19],[0:19],[0:19],[0:19],[0:19],[0:19],[7:11],[0:19],[0:19],[0:19],[0:19],[0:19],[6:11],1
[0:19],[0:19],[0:19],[0:19],[0:19],[0:19],[0:19],[0:19],[0:19],[0:19],[0:19],[0:19],[0:19],[7:11],[0:19],[0:19],[0:19],[0:19],[0:19],[6:11],1
[0:19],[0:19],[0:19],[0:19],[0:19],[0:19],[0:19],[0:19],[0:19],[0:19],[0:19],[0:19],[0:19],[7:11],[0:19],[0:19],[0:19],[0:19],[0:19],[6:11],1
[0:19],[0:19],[0:19],[0:19],[0:19],[0:19],[0:19],[0:19],[0:19],[0:19],[0:19],[0:19],[0:19],[7:11],[0:19],[0:19],[0:19],[0:19],[0:19],[6:11],0
[0:19],[0:19],[0:19],[0:19],[0:19],[0:19],[0:19],[0:19],[0:19],[0:19],[0:19],[0:19],[0:19],[7:11],[0:19],[0:19],[0:19],[0:19],[0:19],[6:11],1
[0:19],[0:19],[0:19],[0:19],[0:19],[0:19],[0:19],[0:19],[0:19],[0:19],[0:19],[0:19],[0:19],[7:11],[0:19],[0:19],[0:19],[0:19],[0:19],[6:11],1
[0:19],[0:19],[0:19],[0:19],[0:19],[0:19],[0:19],[0:19],[0:19],[0:19],[0:19],[0:19],[0:19],[7:11],[0:19],[0:19],[0:19],[0:19],[0:19],[6:11],1
[0:19],[0:19],[0:19],[0:19],[0:19],[0:19],[0:19],[0:19],[0:19],[0:19],[0:19],[0:19],[0:19],[7:11],[0:19],[0:19],[0:19],[0:19],[0:19],[6:11],0
[0:19],[0:19],[0:19],[0:19],[0:19],[0:19],[0:19],[0:19],[0:19],[0:19],[0:19],[0:19],[0:19],[7:11],[0:19],[0:19],[0:19],[0:19],[0:19],[6:11],0
[0:19],[0:19],[0:19],[0:19],[0:19],[0:19],[0:19],[0:19],[0:19],[0:19],[0:19],[0:19],[0:19],[7:11],[0:19],[0:19],[0:19],[0:19],[0:19],[6:11],0
[0:19],[0:19],[0:19],[0:19],[0:19],[0:19],[0:19],[0:19],[0:19],[0:19],[0:19],[0:19],[0:19],[7:11],[0:19],[0:19],[0:19],[0:19],[0:19],[6:11],1
[0:19],[0:19],[0:19],[0:19],[0:19],[0:19],[0:19],[0:19],[0:19],[0:19],[0:19],[0:19],[0:19],[7:11],[0:19],[0:19],[0:19],[0:19],[0:19],[6:11],1
[0:19],[0:19],[0:19],[0:19],[0:19],[0:19],[0:19],[0:19],[0:19],[0:19],[0:19],[0:19],[0:19],[7:11],[0:19],[0:19],[0:19],[0:19],[0:19],[6:11],1
[0:19],[0:19],[0:19],[0:19],[0:19],[0:19],[0:19],[0:19],[0:19],[0:19],[0:19],[0:19],[0:19],[7:11],[0:19],[0:19],[0:19],[0:19],[0:19],[6:11],1
[0:19],[0:19],[0:19],[0:19],[0:19],[0:19],[0:19],[0:19],[0:19],[0:19],[0:19],[0:19],[0:19],[12:14],[0:19],[0:19],[0:19],[0:19],[0:19],[6:11],1
[0:19],[0:19],[0:19],[0:19],[0:19],[0:19],[0:19],[0:19],[0:19],[0:19],[0:19],[0:19],[0:19],[7:11],[0:19],[0:19],[0:19],[0:19],[0:19],[6:11],0
[0:19],[0:19],[0:19],[0:19],[0:19],[0:19],[0:19],[0:19],[0:19],[0:19],[0:19],[0:19],[0:19],[7:11],[0:19],[0:19],[0:19],[0:19],[0:19],[6:11],1
[0:19],[0:19],[0:19],[0:19],[0:19],[0:19],[0:19],[0:19],[0:19],[0:19],[0:19],[0:19],[0:19],[7:11],[0:19],[0:19],[0:19],[0:19],[0:19],[6:11],1
[0:19],[0:19],[0:19],[0:19],[0:19],[0:19],[0:19],[0:19],[0:19],[0:19],[0:19],[0:19],[0:19],[12:14],[0:19],[0:19],[0:19],[0:19],[0:19],[6:11],1
[0:19],[0:19],[0:19],[0:19],[0:19],[0:19],[0:19],[0:19],[0:19],[0:19],[0:19],[0:19],[0:19],[7:11],[0:19],[0:19],[0:19],[0:19],[0:19],[6:11],0
[0:19],[0:19],[0:19],[0:19],[0:19],[0:19],[0:19],[0:19],[0:19],[0:19],[0:19],[0:19],[0:19],[7:11],[0:19],[0:19],[0:19],[0:19],[0:19],[6:11],1
[0:19],[0:19],[0:19],[0:19],[0:19],[0:19],[0:19],[0:19],[0:19],[0:19],[0:19],[0:19],[0:19],[0:6],[0:19],[0:19],[0:19],[0:19],[0:19],[6:11],0
[0:19],[0:19],[0:19],[0:19],[0:19],[0:19],[0:19],[0:19],[0:19],[0:19],[0:19],[0:19],[0:19],[7:11],[0:19],[0:19],[0:19],[0:19],[0:19],[6:11],1
[0:19],[0:19],[0:19],[0:19],[0:19],[0:19],[0:19],[0:19],[0:19],[0:19],[0:19],[0:19],[0:19],[7:11],[0:19],[0:19],[0:19],[0:19],[0:19],[6:11],1
[0:19],[0:19],[0:19],[0:19],[0:19],[0:19],[0:19],[0:19],[0:19],[0:19],[0:19],[0:19],[0:19],[7:11],[0:19],[0:19],[0:19],[0:19],[0:19],[6:11],0
[0:19],[0:19],[0:19],[0:19],[0:19],[0:19],[0:19],[0:19],[0:19],[0:19],[0:19],[0:19],[0:19],[12:14],[0:19],[0:19],[0:19],[0:19],[0:19],[6:11],0
[0:19],[0:19],[0:19],[0:19],[0:19],[0:19],[0:19],[0:19],[0:19],[0:19],[0:19],[0:19],[0:19],[12:14],[0:19],[0:19],[0:19],[0:19],[0:19],[6:11],1
[0:19],[0:19],[0:19],[0:19],[0:19],[0:19],[0:19],[0:19],[0:19],[0:19],[0:19],[0:19],[0:19],[7:11],[0:19],[0:19],[0:19],[0:19],[0:19],[3:5],0
[0:19],[0:19],[0:19],[0:19],[0:19],[0:19],[0:19],[0:19],[0:19],[0:19],[0:19],[0:19],[0:19],[7:11],[0:19],[0:19],[0:19],[0:19],[0:19],[6:11],1
[0:19],[0:19],[0:19],[0:19],[0:19],[0:19],[0:19],[0:19],[0:19],[0:19],[0:19],[0:19],[0:19],[7:11],[0:19],[0:19],[0:19],[0:19],[0:19],[6:11],1
[0:19],[0:19],[0:19],[0:19],[0:19],[0:19],[0:19],[0:19],[0:19],[0:19],[0:19],[0:19],[0:19],[7:11],[0:19],[0:19],[0:19],[0:19],[0:19],[12:15],0
[0:19],[0:19],[0:19],[0:19],[0:19],[0:19],[0:19],[0:19],[0:19],[0:19],[0:19],[0:19],[0:19],[12:14],[0:19],[0:19],[0:19],[0:19],[0:19],[3:5],0
[0:19],[0:19],[0:19],[0:19],[0:19],[0:19],[0:19],[0:19],[0:19],[0:19],[0:19],[0:19],[0:19],[7:11],[0:19],[0:19],[0:19],[0:19],[0:19],[6:11],1
[0:19],[0:19],[0:19],[0:19],[0:19],[0:19],[0:19],[0:19],[0:19],[0:19],[0:19],[0:19],[0:19],[7:11],[0:19],[0:19],[0:19],[0:19],[0:19],[6:11],1
[0:19],[0:19],[0:19],[0:19],[0:19],[0:19],[0:19],[0:19],[0:19],[0:19],[0:19],[0:19],[0:19],[7:11],[0:19],[0:19],[0:19],[0:19],[0:19],[6:11],1
[0:19],[0:19],[0:19],[0:19],[0:19],[0:19],[0:19],[0:19],[0:19],[0:19],[0:19],[0:19],[0:19],[7:11],[0:19],[0:19],[0:19],[0:19],[0:19],[12:15],0
[0:19],[0:19],[0:19],[0:19],[0:19],[0:19],[0:19],[0:19],[0:19],[0:19],[0:19],[0:19],[0:19],[15:19],[0:19],[0:19],[0:19],[0:19],[0:19],[3:5],0
[0:19],[0:19],[0:19],[0:19],[0:19],[0:19],[0:19],[0:19],[0:19],[0:19],[0:19],[0:19],[0:19],[7:11],[0:19],[0:19],[0:19],[0:19],[0:19],[6:11],0
[0:19],[0:19],[0:19],[0:19],[0:19],[0:19],[0:19],[0:19],[0:19],[0:19],[0:19],[0:19],[0:19],[12:14],[0:19],[0:19],[0:19],[0:19],[0:19],[6:11],0
[0:19],[0:19],[0:19],[0:19],[0:19],[0:19],[0:19],[0:19],[0:19],[0:19],[0:19],[0:19],[0:19],[7:11],[0:19],[0:19],[0:19],[0:19],[0:19],[6:11],0
[0:19],[0:19],[0:19],[0:19],[0:19],[0:19],[0:19],[0:19],[0:19],[0:19],[0:19],[0:19],[0:19],[7:11],[0:19],[0:19],[0:19],[0:19],[0:19],[6:11],1
[0:19],[0:19],[0:19],[0:19],[0:19],[0:19],[0:19],[0:19],[0:19],[0:19],[0:19],[0:19],[0:19],[7:11],[0:19],[0:19],[0:19],[0:19],[0:19],[6:11],0
[0:19],[0:19],[0:19],[0:19],[0:19],[0:19],[0:19],[0:19],[0:19],[0:19],[0:19],[0:19],[0:19],[7:11],[0:19],[0:19],[0:19],[0:19],[0:19],[6:11],1
[0:19],[0:19],[0:19],[0:19],[0:19],[0:19],[0:19],[0:19],[0:19],[0:19],[0:19],[0:19],[0:19],[12:14],[0:19],[0:19],[0:19],[0:19],[0:19],[6:11],1
[0:19],[0:19],[0:19],[0:19],[0:19],[0:19],[0:19],[0:19],[0:19],[0:19],[0:19],[0:19],[0:19],[7:11],[0:19],[0:19],[0:19],[0:19],[0:19],[12:15],1
[0:19],[0:19],[0:19],[0:19],[0:19],[0:19],[0:19],[0:19],[0:19],[0:19],[0:19],[0:19],[0:19],[7:11],[0:19],[0:19],[0:19],[0:19],[0:19],[6:11],0
[0:19],[0:19],[0:19],[0:19],[0:19],[0:19],[0:19],[0:19],[0:19],[0:19],[0:19],[0:19],[0:19],[12:14],[0:19],[0:19],[0:19],[0:19],[0:19],[6:11],1
[0:19],[0:19],[0:19],[0:19],[0:19],[0:19],[0:19],[0:19],[0:19],[0:19],[0:19],[0:19],[0:19],[7:11],[0:19],[0:19],[0:19],[0:19],[0:19],[6:11],1
[0:19],[0:19],[0:19],[0:19],[0:19],[0:19],[0:19],[0:19],[0:19],[0:19],[0:19],[0:19],[0:19],[7:11],[0:19],[0:19],[0:19],[0:19],[0:19],[6:11],1
[0:19],[0:19],[0:19],[0:19],[0:19],[0:19],[0:19],[0:19],[0:19],[0:19],[0:19],[0:19],[0:19],[0:6],[0:19],[0:19],[0:19],[0:19],[0:19],[6:11],0
[0:19],[0:19],[0:19],[0:19],[0:19],[0:19],[0:19],[0:19],[0:19],[0:19],[0:19],[0:19],[0:19],[12:14],[0:19],[0:19],[0:19],[0:19],[0:19],[6:11],1
[0:19],[0:19],[0:19],[0:19],[0:19],[0:19],[0:19],[0:19],[0:19],[0:19],[0:19],[0:19],[0:19],[7:11],[0:19],[0:19],[0:19],[0:19],[0:19],[6:11],1
[0:19],[0:19],[0:19],[0:19],[0:19],[0:19],[0:19],[0:19],[0:19],[0:19],[0:19],[0:19],[0:19],[7:11],[0:19],[0:19],[0:19],[0:19],[0:19],[6:11],0
[0:19],[0:19],[0:19],[0:19],[0:19],[0:19],[0:19],[0:19],[0:19],[0:19],[0:19],[0:19],[0:19],[7:11],[0:19],[0:19],[0:19],[0:19],[0:19],[6:11],0
[0:19],[0:19],[0:19],[0:19],[0:19],[0:19],[0:19],[0:19],[0:19],[0:19],[0:19],[0:19],[0:19],[7:11],[0:19],[0:19],[0:19],[0:19],[0:19],[6:11],1
[0:19],[0:19],[0:19],[0:19],[0:19],[0:19],[0:19],[0:19],[0:19],[0:19],[0:19],[0:19],[0:19],[7:11],[0:19],[0:19],[0:19],[0:19],[0:19],[6:11],1
[0:19],[0:19],[0:19],[0:19],[0:19],[0:19],[0:19],[0:19],[0:19],[0:19],[0:19],[0:19],[0:19],[7:11],[0:19],[0:19],[0:19],[0:19],[0:19],[6:11],1
[0:19],[0:19],[0:19],[0:19],[0:19],[0:19],[0:19],[0:19],[0:19],[0:19],[0:19],[0:19],[0:19],[12:14],[0:19],[0:19],[0:19],[0:19],[0:19],[6:11],1
[0:19],[0:19],[0:19],[0:19],[0:19],[0:19],[0:19],[0:19],[0:19],[0:19],[0:19],[0:19],[0:19],[7:11],[0:19],[0:19],[0:19],[0:19],[0:19],[6:11],1
[0:19],[0:19],[0:19],[0:19],[0:19],[0:19],[0:19],[0:19],[0:19],[0:19],[0:19],[0:19],[0:19],[7:11],[0:19],[0:19],[0:19],[0:19],[0:19],[6:11],0
[0:19],[0:19],[0:19],[0:19],[0:19],[0:19],[0:19],[0:19],[0:19],[0:19],[0:19],[0:19],[0:19],[7:11],[0:19],[0:19],[0:19],[0:19],[0:19],[6:11],1
[0:19],[0:19],[0:19],[0:19],[0:19],[0:19],[0:19],[0:19],[0:19],[0:19],[0:19],[0:19],[0:19],[7:11],[0:19],[0:19],[0:19],[0:19],[0:19],[6:11],1
[0:19],[0:19],[0:19],[0:19],[0:19],[0:19],[0:19],[0:19],[0:19],[0:19],[0:19],[0:19],[0:19],[12:14],[0:19],[0:19],[0:19],[0:19],[0:19],[6:11],0
[0:19],[0:19],[0:19],[0:19],[0:19],[0:19],[0:19],[0:19],[0:19],[0:19],[0:19],[0:19],[0:19],[7:11],[0:19],[0:19],[0:19],[0:19],[0:19],[6:11],0
[0:19],[0:19],[0:19],[0:19],[0:19],[0:19],[0:19],[0:19],[0:19],[0:19],[0:19],[0:19],[0:19],[12:14],[0:19],[0:19],[0:19],[0:19],[0:19],[3:5],0
[0:19],[0:19],[0:19],[0:19],[0:19],[0:19],[0:19],[0:19],[0:19],[0:19],[0:19],[0:19],[0:19],[12:14],[0:19],[0:19],[0:19],[0:19],[0:19],[12:15],0
[0:19],[0:19],[0:19],[0:19],[0:19],[0:19],[0:19],[0:19],[0:19],[0:19],[0:19],[0:19],[0:19],[7:11],[0:19],[0:19],[0:19],[0:19],[0:19],[3:5],0
[0:19],[0:19],[0:19],[0:19],[0:19],[0:19],[0:19],[0:19],[0:19],[0:19],[0:19],[0:19],[0:19],[7:11],[0:19],[0:19],[0:19],[0:19],[0:19],[6:11],0
[0:19],[0:19],[0:19],[0:19],[0:19],[0:19],[0:19],[0:19],[0:19],[0:19],[0:19],[0:19],[0:19],[7:11],[0:19],[0:19],[0:19],[0:19],[0:19],[6:11],1
[0:19],[0:19],[0:19],[0:19],[0:19],[0:19],[0:19],[0:19],[0:19],[0:19],[0:19],[0:19],[0:19],[7:11],[0:19],[0:19],[0:19],[0:19],[0:19],[6:11],1
[0:19],[0:19],[0:19],[0:19],[0:19],[0:19],[0:19],[0:19],[0:19],[0:19],[0:19],[0:19],[0:19],[7:11],[0:19],[0:19],[0:19],[0:19],[0:19],[6:11],1
[0:19],[0:19],[0:19],[0:19],[0:19],[0:19],[0:19],[0:19],[0:19],[0:19],[0:19],[0:19],[0:19],[7:11],[0:19],[0:19],[0:19],[0:19],[0:19],[12:15],0
[0:19],[0:19],[0:19],[0:19],[0:19],[0:19],[0:19],[0:19],[0:19],[0:19],[0:19],[0:19],[0:19],[7:11],[0:19],[0:19],[0:19],[0:19],[0:19],[6:11],1
[0:19],[0:19],[0:19],[0:19],[0:19],[0:19],[0:19],[0:19],[0:19],[0:19],[0:19],[0:19],[0:19],[7:11],[0:19],[0:19],[0:19],[0:19],[0:19],[3:5],0
[0:19],[0:19],[0:19],[0:19],[0:19],[0:19],[0:19],[0:19],[0:19],[0:19],[0:19],[0:19],[0:19],[7:11],[0:19],[0:19],[0:19],[0:19],[0:19],[6:11],0
[0:19],[0:19],[0:19],[0:19],[0:19],[0:19],[0:19],[0:19],[0:19],[0:19],[0:19],[0:19],[0:19],[7:11],[0:19],[0:19],[0:19],[0:19],[0:19],[6:11],1
[0:19],[0:19],[0:19],[0:19],[0:19],[0:19],[0:19],[0:19],[0:19],[0:19],[0:19],[0:19],[0:19],[7:11],[0:19],[0:19],[0:19],[0:19],[0:19],[6:11],1
[0:19],[0:19],[0:19],[0:19],[0:19],[0:19],[0:19],[0:19],[0:19],[0:19],[0:19],[0:19],[0:19],[7:11],[0:19],[0:19],[0:19],[0:19],[0:19],[12:15],0
[0:19],[0:19],[0:19],[0:19],[0:19],[0:19],[0:19],[0:19],[0:19],[0:19],[0:19],[0:19],[0:19],[7:11],[0:19],[0:19],[0:19],[0:19],[0:19],[6:11],1
[0:19],[0:19],[0:19],[0:19],[0:19],[0:19],[0:19],[0:19],[0:19],[0:19],[0:19],[0:19],[0:19],[12:14],[0:19],[0:19],[0:19],[0:19],[0:19],[6:11],1
[0:19],[0:19],[0:19],[0:19],[0:19],[0:19],[0:19],[0:19],[0:19],[0:19],[0:19],[0:19],[0:19],[7:11],[0:19],[0:19],[0:19],[0:19],[0:19],[6:11],0
[0:19],[0:19],[0:19],[0:19],[0:19],[0:19],[0:19],[0:19],[0:19],[0:19],[0:19],[0:19],[0:19],[7:11],[0:19],[0:19],[0:19],[0:19],[0:19],[3:5],0
[0:19],[0:19],[0:19],[0:19],[0:19],[0:19],[0:19],[0:19],[0:19],[0:19],[0:19],[0:19],[0:19],[7:11],[0:19],[0:19],[0:19],[0:19],[0:19],[6:11],1
[0:19],[0:19],[0:19],[0:19],[0:19],[0:19],[0:19],[0:19],[0:19],[0:19],[0:19],[0:19],[0:19],[12:14],[0:19],[0:19],[0:19],[0:19],[0:19],[6:11],1
[0:19],[0:19],[0:19],[0:19],[0:19],[0:19],[0:19],[0:19],[0:19],[0:19],[0:19],[0:19],[0:19],[7:11],[0:19],[0:19],[0:19],[0:19],[0:19],[6:11],1
[0:19],[0:19],[0:19],[0:19],[0:19],[0:19],[0:19],[0:19],[0:19],[0:19],[0:19],[0:19],[0:19],[7:11],[0:19],[0:19],[0:19],[0:19],[0:19],[12:15],0
[0:19],[0:19],[0:19],[0:19],[0:19],[0:19],[0:19],[0:19],[0:19],[0:19],[0:19],[0:19],[0:19],[0:6],[0:19],[0:19],[0:19],[0:19],[0:19],[6:11],0
[0:19],[0:19],[0:19],[0:19],[0:19],[0:19],[0:19],[0:19],[0:19],[0:19],[0:19],[0:19],[0:19],[7:11],[0:19],[0:19],[0:19],[0:19],[0:19],[6:11],0
[0:19],[0:19],[0:19],[0:19],[0:19],[0:19],[0:19],[0:19],[0:19],[0:19],[0:19],[0:19],[0:19],[7:11],[0:19],[0:19],[0:19],[0:19],[0:19],[6:11],0
[0:19],[0:19],[0:19],[0:19],[0:19],[0:19],[0:19],[0:19],[0:19],[0:19],[0:19],[0:19],[0:19],[7:11],[0:19],[0:19],[0:19],[0:19],[0:19],[6:11],0
[0:19],[0:19],[0:19],[0:19],[0:19],[0:19],[0:19],[0:19],[0:19],[0:19],[0:19],[0:19],[0:19],[7:11],[0:19],[0:19],[0:19],[0:19],[0:19],[6:11],0
[0:19],[0:19],[0:19],[0:19],[0:19],[0:19],[0:19],[0:19],[0:19],[0:19],[0:19],[0:19],[0:19],[7:11],[0:19],[0:19],[0:19],[0:19],[0:19],[6:11],0
[0:19],[0:19],[0:19],[0:19],[0:19],[0:19],[0:19],[0:19],[0:19],[0:19],[0:19],[0:19],[0:19],[7:11],[0:19],[0:19],[0:19],[0:19],[0:19],[6:11],1
[0:19],[0:19],[0:19],[0:19],[0:19],[0:19],[0:19],[0:19],[0:19],[0:19],[0:19],[0:19],[0:19],[7:11],[0:19],[0:19],[0:19],[0:19],[0:19],[6:11],1
[0:19],[0:19],[0:19],[0:19],[0:19],[0:19],[0:19],[0:19],[0:19],[0:19],[0:19],[0:19],[0:19],[7:11],[0:19],[0:19],[0:19],[0:19],[0:19],[6:11],0
[0:19],[0:19],[0:19],[0:19],[0:19],[0:19],[0:19],[0:19],[0:19],[0:19],[0:19],[0:19],[0:19],[12:14],[0:19],[0:19],[0:19],[0:19],[0:19],[6:11],0
[0:19],[0:19],[0:19],[0:19],[0:19],[0:19],[0:19],[0:19],[0:19],[0:19],[0:19],[0:19],[0:19],[7:11],[0:19],[0:19],[0:19],[0:19],[0:19],[12:15],0
[0:19],[0:19],[0:19],[0:19],[0:19],[0:19],[0:19],[0:19],[0:19],[0:19],[0:19],[0:19],[0:19],[12:14],[0:19],[0:19],[0:19],[0:19],[0:19],[6:11],0
[0:19],[0:19],[0:19],[0:19],[0:19],[0:19],[0:19],[0:19],[0:19],[0:19],[0:19],[0:19],[0:19],[7:11],[0:19],[0:19],[0:19],[0:19],[0:19],[6:11],0
[0:19],[0:19],[0:19],[0:19],[0:19],[0:19],[0:19],[0:19],[0:19],[0:19],[0:19],[0:19],[0:19],[12:14],[0:19],[0:19],[0:19],[0:19],[0:19],[6:11],0
[0:19],[0:19],[0:19],[0:19],[0:19],[0:19],[0:19],[0:19],[0:19],[0:19],[0:19],[0:19],[0:19],[0:6],[0:19],[0:19],[0:19],[0:19],[0:19],[6:11],0
[0:19],[0:19],[0:19],[0:19],[0:19],[0:19],[0:19],[0:19],[0:19],[0:19],[0:19],[0:19],[0:19],[15:19],[0:19],[0:19],[0:19],[0:19],[0:19],[6:11],0
[0:19],[0:19],[0:19],[0:19],[0:19],[0:19],[0:19],[0:19],[0:19],[0:19],[0:19],[0:19],[0:19],[12:14],[0:19],[0:19],[0:19],[0:19],[0:19],[6:11],0
[0:19],[0:19],[0:19],[0:19],[0:19],[0:19],[0:19],[0:19],[0:19],[0:19],[0:19],[0:19],[0:19],[7:11],[0:19],[0:19],[0:19],[0:19],[0:19],[6:11],1
[0:19],[0:19],[0:19],[0:19],[0:19],[0:19],[0:19],[0:19],[0:19],[0:19],[0:19],[0:19],[0:19],[7:11],[0:19],[0:19],[0:19],[0:19],[0:19],[3:5],0
[0:19],[0:19],[0:19],[0:19],[0:19],[0:19],[0:19],[0:19],[0:19],[0:19],[0:19],[0:19],[0:19],[7:11],[0:19],[0:19],[0:19],[0:19],[0:19],[6:11],0
[0:19],[0:19],[0:19],[0:19],[0:19],[0:19],[0:19],[0:19],[0:19],[0:19],[0:19],[0:19],[0:19],[7:11],[0:19],[0:19],[0:19],[0:19],[0:19],[6:11],0
[0:19],[0:19],[0:19],[0:19],[0:19],[0:19],[0:19],[0:19],[0:19],[0:19],[0:19],[0:19],[0:19],[7:11],[0:19],[0:19],[0:19],[0:19],[0:19],[6:11],1
[0:19],[0:19],[0:19],[0:19],[0:19],[0:19],[0:19],[0:19],[0:19],[0:19],[0:19],[0:19],[0:19],[7:11],[0:19],[0:19],[0:19],[0:19],[0:19],[6:11],1
[0:19],[0:19],[0:19],[0:19],[0:19],[0:19],[0:19],[0:19],[0:19],[0:19],[0:19],[0:19],[0:19],[7:11],[0:19],[0:19],[0:19],[0:19],[0:19],[6:11],0
[0:19],[0:19],[0:19],[0:19],[0:19],[0:19],[0:19],[0:19],[0:19],[0:19],[0:19],[0:19],[0:19],[7:11],[0:19],[0:19],[0:19],[0:19],[0:19],[6:11],1
[0:19],[0:19],[0:19],[0:19],[0:19],[0:19],[0:19],[0:19],[0:19],[0:19],[0:19],[0:19],[0:19],[7:11],[0:19],[0:19],[0:19],[0:19],[0:19],[6:11],1
[0:19],[0:19],[0:19],[0:19],[0:19],[0:19],[0:19],[0:19],[0:19],[0:19],[0:19],[0:19],[0:19],[7:11],[0:19],[0:19],[0:19],[0:19],[0:19],[12:15],0
[0:19],[0:19],[0:19],[0:19],[0:19],[0:19],[0:19],[0:19],[0:19],[0:19],[0:19],[0:19],[0:19],[12:14],[0:19],[0:19],[0:19],[0:19],[0:19],[6:11],1
[0:19],[0:19],[0:19],[0:19],[0:19],[0:19],[0:19],[0:19],[0:19],[0:19],[0:19],[0:19],[0:19],[7:11],[0:19],[0:19],[0:19],[0:19],[0:19],[6:11],1
[0:19],[0:19],[0:19],[0:19],[0:19],[0:19],[0:19],[0:19],[0:19],[0:19],[0:19],[0:19],[0:19],[7:11],[0:19],[0:19],[0:19],[0:19],[0:19],[6:11],1
[0:19],[0:19],[0:19],[0:19],[0:19],[0:19],[0:19],[0:19],[0:19],[0:19],[0:19],[0:19],[0:19],[0:6],[0:19],[0:19],[0:19],[0:19],[0:19],[6:11],0
[0:19],[0:19],[0:19],[0:19],[0:19],[0:19],[0:19],[0:19],[0:19],[0:19],[0:19],[0:19],[0:19],[12:14],[0:19],[0:19],[0:19],[0:19],[0:19],[6:11],1
[0:19],[0:19],[0:19],[0:19],[0:19],[0:19],[0:19],[0:19],[0:19],[0:19],[0:19],[0:19],[0:19],[15:19],[0:19],[0:19],[0:19],[0:19],[0:19],[6:11],0
[0:19],[0:19],[0:19],[0:19],[0:19],[0:19],[0:19],[0:19],[0:19],[0:19],[0:19],[0:19],[0:19],[7:11],[0:19],[0:19],[0:19],[0:19],[0:19],[6:11],0
[0:19],[0:19],[0:19],[0:19],[0:19],[0:19],[0:19],[0:19],[0:19],[0:19],[0:19],[0:19],[0:19],[7:11],[0:19],[0:19],[0:19],[0:19],[0:19],[6:11],1
[0:19],[0:19],[0:19],[0:19],[0:19],[0:19],[0:19],[0:19],[0:19],[0:19],[0:19],[0:19],[0:19],[7:11],[0:19],[0:19],[0:19],[0:19],[0:19],[6:11],1
[0:19],[0:19],[0:19],[0:19],[0:19],[0:19],[0:19],[0:19],[0:19],[0:19],[0:19],[0:19],[0:19],[7:11],[0:19],[0:19],[0:19],[0:19],[0:19],[6:11],0
[0:19],[0:19],[0:19],[0:19],[0:19],[0:19],[0:19],[0:19],[0:19],[0:19],[0:19],[0:19],[0:19],[0:6],[0:19],[0:19],[0:19],[0:19],[0:19],[6:11],0
[0:19],[0:19],[0:19],[0:19],[0:19],[0:19],[0:19],[0:19],[0:19],[0:19],[0:19],[0:19],[0:19],[7:11],[0:19],[0:19],[0:19],[0:19],[0:19],[12:15],1
[0:19],[0:19],[0:19],[0:19],[0:19],[0:19],[0:19],[0:19],[0:19],[0:19],[0:19],[0:19],[0:19],[7:11],[0:19],[0:19],[0:19],[0:19],[0:19],[6:11],1
[0:19],[0:19],[0:19],[0:19],[0:19],[0:19],[0:19],[0:19],[0:19],[0:19],[0:19],[0:19],[0:19],[7:11],[0:19],[0:19],[0:19],[0:19],[0:19],[6:11],1
[0:19],[0:19],[0:19],[0:19],[0:19],[0:19],[0:19],[0:19],[0:19],[0:19],[0:19],[0:19],[0:19],[7:11],[0:19],[0:19],[0:19],[0:19],[0:19],[6:11],1
[0:19],[0:19],[0:19],[0:19],[0:19],[0:19],[0:19],[0:19],[0:19],[0:19],[0:19],[0:19],[0:19],[7:11],[0:19],[0:19],[0:19],[0:19],[0:19],[12:15],0
[0:19],[0:19],[0:19],[0:19],[0:19],[0:19],[0:19],[0:19],[0:19],[0:19],[0:19],[0:19],[0:19],[7:11],[0:19],[0:19],[0:19],[0:19],[0:19],[6:11],0
[0:19],[0:19],[0:19],[0:19],[0:19],[0:19],[0:19],[0:19],[0:19],[0:19],[0:19],[0:19],[0:19],[7:11],[0:19],[0:19],[0:19],[0:19],[0:19],[6:11],1
[0:19],[0:19],[0:19],[0:19],[0:19],[0:19],[0:19],[0:19],[0:19],[0:19],[0:19],[0:19],[0:19],[7:11],[0:19],[0:19],[0:19],[0:19],[0:19],[6:11],1
[0:19],[0:19],[0:19],[0:19],[0:19],[0:19],[0:19],[0:19],[0:19],[0:19],[0:19],[0:19],[0:19],[7:11],[0:19],[0:19],[0:19],[0:19],[0:19],[6:11],1
[0:19],[0:19],[0:19],[0:19],[0:19],[0:19],[0:19],[0:19],[0:19],[0:19],[0:19],[0:19],[0:19],[7:11],[0:19],[0:19],[0:19],[0:19],[0:19],[6:11],1
[0:19],[0:19],[0:19],[0:19],[0:19],[0:19],[0:19],[0:19],[0:19],[0:19],[0:19],[0:19],[0:19],[7:11],[0:19],[0:19],[0:19],[0:19],[0:19],[6:11],0
[0:19],[0:19],[0:19],[0:19],[0:19],[0:19],[0:19],[0:19],[0:19],[0:19],[0:19],[0:19],[0:19],[12:14],[0:19],[0:19],[0:19],[0:19],[0:19],[12:15],0
[0:19],[0:19],[0:19],[0:19],[0:19],[0:19],[0:19],[0:19],[0:19],[0:19],[0:19],[0:19],[0:19],[7:11],[0:19],[0:19],[0:19],[0:19],[0:19],[6:11],1
[0:19],[0:19],[0:19],[0:19],[0:19],[0:19],[0:19],[0:19],[0:19],[0:19],[0:19],[0:19],[0:19],[7:11],[0:19],[0:19],[0:19],[0:19],[0:19],[6:11],0
[0:19],[0:19],[0:19],[0:19],[0:19],[0:19],[0:19],[0:19],[0:19],[0:19],[0:19],[0:19],[0:19],[7:11],[0:19],[0:19],[0:19],[0:19],[0:19],[6:11],1
[0:19],[0:19],[0:19],[0:19],[0:19],[0:19],[0:19],[0:19],[0:19],[0:19],[0:19],[0:19],[0:19],[15:19],[0:19],[0:19],[0:19],[0:19],[0:19],[6:11],0
[0:19],[0:19],[0:19],[0:19],[0:19],[0:19],[0:19],[0:19],[0:19],[0:19],[0:19],[0:19],[0:19],[12:14],[0:19],[0:19],[0:19],[0:19],[0:19],[6:11],0
[0:19],[0:19],[0:19],[0:19],[0:19],[0:19],[0:19],[0:19],[0:19],[0:19],[0:19],[0:19],[0:19],[7:11],[0:19],[0:19],[0:19],[0:19],[0:19],[6:11],0
[0:19],[0:19],[0:19],[0:19],[0:19],[0:19],[0:19],[0:19],[0:19],[0:19],[0:19],[0:19],[0:19],[7:11],[0:19],[0:19],[0:19],[0:19],[0:19],[12:15],0
[0:19],[0:19],[0:19],[0:19],[0:19],[0:19],[0:19],[0:19],[0:19],[0:19],[0:19],[0:19],[0:19],[7:11],[0:19],[0:19],[0:19],[0:19],[0:19],[6:11],0
[0:19],[0:19],[0:19],[0:19],[0:19],[0:19],[0:19],[0:19],[0:19],[0:19],[0:19],[0:19],[0:19],[7:11],[0:19],[0:19],[0:19],[0:19],[0:19],[6:11],1
[0:19],[0:19],[0:19],[0:19],[0:19],[0:19],[0:19],[0:19],[0:19],[0:19],[0:19],[0:19],[0:19],[7:11],[0:19],[0:19],[0:19],[0:19],[0:19],[6:11],0
[0:19],[0:19],[0:19],[0:19],[0:19],[0:19],[0:19],[0:19],[0:19],[0:19],[0:19],[0:19],[0:19],[12:14],[0:19],[0:19],[0:19],[0:19],[0:19],[6:11],0
[0:19],[0:19],[0:19],[0:19],[0:19],[0:19],[0:19],[0:19],[0:19],[0:19],[0:19],[0:19],[0:19],[7:11],[0:19],[0:19],[0:19],[0:19],[0:19],[6:11],1
[0:19],[0:19],[0:19],[0:19],[0:19],[0:19],[0:19],[0:19],[0:19],[0:19],[0:19],[0:19],[0:19],[7:11],[0:19],[0:19],[0:19],[0:19],[0:19],[6:11],0
[0:19],[0:19],[0:19],[0:19],[0:19],[0:19],[0:19],[0:19],[0:19],[0:19],[0:19],[0:19],[0:19],[7:11],[0:19],[0:19],[0:19],[0:19],[0:19],[6:11],1
[0:19],[0:19],[0:19],[0:19],[0:19],[0:19],[0:19],[0:19],[0:19],[0:19],[0:19],[0:19],[0:19],[7:11],[0:19],[0:19],[0:19],[0:19],[0:19],[6:11],0
[0:19],[0:19],[0:19],[0:19],[0:19],[0:19],[0:19],[0:19],[0:19],[0:19],[0:19],[0:19],[0:19],[7:11],[0:19],[0:19],[0:19],[0:19],[0:19],[6:11],0
[0:19],[0:19],[0:19],[0:19],[0:19],[0:19],[0:19],[0:19],[0:19],[0:19],[0:19],[0:19],[0:19],[0:6],[0:19],[0:19],[0:19],[0:19],[0:19],[6:11],0
[0:19],[0:19],[0:19],[0:19],[0:19],[0:19],[0:19],[0:19],[0:19],[0:19],[0:19],[0:19],[0:19],[0:6],[0:19],[0:19],[0:19],[0:19],[0:19],[6:11],0
[0:19],[0:19],[0:19],[0:19],[0:19],[0:19],[0:19],[0:19],[0:19],[0:19],[0:19],[0:19],[0:19],[7:11],[0:19],[0:19],[0:19],[0:19],[0:19],[6:11],1
[0:19],[0:19],[0:19],[0:19],[0:19],[0:19],[0:19],[0:19],[0:19],[0:19],[0:19],[0:19],[0:19],[7:11],[0:19],[0:19],[0:19],[0:19],[0:19],[16:19],0
[0:19],[0:19],[0:19],[0:19],[0:19],[0:19],[0:19],[0:19],[0:19],[0:19],[0:19],[0:19],[0:19],[12:14],[0:19],[0:19],[0:19],[0:19],[0:19],[6:11],0
[0:19],[0:19],[0:19],[0:19],[0:19],[0:19],[0:19],[0:19],[0:19],[0:19],[0:19],[0:19],[0:19],[7:11],[0:19],[0:19],[0:19],[0:19],[0:19],[6:11],0
[0:19],[0:19],[0:19],[0:19],[0:19],[0:19],[0:19],[0:19],[0:19],[0:19],[0:19],[0:19],[0:19],[7:11],[0:19],[0:19],[0:19],[0:19],[0:19],[12:15],0
[0:19],[0:19],[0:19],[0:19],[0:19],[0:19],[0:19],[0:19],[0:19],[0:19],[0:19],[0:19],[0:19],[7:11],[0:19],[0:19],[0:19],[0:19],[0:19],[6:11],1
[0:19],[0:19],[0:19],[0:19],[0:19],[0:19],[0:19],[0:19],[0:19],[0:19],[0:19],[0:19],[0:19],[7:11],[0:19],[0:19],[0:19],[0:19],[0:19],[12:15],0
[0:19],[0:19],[0:19],[0:19],[0:19],[0:19],[0:19],[0:19],[0:19],[0:19],[0:19],[0:19],[0:19],[7:11],[0:19],[0:19],[0:19],[0:19],[0:19],[6:11],1
[0:19],[0:19],[0:19],[0:19],[0:19],[0:19],[0:19],[0:19],[0:19],[0:19],[0:19],[0:19],[0:19],[7:11],[0:19],[0:19],[0:19],[0:19],[0:19],[6:11],1
[0:19],[0:19],[0:19],[0:19],[0:19],[0:19],[0:19],[0:19],[0:19],[0:19],[0:19],[0:19],[0:19],[7:11],[0:19],[0:19],[0:19],[0:19],[0:19],[6:11],1
[0:19],[0:19],[0:19],[0:19],[0:19],[0:19],[0:19],[0:19],[0:19],[0:19],[0:19],[0:19],[0:19],[7:11],[0:19],[0:19],[0:19],[0:19],[0:19],[6:11],1
[0:19],[0:19],[0:19],[0:19],[0:19],[0:19],[0:19],[0:19],[0:19],[0:19],[0:19],[0:19],[0:19],[7:11],[0:19],[0:19],[0:19],[0:19],[0:19],[12:15],0
[0:19],[0:19],[0:19],[0:19],[0:19],[0:19],[0:19],[0:19],[0:19],[0:19],[0:19],[0:19],[0:19],[7:11],[0:19],[0:19],[0:19],[0:19],[0:19],[6:11],1
[0:19],[0:19],[0:19],[0:19],[0:19],[0:19],[0:19],[0:19],[0:19],[0:19],[0:19],[0:19],[0:19],[7:11],[0:19],[0:19],[0:19],[0:19],[0:19],[6:11],0
[0:19],[0:19],[0:19],[0:19],[0:19],[0:19],[0:19],[0:19],[0:19],[0:19],[0:19],[0:19],[0:19],[7:11],[0:19],[0:19],[0:19],[0:19],[0:19],[6:11],1
[0:19],[0:19],[0:19],[0:19],[0:19],[0:19],[0:19],[0:19],[0:19],[0:19],[0:19],[0:19],[0:19],[12:14],[0:19],[0:19],[0:19],[0:19],[0:19],[6:11],1
[0:19],[0:19],[0:19],[0:19],[0:19],[0:19],[0:19],[0:19],[0:19],[0:19],[0:19],[0:19],[0:19],[12:14],[0:19],[0:19],[0:19],[0:19],[0:19],[6:11],0
[0:19],[0:19],[0:19],[0:19],[0:19],[0:19],[0:19],[0:19],[0:19],[0:19],[0:19],[0:19],[0:19],[12:14],[0:19],[0:19],[0:19],[0:19],[0:19],[6:11],1
[0:19],[0:19],[0:19],[0:19],[0:19],[0:19],[0:19],[0:19],[0:19],[0:19],[0:19],[0:19],[0:19],[12:14],[0:19],[0:19],[0:19],[0:19],[0:19],[6:11],1
[0:19],[0:19],[0:19],[0:19],[0:19],[0:19],[0:19],[0:19],[0:19],[0:19],[0:19],[0:19],[0:19],[12:14],[0:19],[0:19],[0:19],[0:19],[0:19],[6:11],1
[0:19],[0:19],[0:19],[0:19],[0:19],[0:19],[0:19],[0:19],[0:19],[0:19],[0:19],[0:19],[0:19],[7:11],[0:19],[0:19],[0:19],[0:19],[0:19],[6:11],1
[0:19],[0:19],[0:19],[0:19],[0:19],[0:19],[0:19],[0:19],[0:19],[0:19],[0:19],[0:19],[0:19],[7:11],[0:19],[0:19],[0:19],[0:19],[0:19],[6:11],0
[0:19],[0:19],[0:19],[0:19],[0:19],[0:19],[0:19],[0:19],[0:19],[0:19],[0:19],[0:19],[0:19],[7:11],[0:19],[0:19],[0:19],[0:19],[0:19],[6:11],1
[0:19],[0:19],[0:19],[0:19],[0:19],[0:19],[0:19],[0:19],[0:19],[0:19],[0:19],[0:19],[0:19],[7:11],[0:19],[0:19],[0:19],[0:19],[0:19],[6:11],1
[0:19],[0:19],[0:19],[0:19],[0:19],[0:19],[0:19],[0:19],[0:19],[0:19],[0:19],[0:19],[0:19],[12:14],[0:19],[0:19],[0:19],[0:19],[0:19],[3:5],0
[0:19],[0:19],[0:19],[0:19],[0:19],[0:19],[0:19],[0:19],[0:19],[0:19],[0:19],[0:19],[0:19],[7:11],[0:19],[0:19],[0:19],[0:19],[0:19],[6:11],0
[0:19],[0:19],[0:19],[0:19],[0:19],[0:19],[0:19],[0:19],[0:19],[0:19],[0:19],[0:19],[0:19],[7:11],[0:19],[0:19],[0:19],[0:19],[0:19],[6:11],0
[0:19],[0:19],[0:19],[0:19],[0:19],[0:19],[0:19],[0:19],[0:19],[0:19],[0:19],[0:19],[0:19],[0:6],[0:19],[0:19],[0:19],[0:19],[0:19],[6:11],0
[0:19],[0:19],[0:19],[0:19],[0:19],[0:19],[0:19],[0:19],[0:19],[0:19],[0:19],[0:19],[0:19],[12:14],[0:19],[0:19],[0:19],[0:19],[0:19],[6:11],0
[0:19],[0:19],[0:19],[0:19],[0:19],[0:19],[0:19],[0:19],[0:19],[0:19],[0:19],[0:19],[0:19],[7:11],[0:19],[0:19],[0:19],[0:19],[0:19],[6:11],1
[0:19],[0:19],[0:19],[0:19],[0:19],[0:19],[0:19],[0:19],[0:19],[0:19],[0:19],[0:19],[0:19],[7:11],[0:19],[0:19],[0:19],[0:19],[0:19],[6:11],1
[0:19],[0:19],[0:19],[0:19],[0:19],[0:19],[0:19],[0:19],[0:19],[0:19],[0:19],[0:19],[0:19],[7:11],[0:19],[0:19],[0:19],[0:19],[0:19],[6:11],0
[0:19],[0:19],[0:19],[0:19],[0:19],[0:19],[0:19],[0:19],[0:19],[0:19],[0:19],[0:19],[0:19],[7:11],[0:19],[0:19],[0:19],[0:19],[0:19],[12:15],0
[0:19],[0:19],[0:19],[0:19],[0:19],[0:19],[0:19],[0:19],[0:19],[0:19],[0:19],[0:19],[0:19],[7:11],[0:19],[0:19],[0:19],[0:19],[0:19],[12:15],0
[0:19],[0:19],[0:19],[0:19],[0:19],[0:19],[0:19],[0:19],[0:19],[0:19],[0:19],[0:19],[0:19],[7:11],[0:19],[0:19],[0:19],[0:19],[0:19],[12:15],1
[0:19],[0:19],[0:19],[0:19],[0:19],[0:19],[0:19],[0:19],[0:19],[0:19],[0:19],[0:19],[0:19],[7:11],[0:19],[0:19],[0:19],[0:19],[0:19],[6:11],1
[0:19],[0:19],[0:19],[0:19],[0:19],[0:19],[0:19],[0:19],[0:19],[0:19],[0:19],[0:19],[0:19],[7:11],[0:19],[0:19],[0:19],[0:19],[0:19],[12:15],0
[0:19],[0:19],[0:19],[0:19],[0:19],[0:19],[0:19],[0:19],[0:19],[0:19],[0:19],[0:19],[0:19],[7:11],[0:19],[0:19],[0:19],[0:19],[0:19],[6:11],0
[0:19],[0:19],[0:19],[0:19],[0:19],[0:19],[0:19],[0:19],[0:19],[0:19],[0:19],[0:19],[0:19],[7:11],[0:19],[0:19],[0:19],[0:19],[0:19],[6:11],1
[0:19],[0:19],[0:19],[0:19],[0:19],[0:19],[0:19],[0:19],[0:19],[0:19],[0:19],[0:19],[0:19],[7:11],[0:19],[0:19],[0:19],[0:19],[0:19],[6:11],1
[0:19],[0:19],[0:19],[0:19],[0:19],[0:19],[0:19],[0:19],[0:19],[0:19],[0:19],[0:19],[0:19],[7:11],[0:19],[0:19],[0:19],[0:19],[0:19],[6:11],1
[0:19],[0:19],[0:19],[0:19],[0:19],[0:19],[0:19],[0:19],[0:19],[0:19],[0:19],[0:19],[0:19],[7:11],[0:19],[0:19],[0:19],[0:19],[0:19],[6:11],1
[0:19],[0:19],[0:19],[0:19],[0:19],[0:19],[0:19],[0:19],[0:19],[0:19],[0:19],[0:19],[0:19],[7:11],[0:19],[0:19],[0:19],[0:19],[0:19],[6:11],1
[0:19],[0:19],[0:19],[0:19],[0:19],[0:19],[0:19],[0:19],[0:19],[0:19],[0:19],[0:19],[0:19],[7:11],[0:19],[0:19],[0:19],[0:19],[0:19],[6:11],1
[0:19],[0:19],[0:19],[0:19],[0:19],[0:19],[0:19],[0:19],[0:19],[0:19],[0:19],[0:19],[0:19],[7:11],[0:19],[0:19],[0:19],[0:19],[0:19],[6:11],1
[0:19],[0:19],[0:19],[0:19],[0:19],[0:19],[0:19],[0:19],[0:19],[0:19],[0:19],[0:19],[0:19],[7:11],[0:19],[0:19],[0:19],[0:19],[0:19],[6:11],0
[0:19],[0:19],[0:19],[0:19],[0:19],[0:19],[0:19],[0:19],[0:19],[0:19],[0:19],[0:19],[0:19],[15:19],[0:19],[0:19],[0:19],[0:19],[0:19],[6:11],0
[0:19],[0:19],[0:19],[0:19],[0:19],[0:19],[0:19],[0:19],[0:19],[0:19],[0:19],[0:19],[0:19],[7:11],[0:19],[0:19],[0:19],[0:19],[0:19],[6:11],1
[0:19],[0:19],[0:19],[0:19],[0:19],[0:19],[0:19],[0:19],[0:19],[0:19],[0:19],[0:19],[0:19],[7:11],[0:19],[0:19],[0:19],[0:19],[0:19],[6:11],1
[0:19],[0:19],[0:19],[0:19],[0:19],[0:19],[0:19],[0:19],[0:19],[0:19],[0:19],[0:19],[0:19],[7:11],[0:19],[0:19],[0:19],[0:19],[0:19],[6:11],1
[0:19],[0:19],[0:19],[0:19],[0:19],[0:19],[0:19],[0:19],[0:19],[0:19],[0:19],[0:19],[0:19],[7:11],[0:19],[0:19],[0:19],[0:19],[0:19],[16:19],0
[0:19],[0:19],[0:19],[0:19],[0:19],[0:19],[0:19],[0:19],[0:19],[0:19],[0:19],[0:19],[0:19],[7:11],[0:19],[0:19],[0:19],[0:19],[0:19],[6:11],1
[0:19],[0:19],[0:19],[0:19],[0:19],[0:19],[0:19],[0:19],[0:19],[0:19],[0:19],[0:19],[0:19],[15:19],[0:19],[0:19],[0:19],[0:19],[0:19],[6:11],0
[0:19],[0:19],[0:19],[0:19],[0:19],[0:19],[0:19],[0:19],[0:19],[0:19],[0:19],[0:19],[0:19],[7:11],[0:19],[0:19],[0:19],[0:19],[0:19],[3:5],0
[0:19],[0:19],[0:19],[0:19],[0:19],[0:19],[0:19],[0:19],[0:19],[0:19],[0:19],[0:19],[0:19],[12:14],[0:19],[0:19],[0:19],[0:19],[0:19],[6:11],1
[0:19],[0:19],[0:19],[0:19],[0:19],[0:19],[0:19],[0:19],[0:19],[0:19],[0:19],[0:19],[0:19],[7:11],[0:19],[0:19],[0:19],[0:19],[0:19],[12:15],0
[0:19],[0:19],[0:19],[0:19],[0:19],[0:19],[0:19],[0:19],[0:19],[0:19],[0:19],[0:19],[0:19],[7:11],[0:19],[0:19],[0:19],[0:19],[0:19],[6:11],1
[0:19],[0:19],[0:19],[0:19],[0:19],[0:19],[0:19],[0:19],[0:19],[0:19],[0:19],[0:19],[0:19],[7:11],[0:19],[0:19],[0:19],[0:19],[0:19],[12:15],1
[0:19],[0:19],[0:19],[0:19],[0:19],[0:19],[0:19],[0:19],[0:19],[0:19],[0:19],[0:19],[0:19],[7:11],[0:19],[0:19],[0:19],[0:19],[0:19],[6:11],0
[0:19],[0:19],[0:19],[0:19],[0:19],[0:19],[0:19],[0:19],[0:19],[0:19],[0:19],[0:19],[0:19],[7:11],[0:19],[0:19],[0:19],[0:19],[0:19],[6:11],0
[0:19],[0:19],[0:19],[0:19],[0:19],[0:19],[0:19],[0:19],[0:19],[0:19],[0:19],[0:19],[0:19],[7:11],[0:19],[0:19],[0:19],[0:19],[0:19],[6:11],0
[0:19],[0:19],[0:19],[0:19],[0:19],[0:19],[0:19],[0:19],[0:19],[0:19],[0:19],[0:19],[0:19],[7:11],[0:19],[0:19],[0:19],[0:19],[0:19],[6:11],1
[0:19],[0:19],[0:19],[0:19],[0:19],[0:19],[0:19],[0:19],[0:19],[0:19],[0:19],[0:19],[0:19],[12:14],[0:19],[0:19],[0:19],[0:19],[0:19],[6:11],0
[0:19],[0:19],[0:19],[0:19],[0:19],[0:19],[0:19],[0:19],[0:19],[0:19],[0:19],[0:19],[0:19],[7:11],[0:19],[0:19],[0:19],[0:19],[0:19],[6:11],0
[0:19],[0:19],[0:19],[0:19],[0:19],[0:19],[0:19],[0:19],[0:19],[0:19],[0:19],[0:19],[0:19],[7:11],[0:19],[0:19],[0:19],[0:19],[0:19],[6:11],0
[0:19],[0:19],[0:19],[0:19],[0:19],[0:19],[0:19],[0:19],[0:19],[0:19],[0:19],[0:19],[0:19],[0:6],[0:19],[0:19],[0:19],[0:19],[0:19],[6:11],0
[0:19],[0:19],[0:19],[0:19],[0:19],[0:19],[0:19],[0:19],[0:19],[0:19],[0:19],[0:19],[0:19],[7:11],[0:19],[0:19],[0:19],[0:19],[0:19],[6:11],1
[0:19],[0:19],[0:19],[0:19],[0:19],[0:19],[0:19],[0:19],[0:19],[0:19],[0:19],[0:19],[0:19],[12:14],[0:19],[0:19],[0:19],[0:19],[0:19],[6:11],0
[0:19],[0:19],[0:19],[0:19],[0:19],[0:19],[0:19],[0:19],[0:19],[0:19],[0:19],[0:19],[0:19],[15:19],[0:19],[0:19],[0:19],[0:19],[0:19],[6:11],0
[0:19],[0:19],[0:19],[0:19],[0:19],[0:19],[0:19],[0:19],[0:19],[0:19],[0:19],[0:19],[0:19],[7:11],[0:19],[0:19],[0:19],[0:19],[0:19],[6:11],1
[0:19],[0:19],[0:19],[0:19],[0:19],[0:19],[0:19],[0:19],[0:19],[0:19],[0:19],[0:19],[0:19],[12:14],[0:19],[0:19],[0:19],[0:19],[0:19],[6:11],1
[0:19],[0:19],[0:19],[0:19],[0:19],[0:19],[0:19],[0:19],[0:19],[0:19],[0:19],[0:19],[0:19],[7:11],[0:19],[0:19],[0:19],[0:19],[0:19],[6:11],1
[0:19],[0:19],[0:19],[0:19],[0:19],[0:19],[0:19],[0:19],[0:19],[0:19],[0:19],[0:19],[0:19],[12:14],[0:19],[0:19],[0:19],[0:19],[0:19],[6:11],0
[0:19],[0:19],[0:19],[0:19],[0:19],[0:19],[0:19],[0:19],[0:19],[0:19],[0:19],[0:19],[0:19],[12:14],[0:19],[0:19],[0:19],[0:19],[0:19],[6:11],0
[0:19],[0:19],[0:19],[0:19],[0:19],[0:19],[0:19],[0:19],[0:19],[0:19],[0:19],[0:19],[0:19],[7:11],[0:19],[0:19],[0:19],[0:19],[0:19],[6:11],1
[0:19],[0:19],[0:19],[0:19],[0:19],[0:19],[0:19],[0:19],[0:19],[0:19],[0:19],[0:19],[0:19],[7:11],[0:19],[0:19],[0:19],[0:19],[0:19],[6:11],1
[0:19],[0:19],[0:19],[0:19],[0:19],[0:19],[0:19],[0:19],[0:19],[0:19],[0:19],[0:19],[0:19],[7:11],[0:19],[0:19],[0:19],[0:19],[0:19],[6:11],1
[0:19],[0:19],[0:19],[0:19],[0:19],[0:19],[0:19],[0:19],[0:19],[0:19],[0:19],[0:19],[0:19],[7:11],[0:19],[0:19],[0:19],[0:19],[0:19],[6:11],1
[0:19],[0:19],[0:19],[0:19],[0:19],[0:19],[0:19],[0:19],[0:19],[0:19],[0:19],[0:19],[0:19],[0:6],[0:19],[0:19],[0:19],[0:19],[0:19],[6:11],0
[0:19],[0:19],[0:19],[0:19],[0:19],[0:19],[0:19],[0:19],[0:19],[0:19],[0:19],[0:19],[0:19],[12:14],[0:19],[0:19],[0:19],[0:19],[0:19],[6:11],1
[0:19],[0:19],[0:19],[0:19],[0:19],[0:19],[0:19],[0:19],[0:19],[0:19],[0:19],[0:19],[0:19],[12:14],[0:19],[0:19],[0:19],[0:19],[0:19],[6:11],1
[0:19],[0:19],[0:19],[0:19],[0:19],[0:19],[0:19],[0:19],[0:19],[0:19],[0:19],[0:19],[0:19],[12:14],[0:19],[0:19],[0:19],[0:19],[0:19],[6:11],1
[0:19],[0:19],[0:19],[0:19],[0:19],[0:19],[0:19],[0:19],[0:19],[0:19],[0:19],[0:19],[0:19],[7:11],[0:19],[0:19],[0:19],[0:19],[0:19],[6:11],0
[0:19],[0:19],[0:19],[0:19],[0:19],[0:19],[0:19],[0:19],[0:19],[0:19],[0:19],[0:19],[0:19],[7:11],[0:19],[0:19],[0:19],[0:19],[0:19],[6:11],0
[0:19],[0:19],[0:19],[0:19],[0:19],[0:19],[0:19],[0:19],[0:19],[0:19],[0:19],[0:19],[0:19],[7:11],[0:19],[0:19],[0:19],[0:19],[0:19],[6:11],0
[0:19],[0:19],[0:19],[0:19],[0:19],[0:19],[0:19],[0:19],[0:19],[0:19],[0:19],[0:19],[0:19],[7:11],[0:19],[0:19],[0:19],[0:19],[0:19],[6:11],0
[0:19],[0:19],[0:19],[0:19],[0:19],[0:19],[0:19],[0:19],[0:19],[0:19],[0:19],[0:19],[0:19],[12:14],[0:19],[0:19],[0:19],[0:19],[0:19],[6:11],1
[0:19],[0:19],[0:19],[0:19],[0:19],[0:19],[0:19],[0:19],[0:19],[0:19],[0:19],[0:19],[0:19],[7:11],[0:19],[0:19],[0:19],[0:19],[0:19],[6:11],1
[0:19],[0:19],[0:19],[0:19],[0:19],[0:19],[0:19],[0:19],[0:19],[0:19],[0:19],[0:19],[0:19],[7:11],[0:19],[0:19],[0:19],[0:19],[0:19],[6:11],0
[0:19],[0:19],[0:19],[0:19],[0:19],[0:19],[0:19],[0:19],[0:19],[0:19],[0:19],[0:19],[0:19],[12:14],[0:19],[0:19],[0:19],[0:19],[0:19],[6:11],0
[0:19],[0:19],[0:19],[0:19],[0:19],[0:19],[0:19],[0:19],[0:19],[0:19],[0:19],[0:19],[0:19],[7:11],[0:19],[0:19],[0:19],[0:19],[0:19],[12:15],0
[0:19],[0:19],[0:19],[0:19],[0:19],[0:19],[0:19],[0:19],[0:19],[0:19],[0:19],[0:19],[0:19],[7:11],[0:19],[0:19],[0:19],[0:19],[0:19],[6:11],1
[0:19],[0:19],[0:19],[0:19],[0:19],[0:19],[0:19],[0:19],[0:19],[0:19],[0:19],[0:19],[0:19],[0:6],[0:19],[0:19],[0:19],[0:19],[0:19],[3:5],0
[0:19],[0:19],[0:19],[0:19],[0:19],[0:19],[0:19],[0:19],[0:19],[0:19],[0:19],[0:19],[0:19],[12:14],[0:19],[0:19],[0:19],[0:19],[0:19],[6:11],1
[0:19],[0:19],[0:19],[0:19],[0:19],[0:19],[0:19],[0:19],[0:19],[0:19],[0:19],[0:19],[0:19],[7:11],[0:19],[0:19],[0:19],[0:19],[0:19],[6:11],1
[0:19],[0:19],[0:19],[0:19],[0:19],[0:19],[0:19],[0:19],[0:19],[0:19],[0:19],[0:19],[0:19],[7:11],[0:19],[0:19],[0:19],[0:19],[0:19],[6:11],1
[0:19],[0:19],[0:19],[0:19],[0:19],[0:19],[0:19],[0:19],[0:19],[0:19],[0:19],[0:19],[0:19],[7:11],[0:19],[0:19],[0:19],[0:19],[0:19],[6:11],1
[0:19],[0:19],[0:19],[0:19],[0:19],[0:19],[0:19],[0:19],[0:19],[0:19],[0:19],[0:19],[0:19],[7:11],[0:19],[0:19],[0:19],[0:19],[0:19],[6:11],1
[0:19],[0:19],[0:19],[0:19],[0:19],[0:19],[0:19],[0:19],[0:19],[0:19],[0:19],[0:19],[0:19],[12:14],[0:19],[0:19],[0:19],[0:19],[0:19],[6:11],0
[0:19],[0:19],[0:19],[0:19],[0:19],[0:19],[0:19],[0:19],[0:19],[0:19],[0:19],[0:19],[0:19],[7:11],[0:19],[0:19],[0:19],[0:19],[0:19],[6:11],0
[0:19],[0:19],[0:19],[0:19],[0:19],[0:19],[0:19],[0:19],[0:19],[0:19],[0:19],[0:19],[0:19],[12:14],[0:19],[0:19],[0:19],[0:19],[0:19],[6:11],0
[0:19],[0:19],[0:19],[0:19],[0:19],[0:19],[0:19],[0:19],[0:19],[0:19],[0:19],[0:19],[0:19],[7:11],[0:19],[0:19],[0:19],[0:19],[0:19],[6:11],1
[0:19],[0:19],[0:19],[0:19],[0:19],[0:19],[0:19],[0:19],[0:19],[0:19],[0:19],[0:19],[0:19],[7:11],[0:19],[0:19],[0:19],[0:19],[0:19],[6:11],1
[0:19],[0:19],[0:19],[0:19],[0:19],[0:19],[0:19],[0:19],[0:19],[0:19],[0:19],[0:19],[0:19],[12:14],[0:19],[0:19],[0:19],[0:19],[0:19],[6:11],0
[0:19],[0:19],[0:19],[0:19],[0:19],[0:19],[0:19],[0:19],[0:19],[0:19],[0:19],[0:19],[0:19],[7:11],[0:19],[0:19],[0:19],[0:19],[0:19],[12:15],1
[0:19],[0:19],[0:19],[0:19],[0:19],[0:19],[0:19],[0:19],[0:19],[0:19],[0:19],[0:19],[0:19],[7:11],[0:19],[0:19],[0:19],[0:19],[0:19],[6:11],0
[0:19],[0:19],[0:19],[0:19],[0:19],[0:19],[0:19],[0:19],[0:19],[0:19],[0:19],[0:19],[0:19],[7:11],[0:19],[0:19],[0:19],[0:19],[0:19],[6:11],1
[0:19],[0:19],[0:19],[0:19],[0:19],[0:19],[0:19],[0:19],[0:19],[0:19],[0:19],[0:19],[0:19],[7:11],[0:19],[0:19],[0:19],[0:19],[0:19],[6:11],1
[0:19],[0:19],[0:19],[0:19],[0:19],[0:19],[0:19],[0:19],[0:19],[0:19],[0:19],[0:19],[0:19],[7:11],[0:19],[0:19],[0:19],[0:19],[0:19],[6:11],0
[0:19],[0:19],[0:19],[0:19],[0:19],[0:19],[0:19],[0:19],[0:19],[0:19],[0:19],[0:19],[0:19],[7:11],[0:19],[0:19],[0:19],[0:19],[0:19],[12:15],0
[0:19],[0:19],[0:19],[0:19],[0:19],[0:19],[0:19],[0:19],[0:19],[0:19],[0:19],[0:19],[0:19],[7:11],[0:19],[0:19],[0:19],[0:19],[0:19],[6:11],0
[0:19],[0:19],[0:19],[0:19],[0:19],[0:19],[0:19],[0:19],[0:19],[0:19],[0:19],[0:19],[0:19],[12:14],[0:19],[0:19],[0:19],[0:19],[0:19],[6:11],0
[0:19],[0:19],[0:19],[0:19],[0:19],[0:19],[0:19],[0:19],[0:19],[0:19],[0:19],[0:19],[0:19],[7:11],[0:19],[0:19],[0:19],[0:19],[0:19],[6:11],1
[0:19],[0:19],[0:19],[0:19],[0:19],[0:19],[0:19],[0:19],[0:19],[0:19],[0:19],[0:19],[0:19],[7:11],[0:19],[0:19],[0:19],[0:19],[0:19],[6:11],0
[0:19],[0:19],[0:19],[0:19],[0:19],[0:19],[0:19],[0:19],[0:19],[0:19],[0:19],[0:19],[0:19],[7:11],[0:19],[0:19],[0:19],[0:19],[0:19],[6:11],0
[0:19],[0:19],[0:19],[0:19],[0:19],[0:19],[0:19],[0:19],[0:19],[0:19],[0:19],[0:19],[0:19],[7:11],[0:19],[0:19],[0:19],[0:19],[0:19],[6:11],1
[0:19],[0:19],[0:19],[0:19],[0:19],[0:19],[0:19],[0:19],[0:19],[0:19],[0:19],[0:19],[0:19],[7:11],[0:19],[0:19],[0:19],[0:19],[0:19],[6:11],0
[0:19],[0:19],[0:19],[0:19],[0:19],[0:19],[0:19],[0:19],[0:19],[0:19],[0:19],[0:19],[0:19],[0:6],[0:19],[0:19],[0:19],[0:19],[0:19],[12:15],0
[0:19],[0:19],[0:19],[0:19],[0:19],[0:19],[0:19],[0:19],[0:19],[0:19],[0:19],[0:19],[0:19],[7:11],[0:19],[0:19],[0:19],[0:19],[0:19],[6:11],0
[0:19],[0:19],[0:19],[0:19],[0:19],[0:19],[0:19],[0:19],[0:19],[0:19],[0:19],[0:19],[0:19],[7:11],[0:19],[0:19],[0:19],[0:19],[0:19],[6:11],0
[0:19],[0:19],[0:19],[0:19],[0:19],[0:19],[0:19],[0:19],[0:19],[0:19],[0:19],[0:19],[0:19],[7:11],[0:19],[0:19],[0:19],[0:19],[0:19],[6:11],1
[0:19],[0:19],[0:19],[0:19],[0:19],[0:19],[0:19],[0:19],[0:19],[0:19],[0:19],[0:19],[0:19],[7:11],[0:19],[0:19],[0:19],[0:19],[0:19],[6:11],0
[0:19],[0:19],[0:19],[0:19],[0:19],[0:19],[0:19],[0:19],[0:19],[0:19],[0:19],[0:19],[0:19],[7:11],[0:19],[0:19],[0:19],[0:19],[0:19],[6:11],0
[0:19],[0:19],[0:19],[0:19],[0:19],[0:19],[0:19],[0:19],[0:19],[0:19],[0:19],[0:19],[0:19],[15:19],[0:19],[0:19],[0:19],[0:19],[0:19],[3:5],0
[0:19],[0:19],[0:19],[0:19],[0:19],[0:19],[0:19],[0:19],[0:19],[0:19],[0:19],[0:19],[0:19],[7:11],[0:19],[0:19],[0:19],[0:19],[0:19],[6:11],0
[0:19],[0:19],[0:19],[0:19],[0:19],[0:19],[0:19],[0:19],[0:19],[0:19],[0:19],[0:19],[0:19],[12:14],[0:19],[0:19],[0:19],[0:19],[0:19],[6:11],1
[0:19],[0:19],[0:19],[0:19],[0:19],[0:19],[0:19],[0:19],[0:19],[0:19],[0:19],[0:19],[0:19],[7:11],[0:19],[0:19],[0:19],[0:19],[0:19],[6:11],1
[0:19],[0:19],[0:19],[0:19],[0:19],[0:19],[0:19],[0:19],[0:19],[0:19],[0:19],[0:19],[0:19],[7:11],[0:19],[0:19],[0:19],[0:19],[0:19],[6:11],1
[0:19],[0:19],[0:19],[0:19],[0:19],[0:19],[0:19],[0:19],[0:19],[0:19],[0:19],[0:19],[0:19],[7:11],[0:19],[0:19],[0:19],[0:19],[0:19],[6:11],1
[0:19],[0:19],[0:19],[0:19],[0:19],[0:19],[0:19],[0:19],[0:19],[0:19],[0:19],[0:19],[0:19],[12:14],[0:19],[0:19],[0:19],[0:19],[0:19],[6:11],1
[0:19],[0:19],[0:19],[0:19],[0:19],[0:19],[0:19],[0:19],[0:19],[0:19],[0:19],[0:19],[0:19],[7:11],[0:19],[0:19],[0:19],[0:19],[0:19],[6:11],0
[0:19],[0:19],[0:19],[0:19],[0:19],[0:19],[0:19],[0:19],[0:19],[0:19],[0:19],[0:19],[0:19],[7:11],[0:19],[0:19],[0:19],[0:19],[0:19],[6:11],1
[0:19],[0:19],[0:19],[0:19],[0:19],[0:19],[0:19],[0:19],[0:19],[0:19],[0:19],[0:19],[0:19],[12:14],[0:19],[0:19],[0:19],[0:19],[0:19],[6:11],1
[0:19],[0:19],[0:19],[0:19],[0:19],[0:19],[0:19],[0:19],[0:19],[0:19],[0:19],[0:19],[0:19],[12:14],[0:19],[0:19],[0:19],[0:19],[0:19],[6:11],0
[0:19],[0:19],[0:19],[0:19],[0:19],[0:19],[0:19],[0:19],[0:19],[0:19],[0:19],[0:19],[0:19],[7:11],[0:19],[0:19],[0:19],[0:19],[0:19],[6:11],0
[0:19],[0:19],[0:19],[0:19],[0:19],[0:19],[0:19],[0:19],[0:19],[0:19],[0:19],[0:19],[0:19],[7:11],[0:19],[0:19],[0:19],[0:19],[0:19],[6:11],1
[0:19],[0:19],[0:19],[0:19],[0:19],[0:19],[0:19],[0:19],[0:19],[0:19],[0:19],[0:19],[0:19],[7:11],[0:19],[0:19],[0:19],[0:19],[0:19],[6:11],0
[0:19],[0:19],[0:19],[0:19],[0:19],[0:19],[0:19],[0:19],[0:19],[0:19],[0:19],[0:19],[0:19],[7:11],[0:19],[0:19],[0:19],[0:19],[0:19],[6:11],1
[0:19],[0:19],[0:19],[0:19],[0:19],[0:19],[0:19],[0:19],[0:19],[0:19],[0:19],[0:19],[0:19],[7:11],[0:19],[0:19],[0:19],[0:19],[0:19],[6:11],1
[0:19],[0:19],[0:19],[0:19],[0:19],[0:19],[0:19],[0:19],[0:19],[0:19],[0:19],[0:19],[0:19],[7:11],[0:19],[0:19],[0:19],[0:19],[0:19],[6:11],0
[0:19],[0:19],[0:19],[0:19],[0:19],[0:19],[0:19],[0:19],[0:19],[0:19],[0:19],[0:19],[0:19],[7:11],[0:19],[0:19],[0:19],[0:19],[0:19],[6:11],0
[0:19],[0:19],[0:19],[0:19],[0:19],[0:19],[0:19],[0:19],[0:19],[0:19],[0:19],[0:19],[0:19],[12:14],[0:19],[0:19],[0:19],[0:19],[0:19],[6:11],0
[0:19],[0:19],[0:19],[0:19],[0:19],[0:19],[0:19],[0:19],[0:19],[0:19],[0:19],[0:19],[0:19],[7:11],[0:19],[0:19],[0:19],[0:19],[0:19],[6:11],1
[0:19],[0:19],[0:19],[0:19],[0:19],[0:19],[0:19],[0:19],[0:19],[0:19],[0:19],[0:19],[0:19],[7:11],[0:19],[0:19],[0:19],[0:19],[0:19],[6:11],1
[0:19],[0:19],[0:19],[0:19],[0:19],[0:19],[0:19],[0:19],[0:19],[0:19],[0:19],[0:19],[0:19],[7:11],[0:19],[0:19],[0:19],[0:19],[0:19],[6:11],1
[0:19],[0:19],[0:19],[0:19],[0:19],[0:19],[0:19],[0:19],[0:19],[0:19],[0:19],[0:19],[0:19],[12:14],[0:19],[0:19],[0:19],[0:19],[0:19],[3:5],0
[0:19],[0:19],[0:19],[0:19],[0:19],[0:19],[0:19],[0:19],[0:19],[0:19],[0:19],[0:19],[0:19],[7:11],[0:19],[0:19],[0:19],[0:19],[0:19],[3:5],0
[0:19],[0:19],[0:19],[0:19],[0:19],[0:19],[0:19],[0:19],[0:19],[0:19],[0:19],[0:19],[0:19],[0:6],[0:19],[0:19],[0:19],[0:19],[0:19],[6:11],0
[0:19],[0:19],[0:19],[0:19],[0:19],[0:19],[0:19],[0:19],[0:19],[0:19],[0:19],[0:19],[0:19],[12:14],[0:19],[0:19],[0:19],[0:19],[0:19],[6:11],0
[0:19],[0:19],[0:19],[0:19],[0:19],[0:19],[0:19],[0:19],[0:19],[0:19],[0:19],[0:19],[0:19],[7:11],[0:19],[0:19],[0:19],[0:19],[0:19],[6:11],1
[0:19],[0:19],[0:19],[0:19],[0:19],[0:19],[0:19],[0:19],[0:19],[0:19],[0:19],[0:19],[0:19],[7:11],[0:19],[0:19],[0:19],[0:19],[0:19],[6:11],0
[0:19],[0:19],[0:19],[0:19],[0:19],[0:19],[0:19],[0:19],[0:19],[0:19],[0:19],[0:19],[0:19],[7:11],[0:19],[0:19],[0:19],[0:19],[0:19],[6:11],1
[0:19],[0:19],[0:19],[0:19],[0:19],[0:19],[0:19],[0:19],[0:19],[0:19],[0:19],[0:19],[0:19],[7:11],[0:19],[0:19],[0:19],[0:19],[0:19],[12:15],1
[0:19],[0:19],[0:19],[0:19],[0:19],[0:19],[0:19],[0:19],[0:19],[0:19],[0:19],[0:19],[0:19],[0:6],[0:19],[0:19],[0:19],[0:19],[0:19],[6:11],0
[0:19],[0:19],[0:19],[0:19],[0:19],[0:19],[0:19],[0:19],[0:19],[0:19],[0:19],[0:19],[0:19],[12:14],[0:19],[0:19],[0:19],[0:19],[0:19],[12:15],1
[0:19],[0:19],[0:19],[0:19],[0:19],[0:19],[0:19],[0:19],[0:19],[0:19],[0:19],[0:19],[0:19],[7:11],[0:19],[0:19],[0:19],[0:19],[0:19],[6:11],1
[0:19],[0:19],[0:19],[0:19],[0:19],[0:19],[0:19],[0:19],[0:19],[0:19],[0:19],[0:19],[0:19],[7:11],[0:19],[0:19],[0:19],[0:19],[0:19],[12:15],0
[0:19],[0:19],[0:19],[0:19],[0:19],[0:19],[0:19],[0:19],[0:19],[0:19],[0:19],[0:19],[0:19],[7:11],[0:19],[0:19],[0:19],[0:19],[0:19],[6:11],0
[0:19],[0:19],[0:19],[0:19],[0:19],[0:19],[0:19],[0:19],[0:19],[0:19],[0:19],[0:19],[0:19],[7:11],[0:19],[0:19],[0:19],[0:19],[0:19],[6:11],1
[0:19],[0:19],[0:19],[0:19],[0:19],[0:19],[0:19],[0:19],[0:19],[0:19],[0:19],[0:19],[0:19],[0:6],[0:19],[0:19],[0:19],[0:19],[0:19],[6:11],0
[0:19],[0:19],[0:19],[0:19],[0:19],[0:19],[0:19],[0:19],[0:19],[0:19],[0:19],[0:19],[0:19],[7:11],[0:19],[0:19],[0:19],[0:19],[0:19],[6:11],1
[0:19],[0:19],[0:19],[0:19],[0:19],[0:19],[0:19],[0:19],[0:19],[0:19],[0:19],[0:19],[0:19],[7:11],[0:19],[0:19],[0:19],[0:19],[0:19],[6:11],1
[0:19],[0:19],[0:19],[0:19],[0:19],[0:19],[0:19],[0:19],[0:19],[0:19],[0:19],[0:19],[0:19],[7:11],[0:19],[0:19],[0:19],[0:19],[0:19],[6:11],1
[0:19],[0:19],[0:19],[0:19],[0:19],[0:19],[0:19],[0:19],[0:19],[0:19],[0:19],[0:19],[0:19],[12:14],[0:19],[0:19],[0:19],[0:19],[0:19],[6:11],0
[0:19],[0:19],[0:19],[0:19],[0:19],[0:19],[0:19],[0:19],[0:19],[0:19],[0:19],[0:19],[0:19],[7:11],[0:19],[0:19],[0:19],[0:19],[0:19],[6:11],1
[0:19],[0:19],[0:19],[0:19],[0:19],[0:19],[0:19],[0:19],[0:19],[0:19],[0:19],[0:19],[0:19],[12:14],[0:19],[0:19],[0:19],[0:19],[0:19],[6:11],1
[0:19],[0:19],[0:19],[0:19],[0:19],[0:19],[0:19],[0:19],[0:19],[0:19],[0:19],[0:19],[0:19],[7:11],[0:19],[0:19],[0:19],[0:19],[0:19],[6:11],0
[0:19],[0:19],[0:19],[0:19],[0:19],[0:19],[0:19],[0:19],[0:19],[0:19],[0:19],[0:19],[0:19],[7:11],[0:19],[0:19],[0:19],[0:19],[0:19],[3:5],0
[0:19],[0:19],[0:19],[0:19],[0:19],[0:19],[0:19],[0:19],[0:19],[0:19],[0:19],[0:19],[0:19],[7:11],[0:19],[0:19],[0:19],[0:19],[0:19],[6:11],0
[0:19],[0:19],[0:19],[0:19],[0:19],[0:19],[0:19],[0:19],[0:19],[0:19],[0:19],[0:19],[0:19],[7:11],[0:19],[0:19],[0:19],[0:19],[0:19],[6:11],1
[0:19],[0:19],[0:19],[0:19],[0:19],[0:19],[0:19],[0:19],[0:19],[0:19],[0:19],[0:19],[0:19],[7:11],[0:19],[0:19],[0:19],[0:19],[0:19],[12:15],0
[0:19],[0:19],[0:19],[0:19],[0:19],[0:19],[0:19],[0:19],[0:19],[0:19],[0:19],[0:19],[0:19],[7:11],[0:19],[0:19],[0:19],[0:19],[0:19],[6:11],0
[0:19],[0:19],[0:19],[0:19],[0:19],[0:19],[0:19],[0:19],[0:19],[0:19],[0:19],[0:19],[0:19],[7:11],[0:19],[0:19],[0:19],[0:19],[0:19],[6:11],1
[0:19],[0:19],[0:19],[0:19],[0:19],[0:19],[0:19],[0:19],[0:19],[0:19],[0:19],[0:19],[0:19],[7:11],[0:19],[0:19],[0:19],[0:19],[0:19],[6:11],0
[0:19],[0:19],[0:19],[0:19],[0:19],[0:19],[0:19],[0:19],[0:19],[0:19],[0:19],[0:19],[0:19],[7:11],[0:19],[0:19],[0:19],[0:19],[0:19],[6:11],0
[0:19],[0:19],[0:19],[0:19],[0:19],[0:19],[0:19],[0:19],[0:19],[0:19],[0:19],[0:19],[0:19],[7:11],[0:19],[0:19],[0:19],[0:19],[0:19],[6:11],1
[0:19],[0:19],[0:19],[0:19],[0:19],[0:19],[0:19],[0:19],[0:19],[0:19],[0:19],[0:19],[0:19],[12:14],[0:19],[0:19],[0:19],[0:19],[0:19],[6:11],1
[0:19],[0:19],[0:19],[0:19],[0:19],[0:19],[0:19],[0:19],[0:19],[0:19],[0:19],[0:19],[0:19],[7:11],[0:19],[0:19],[0:19],[0:19],[0:19],[6:11],0
[0:19],[0:19],[0:19],[0:19],[0:19],[0:19],[0:19],[0:19],[0:19],[0:19],[0:19],[0:19],[0:19],[0:6],[0:19],[0:19],[0:19],[0:19],[0:19],[6:11],0
[0:19],[0:19],[0:19],[0:19],[0:19],[0:19],[0:19],[0:19],[0:19],[0:19],[0:19],[0:19],[0:19],[7:11],[0:19],[0:19],[0:19],[0:19],[0:19],[6:11],1
[0:19],[0:19],[0:19],[0:19],[0:19],[0:19],[0:19],[0:19],[0:19],[0:19],[0:19],[0:19],[0:19],[7:11],[0:19],[0:19],[0:19],[0:19],[0:19],[6:11],0
[0:19],[0:19],[0:19],[0:19],[0:19],[0:19],[0:19],[0:19],[0:19],[0:19],[0:19],[0:19],[0:19],[7:11],[0:19],[0:19],[0:19],[0:19],[0:19],[6:11],0
[0:19],[0:19],[0:19],[0:19],[0:19],[0:19],[0:19],[0:19],[0:19],[0:19],[0:19],[0:19],[0:19],[7:11],[0:19],[0:19],[0:19],[0:19],[0:19],[6:11],1
[0:19],[0:19],[0:19],[0:19],[0:19],[0:19],[0:19],[0:19],[0:19],[0:19],[0:19],[0:19],[0:19],[7:11],[0:19],[0:19],[0:19],[0:19],[0:19],[6:11],1
[0:19],[0:19],[0:19],[0:19],[0:19],[0:19],[0:19],[0:19],[0:19],[0:19],[0:19],[0:19],[0:19],[7:11],[0:19],[0:19],[0:19],[0:19],[0:19],[12:15],1
[0:19],[0:19],[0:19],[0:19],[0:19],[0:19],[0:19],[0:19],[0:19],[0:19],[0:19],[0:19],[0:19],[12:14],[0:19],[0:19],[0:19],[0:19],[0:19],[3:5],0
[0:19],[0:19],[0:19],[0:19],[0:19],[0:19],[0:19],[0:19],[0:19],[0:19],[0:19],[0:19],[0:19],[12:14],[0:19],[0:19],[0:19],[0:19],[0:19],[6:11],0
[0:19],[0:19],[0:19],[0:19],[0:19],[0:19],[0:19],[0:19],[0:19],[0:19],[0:19],[0:19],[0:19],[12:14],[0:19],[0:19],[0:19],[0:19],[0:19],[6:11],1
[0:19],[0:19],[0:19],[0:19],[0:19],[0:19],[0:19],[0:19],[0:19],[0:19],[0:19],[0:19],[0:19],[12:14],[0:19],[0:19],[0:19],[0:19],[0:19],[6:11],0
[0:19],[0:19],[0:19],[0:19],[0:19],[0:19],[0:19],[0:19],[0:19],[0:19],[0:19],[0:19],[0:19],[7:11],[0:19],[0:19],[0:19],[0:19],[0:19],[6:11],1
[0:19],[0:19],[0:19],[0:19],[0:19],[0:19],[0:19],[0:19],[0:19],[0:19],[0:19],[0:19],[0:19],[7:11],[0:19],[0:19],[0:19],[0:19],[0:19],[6:11],1
[0:19],[0:19],[0:19],[0:19],[0:19],[0:19],[0:19],[0:19],[0:19],[0:19],[0:19],[0:19],[0:19],[7:11],[0:19],[0:19],[0:19],[0:19],[0:19],[6:11],1
[0:19],[0:19],[0:19],[0:19],[0:19],[0:19],[0:19],[0:19],[0:19],[0:19],[0:19],[0:19],[0:19],[7:11],[0:19],[0:19],[0:19],[0:19],[0:19],[3:5],0
[0:19],[0:19],[0:19],[0:19],[0:19],[0:19],[0:19],[0:19],[0:19],[0:19],[0:19],[0:19],[0:19],[7:11],[0:19],[0:19],[0:19],[0:19],[0:19],[6:11],1
[0:19],[0:19],[0:19],[0:19],[0:19],[0:19],[0:19],[0:19],[0:19],[0:19],[0:19],[0:19],[0:19],[7:11],[0:19],[0:19],[0:19],[0:19],[0:19],[6:11],0
[0:19],[0:19],[0:19],[0:19],[0:19],[0:19],[0:19],[0:19],[0:19],[0:19],[0:19],[0:19],[0:19],[7:11],[0:19],[0:19],[0:19],[0:19],[0:19],[6:11],0
[0:19],[0:19],[0:19],[0:19],[0:19],[0:19],[0:19],[0:19],[0:19],[0:19],[0:19],[0:19],[0:19],[12:14],[0:19],[0:19],[0:19],[0:19],[0:19],[3:5],0
[0:19],[0:19],[0:19],[0:19],[0:19],[0:19],[0:19],[0:19],[0:19],[0:19],[0:19],[0:19],[0:19],[12:14],[0:19],[0:19],[0:19],[0:19],[0:19],[6:11],0
[0:19],[0:19],[0:19],[0:19],[0:19],[0:19],[0:19],[0:19],[0:19],[0:19],[0:19],[0:19],[0:19],[0:6],[0:19],[0:19],[0:19],[0:19],[0:19],[6:11],0
[0:19],[0:19],[0:19],[0:19],[0:19],[0:19],[0:19],[0:19],[0:19],[0:19],[0:19],[0:19],[0:19],[7:11],[0:19],[0:19],[0:19],[0:19],[0:19],[6:11],1
[0:19],[0:19],[0:19],[0:19],[0:19],[0:19],[0:19],[0:19],[0:19],[0:19],[0:19],[0:19],[0:19],[7:11],[0:19],[0:19],[0:19],[0:19],[0:19],[6:11],0
[0:19],[0:19],[0:19],[0:19],[0:19],[0:19],[0:19],[0:19],[0:19],[0:19],[0:19],[0:19],[0:19],[7:11],[0:19],[0:19],[0:19],[0:19],[0:19],[6:11],0
[0:19],[0:19],[0:19],[0:19],[0:19],[0:19],[0:19],[0:19],[0:19],[0:19],[0:19],[0:19],[0:19],[7:11],[0:19],[0:19],[0:19],[0:19],[0:19],[6:11],0
[0:19],[0:19],[0:19],[0:19],[0:19],[0:19],[0:19],[0:19],[0:19],[0:19],[0:19],[0:19],[0:19],[12:14],[0:19],[0:19],[0:19],[0:19],[0:19],[6:11],1
[0:19],[0:19],[0:19],[0:19],[0:19],[0:19],[0:19],[0:19],[0:19],[0:19],[0:19],[0:19],[0:19],[12:14],[0:19],[0:19],[0:19],[0:19],[0:19],[6:11],1
[0:19],[0:19],[0:19],[0:19],[0:19],[0:19],[0:19],[0:19],[0:19],[0:19],[0:19],[0:19],[0:19],[7:11],[0:19],[0:19],[0:19],[0:19],[0:19],[6:11],1
[0:19],[0:19],[0:19],[0:19],[0:19],[0:19],[0:19],[0:19],[0:19],[0:19],[0:19],[0:19],[0:19],[7:11],[0:19],[0:19],[0:19],[0:19],[0:19],[3:5],0
[0:19],[0:19],[0:19],[0:19],[0:19],[0:19],[0:19],[0:19],[0:19],[0:19],[0:19],[0:19],[0:19],[7:11],[0:19],[0:19],[0:19],[0:19],[0:19],[6:11],0
[0:19],[0:19],[0:19],[0:19],[0:19],[0:19],[0:19],[0:19],[0:19],[0:19],[0:19],[0:19],[0:19],[7:11],[0:19],[0:19],[0:19],[0:19],[0:19],[3:5],0
[0:19],[0:19],[0:19],[0:19],[0:19],[0:19],[0:19],[0:19],[0:19],[0:19],[0:19],[0:19],[0:19],[7:11],[0:19],[0:19],[0:19],[0:19],[0:19],[6:11],0
[0:19],[0:19],[0:19],[0:19],[0:19],[0:19],[0:19],[0:19],[0:19],[0:19],[0:19],[0:19],[0:19],[7:11],[0:19],[0:19],[0:19],[0:19],[0:19],[6:11],0
[0:19],[0:19],[0:19],[0:19],[0:19],[0:19],[0:19],[0:19],[0:19],[0:19],[0:19],[0:19],[0:19],[7:11],[0:19],[0:19],[0:19],[0:19],[0:19],[6:11],1
[0:19],[0:19],[0:19],[0:19],[0:19],[0:19],[0:19],[0:19],[0:19],[0:19],[0:19],[0:19],[0:19],[0:6],[0:19],[0:19],[0:19],[0:19],[0:19],[6:11],0
[0:19],[0:19],[0:19],[0:19],[0:19],[0:19],[0:19],[0:19],[0:19],[0:19],[0:19],[0:19],[0:19],[7:11],[0:19],[0:19],[0:19],[0:19],[0:19],[6:11],1
[0:19],[0:19],[0:19],[0:19],[0:19],[0:19],[0:19],[0:19],[0:19],[0:19],[0:19],[0:19],[0:19],[7:11],[0:19],[0:19],[0:19],[0:19],[0:19],[6:11],1
[0:19],[0:19],[0:19],[0:19],[0:19],[0:19],[0:19],[0:19],[0:19],[0:19],[0:19],[0:19],[0:19],[7:11],[0:19],[0:19],[0:19],[0:19],[0:19],[6:11],1
[0:19],[0:19],[0:19],[0:19],[0:19],[0:19],[0:19],[0:19],[0:19],[0:19],[0:19],[0:19],[0:19],[7:11],[0:19],[0:19],[0:19],[0:19],[0:19],[6:11],1
[0:19],[0:19],[0:19],[0:19],[0:19],[0:19],[0:19],[0:19],[0:19],[0:19],[0:19],[0:19],[0:19],[7:11],[0:19],[0:19],[0:19],[0:19],[0:19],[6:11],1
[0:19],[0:19],[0:19],[0:19],[0:19],[0:19],[0:19],[0:19],[0:19],[0:19],[0:19],[0:19],[0:19],[7:11],[0:19],[0:19],[0:19],[0:19],[0:19],[6:11],0
[0:19],[0:19],[0:19],[0:19],[0:19],[0:19],[0:19],[0:19],[0:19],[0:19],[0:19],[0:19],[0:19],[7:11],[0:19],[0:19],[0:19],[0:19],[0:19],[6:11],1
[0:19],[0:19],[0:19],[0:19],[0:19],[0:19],[0:19],[0:19],[0:19],[0:19],[0:19],[0:19],[0:19],[7:11],[0:19],[0:19],[0:19],[0:19],[0:19],[6:11],1
[0:19],[0:19],[0:19],[0:19],[0:19],[0:19],[0:19],[0:19],[0:19],[0:19],[0:19],[0:19],[0:19],[7:11],[0:19],[0:19],[0:19],[0:19],[0:19],[6:11],1
[0:19],[0:19],[0:19],[0:19],[0:19],[0:19],[0:19],[0:19],[0:19],[0:19],[0:19],[0:19],[0:19],[7:11],[0:19],[0:19],[0:19],[0:19],[0:19],[12:15],0
[0:19],[0:19],[0:19],[0:19],[0:19],[0:19],[0:19],[0:19],[0:19],[0:19],[0:19],[0:19],[0:19],[12:14],[0:19],[0:19],[0:19],[0:19],[0:19],[6:11],1
[0:19],[0:19],[0:19],[0:19],[0:19],[0:19],[0:19],[0:19],[0:19],[0:19],[0:19],[0:19],[0:19],[7:11],[0:19],[0:19],[0:19],[0:19],[0:19],[6:11],1
[0:19],[0:19],[0:19],[0:19],[0:19],[0:19],[0:19],[0:19],[0:19],[0:19],[0:19],[0:19],[0:19],[7:11],[0:19],[0:19],[0:19],[0:19],[0:19],[6:11],0
[0:19],[0:19],[0:19],[0:19],[0:19],[0:19],[0:19],[0:19],[0:19],[0:19],[0:19],[0:19],[0:19],[7:11],[0:19],[0:19],[0:19],[0:19],[0:19],[6:11],1
[0:19],[0:19],[0:19],[0:19],[0:19],[0:19],[0:19],[0:19],[0:19],[0:19],[0:19],[0:19],[0:19],[7:11],[0:19],[0:19],[0:19],[0:19],[0:19],[6:11],1
[0:19],[0:19],[0:19],[0:19],[0:19],[0:19],[0:19],[0:19],[0:19],[0:19],[0:19],[0:19],[0:19],[7:11],[0:19],[0:19],[0:19],[0:19],[0:19],[6:11],0
[0:19],[0:19],[0:19],[0:19],[0:19],[0:19],[0:19],[0:19],[0:19],[0:19],[0:19],[0:19],[0:19],[7:11],[0:19],[0:19],[0:19],[0:19],[0:19],[6:11],1
[0:19],[0:19],[0:19],[0:19],[0:19],[0:19],[0:19],[0:19],[0:19],[0:19],[0:19],[0:19],[0:19],[7:11],[0:19],[0:19],[0:19],[0:19],[0:19],[6:11],1
[0:19],[0:19],[0:19],[0:19],[0:19],[0:19],[0:19],[0:19],[0:19],[0:19],[0:19],[0:19],[0:19],[7:11],[0:19],[0:19],[0:19],[0:19],[0:19],[6:11],1
[0:19],[0:19],[0:19],[0:19],[0:19],[0:19],[0:19],[0:19],[0:19],[0:19],[0:19],[0:19],[0:19],[7:11],[0:19],[0:19],[0:19],[0:19],[0:19],[6:11],1
[0:19],[0:19],[0:19],[0:19],[0:19],[0:19],[0:19],[0:19],[0:19],[0:19],[0:19],[0:19],[0:19],[12:14],[0:19],[0:19],[0:19],[0:19],[0:19],[6:11],0
[0:19],[0:19],[0:19],[0:19],[0:19],[0:19],[0:19],[0:19],[0:19],[0:19],[0:19],[0:19],[0:19],[12:14],[0:19],[0:19],[0:19],[0:19],[0:19],[6:11],0
[0:19],[0:19],[0:19],[0:19],[0:19],[0:19],[0:19],[0:19],[0:19],[0:19],[0:19],[0:19],[0:19],[7:11],[0:19],[0:19],[0:19],[0:19],[0:19],[6:11],0
[0:19],[0:19],[0:19],[0:19],[0:19],[0:19],[0:19],[0:19],[0:19],[0:19],[0:19],[0:19],[0:19],[7:11],[0:19],[0:19],[0:19],[0:19],[0:19],[6:11],1
[0:19],[0:19],[0:19],[0:19],[0:19],[0:19],[0:19],[0:19],[0:19],[0:19],[0:19],[0:19],[0:19],[7:11],[0:19],[0:19],[0:19],[0:19],[0:19],[6:11],1
[0:19],[0:19],[0:19],[0:19],[0:19],[0:19],[0:19],[0:19],[0:19],[0:19],[0:19],[0:19],[0:19],[7:11],[0:19],[0:19],[0:19],[0:19],[0:19],[6:11],0
[0:19],[0:19],[0:19],[0:19],[0:19],[0:19],[0:19],[0:19],[0:19],[0:19],[0:19],[0:19],[0:19],[7:11],[0:19],[0:19],[0:19],[0:19],[0:19],[3:5],0
[0:19],[0:19],[0:19],[0:19],[0:19],[0:19],[0:19],[0:19],[0:19],[0:19],[0:19],[0:19],[0:19],[7:11],[0:19],[0:19],[0:19],[0:19],[0:19],[6:11],0
[0:19],[0:19],[0:19],[0:19],[0:19],[0:19],[0:19],[0:19],[0:19],[0:19],[0:19],[0:19],[0:19],[7:11],[0:19],[0:19],[0:19],[0:19],[0:19],[6:11],1
[0:19],[0:19],[0:19],[0:19],[0:19],[0:19],[0:19],[0:19],[0:19],[0:19],[0:19],[0:19],[0:19],[7:11],[0:19],[0:19],[0:19],[0:19],[0:19],[6:11],1
[0:19],[0:19],[0:19],[0:19],[0:19],[0:19],[0:19],[0:19],[0:19],[0:19],[0:19],[0:19],[0:19],[7:11],[0:19],[0:19],[0:19],[0:19],[0:19],[12:15],0
[0:19],[0:19],[0:19],[0:19],[0:19],[0:19],[0:19],[0:19],[0:19],[0:19],[0:19],[0:19],[0:19],[12:14],[0:19],[0:19],[0:19],[0:19],[0:19],[0:2],0
[0:19],[0:19],[0:19],[0:19],[0:19],[0:19],[0:19],[0:19],[0:19],[0:19],[0:19],[0:19],[0:19],[7:11],[0:19],[0:19],[0:19],[0:19],[0:19],[6:11],1
[0:19],[0:19],[0:19],[0:19],[0:19],[0:19],[0:19],[0:19],[0:19],[0:19],[0:19],[0:19],[0:19],[7:11],[0:19],[0:19],[0:19],[0:19],[0:19],[3:5],0
[0:19],[0:19],[0:19],[0:19],[0:19],[0:19],[0:19],[0:19],[0:19],[0:19],[0:19],[0:19],[0:19],[7:11],[0:19],[0:19],[0:19],[0:19],[0:19],[6:11],0
[0:19],[0:19],[0:19],[0:19],[0:19],[0:19],[0:19],[0:19],[0:19],[0:19],[0:19],[0:19],[0:19],[7:11],[0:19],[0:19],[0:19],[0:19],[0:19],[6:11],1
[0:19],[0:19],[0:19],[0:19],[0:19],[0:19],[0:19],[0:19],[0:19],[0:19],[0:19],[0:19],[0:19],[12:14],[0:19],[0:19],[0:19],[0:19],[0:19],[6:11],1
[0:19],[0:19],[0:19],[0:19],[0:19],[0:19],[0:19],[0:19],[0:19],[0:19],[0:19],[0:19],[0:19],[15:19],[0:19],[0:19],[0:19],[0:19],[0:19],[6:11],0
[0:19],[0:19],[0:19],[0:19],[0:19],[0:19],[0:19],[0:19],[0:19],[0:19],[0:19],[0:19],[0:19],[7:11],[0:19],[0:19],[0:19],[0:19],[0:19],[6:11],1
[0:19],[0:19],[0:19],[0:19],[0:19],[0:19],[0:19],[0:19],[0:19],[0:19],[0:19],[0:19],[0:19],[7:11],[0:19],[0:19],[0:19],[0:19],[0:19],[6:11],1
[0:19],[0:19],[0:19],[0:19],[0:19],[0:19],[0:19],[0:19],[0:19],[0:19],[0:19],[0:19],[0:19],[7:11],[0:19],[0:19],[0:19],[0:19],[0:19],[6:11],1
[0:19],[0:19],[0:19],[0:19],[0:19],[0:19],[0:19],[0:19],[0:19],[0:19],[0:19],[0:19],[0:19],[7:11],[0:19],[0:19],[0:19],[0:19],[0:19],[6:11],0
[0:19],[0:19],[0:19],[0:19],[0:19],[0:19],[0:19],[0:19],[0:19],[0:19],[0:19],[0:19],[0:19],[7:11],[0:19],[0:19],[0:19],[0:19],[0:19],[6:11],0
[0:19],[0:19],[0:19],[0:19],[0:19],[0:19],[0:19],[0:19],[0:19],[0:19],[0:19],[0:19],[0:19],[7:11],[0:19],[0:19],[0:19],[0:19],[0:19],[6:11],1
[0:19],[0:19],[0:19],[0:19],[0:19],[0:19],[0:19],[0:19],[0:19],[0:19],[0:19],[0:19],[0:19],[7:11],[0:19],[0:19],[0:19],[0:19],[0:19],[12:15],0
[0:19],[0:19],[0:19],[0:19],[0:19],[0:19],[0:19],[0:19],[0:19],[0:19],[0:19],[0:19],[0:19],[7:11],[0:19],[0:19],[0:19],[0:19],[0:19],[6:11],0
[0:19],[0:19],[0:19],[0:19],[0:19],[0:19],[0:19],[0:19],[0:19],[0:19],[0:19],[0:19],[0:19],[7:11],[0:19],[0:19],[0:19],[0:19],[0:19],[6:11],1
[0:19],[0:19],[0:19],[0:19],[0:19],[0:19],[0:19],[0:19],[0:19],[0:19],[0:19],[0:19],[0:19],[7:11],[0:19],[0:19],[0:19],[0:19],[0:19],[6:11],0
[0:19],[0:19],[0:19],[0:19],[0:19],[0:19],[0:19],[0:19],[0:19],[0:19],[0:19],[0:19],[0:19],[7:11],[0:19],[0:19],[0:19],[0:19],[0:19],[6:11],0
[0:19],[0:19],[0:19],[0:19],[0:19],[0:19],[0:19],[0:19],[0:19],[0:19],[0:19],[0:19],[0:19],[15:19],[0:19],[0:19],[0:19],[0:19],[0:19],[12:15],0
[0:19],[0:19],[0:19],[0:19],[0:19],[0:19],[0:19],[0:19],[0:19],[0:19],[0:19],[0:19],[0:19],[7:11],[0:19],[0:19],[0:19],[0:19],[0:19],[6:11],1
[0:19],[0:19],[0:19],[0:19],[0:19],[0:19],[0:19],[0:19],[0:19],[0:19],[0:19],[0:19],[0:19],[7:11],[0:19],[0:19],[0:19],[0:19],[0:19],[6:11],1
[0:19],[0:19],[0:19],[0:19],[0:19],[0:19],[0:19],[0:19],[0:19],[0:19],[0:19],[0:19],[0:19],[12:14],[0:19],[0:19],[0:19],[0:19],[0:19],[6:11],1
[0:19],[0:19],[0:19],[0:19],[0:19],[0:19],[0:19],[0:19],[0:19],[0:19],[0:19],[0:19],[0:19],[12:14],[0:19],[0:19],[0:19],[0:19],[0:19],[6:11],0
[0:19],[0:19],[0:19],[0:19],[0:19],[0:19],[0:19],[0:19],[0:19],[0:19],[0:19],[0:19],[0:19],[0:6],[0:19],[0:19],[0:19],[0:19],[0:19],[6:11],0
[0:19],[0:19],[0:19],[0:19],[0:19],[0:19],[0:19],[0:19],[0:19],[0:19],[0:19],[0:19],[0:19],[7:11],[0:19],[0:19],[0:19],[0:19],[0:19],[12:15],0
[0:19],[0:19],[0:19],[0:19],[0:19],[0:19],[0:19],[0:19],[0:19],[0:19],[0:19],[0:19],[0:19],[7:11],[0:19],[0:19],[0:19],[0:19],[0:19],[6:11],0
[0:19],[0:19],[0:19],[0:19],[0:19],[0:19],[0:19],[0:19],[0:19],[0:19],[0:19],[0:19],[0:19],[7:11],[0:19],[0:19],[0:19],[0:19],[0:19],[6:11],0
[0:19],[0:19],[0:19],[0:19],[0:19],[0:19],[0:19],[0:19],[0:19],[0:19],[0:19],[0:19],[0:19],[7:11],[0:19],[0:19],[0:19],[0:19],[0:19],[6:11],1
[0:19],[0:19],[0:19],[0:19],[0:19],[0:19],[0:19],[0:19],[0:19],[0:19],[0:19],[0:19],[0:19],[7:11],[0:19],[0:19],[0:19],[0:19],[0:19],[6:11],1
[0:19],[0:19],[0:19],[0:19],[0:19],[0:19],[0:19],[0:19],[0:19],[0:19],[0:19],[0:19],[0:19],[7:11],[0:19],[0:19],[0:19],[0:19],[0:19],[6:11],1
[0:19],[0:19],[0:19],[0:19],[0:19],[0:19],[0:19],[0:19],[0:19],[0:19],[0:19],[0:19],[0:19],[7:11],[0:19],[0:19],[0:19],[0:19],[0:19],[6:11],1
[0:19],[0:19],[0:19],[0:19],[0:19],[0:19],[0:19],[0:19],[0:19],[0:19],[0:19],[0:19],[0:19],[12:14],[0:19],[0:19],[0:19],[0:19],[0:19],[6:11],1
[0:19],[0:19],[0:19],[0:19],[0:19],[0:19],[0:19],[0:19],[0:19],[0:19],[0:19],[0:19],[0:19],[0:6],[0:19],[0:19],[0:19],[0:19],[0:19],[6:11],0
[0:19],[0:19],[0:19],[0:19],[0:19],[0:19],[0:19],[0:19],[0:19],[0:19],[0:19],[0:19],[0:19],[7:11],[0:19],[0:19],[0:19],[0:19],[0:19],[6:11],1
[0:19],[0:19],[0:19],[0:19],[0:19],[0:19],[0:19],[0:19],[0:19],[0:19],[0:19],[0:19],[0:19],[7:11],[0:19],[0:19],[0:19],[0:19],[0:19],[6:11],1
[0:19],[0:19],[0:19],[0:19],[0:19],[0:19],[0:19],[0:19],[0:19],[0:19],[0:19],[0:19],[0:19],[12:14],[0:19],[0:19],[0:19],[0:19],[0:19],[6:11],0
[0:19],[0:19],[0:19],[0:19],[0:19],[0:19],[0:19],[0:19],[0:19],[0:19],[0:19],[0:19],[0:19],[7:11],[0:19],[0:19],[0:19],[0:19],[0:19],[6:11],1
[0:19],[0:19],[0:19],[0:19],[0:19],[0:19],[0:19],[0:19],[0:19],[0:19],[0:19],[0:19],[0:19],[7:11],[0:19],[0:19],[0:19],[0:19],[0:19],[6:11],0
[0:19],[0:19],[0:19],[0:19],[0:19],[0:19],[0:19],[0:19],[0:19],[0:19],[0:19],[0:19],[0:19],[7:11],[0:19],[0:19],[0:19],[0:19],[0:19],[6:11],0
[0:19],[0:19],[0:19],[0:19],[0:19],[0:19],[0:19],[0:19],[0:19],[0:19],[0:19],[0:19],[0:19],[7:11],[0:19],[0:19],[0:19],[0:19],[0:19],[6:11],1
[0:19],[0:19],[0:19],[0:19],[0:19],[0:19],[0:19],[0:19],[0:19],[0:19],[0:19],[0:19],[0:19],[7:11],[0:19],[0:19],[0:19],[0:19],[0:19],[12:15],1
[0:19],[0:19],[0:19],[0:19],[0:19],[0:19],[0:19],[0:19],[0:19],[0:19],[0:19],[0:19],[0:19],[7:11],[0:19],[0:19],[0:19],[0:19],[0:19],[3:5],0
[0:19],[0:19],[0:19],[0:19],[0:19],[0:19],[0:19],[0:19],[0:19],[0:19],[0:19],[0:19],[0:19],[12:14],[0:19],[0:19],[0:19],[0:19],[0:19],[12:15],0
[0:19],[0:19],[0:19],[0:19],[0:19],[0:19],[0:19],[0:19],[0:19],[0:19],[0:19],[0:19],[0:19],[0:6],[0:19],[0:19],[0:19],[0:19],[0:19],[6:11],0
[0:19],[0:19],[0:19],[0:19],[0:19],[0:19],[0:19],[0:19],[0:19],[0:19],[0:19],[0:19],[0:19],[7:11],[0:19],[0:19],[0:19],[0:19],[0:19],[6:11],1
[0:19],[0:19],[0:19],[0:19],[0:19],[0:19],[0:19],[0:19],[0:19],[0:19],[0:19],[0:19],[0:19],[7:11],[0:19],[0:19],[0:19],[0:19],[0:19],[3:5],0
[0:19],[0:19],[0:19],[0:19],[0:19],[0:19],[0:19],[0:19],[0:19],[0:19],[0:19],[0:19],[0:19],[7:11],[0:19],[0:19],[0:19],[0:19],[0:19],[6:11],0
[0:19],[0:19],[0:19],[0:19],[0:19],[0:19],[0:19],[0:19],[0:19],[0:19],[0:19],[0:19],[0:19],[0:6],[0:19],[0:19],[0:19],[0:19],[0:19],[6:11],0
[0:19],[0:19],[0:19],[0:19],[0:19],[0:19],[0:19],[0:19],[0:19],[0:19],[0:19],[0:19],[0:19],[7:11],[0:19],[0:19],[0:19],[0:19],[0:19],[6:11],0
[0:19],[0:19],[0:19],[0:19],[0:19],[0:19],[0:19],[0:19],[0:19],[0:19],[0:19],[0:19],[0:19],[7:11],[0:19],[0:19],[0:19],[0:19],[0:19],[6:11],1
[0:19],[0:19],[0:19],[0:19],[0:19],[0:19],[0:19],[0:19],[0:19],[0:19],[0:19],[0:19],[0:19],[7:11],[0:19],[0:19],[0:19],[0:19],[0:19],[12:15],0
[0:19],[0:19],[0:19],[0:19],[0:19],[0:19],[0:19],[0:19],[0:19],[0:19],[0:19],[0:19],[0:19],[7:11],[0:19],[0:19],[0:19],[0:19],[0:19],[12:15],0
[0:19],[0:19],[0:19],[0:19],[0:19],[0:19],[0:19],[0:19],[0:19],[0:19],[0:19],[0:19],[0:19],[7:11],[0:19],[0:19],[0:19],[0:19],[0:19],[6:11],0
[0:19],[0:19],[0:19],[0:19],[0:19],[0:19],[0:19],[0:19],[0:19],[0:19],[0:19],[0:19],[0:19],[7:11],[0:19],[0:19],[0:19],[0:19],[0:19],[6:11],0
[0:19],[0:19],[0:19],[0:19],[0:19],[0:19],[0:19],[0:19],[0:19],[0:19],[0:19],[0:19],[0:19],[7:11],[0:19],[0:19],[0:19],[0:19],[0:19],[12:15],1
[0:19],[0:19],[0:19],[0:19],[0:19],[0:19],[0:19],[0:19],[0:19],[0:19],[0:19],[0:19],[0:19],[7:11],[0:19],[0:19],[0:19],[0:19],[0:19],[3:5],0
[0:19],[0:19],[0:19],[0:19],[0:19],[0:19],[0:19],[0:19],[0:19],[0:19],[0:19],[0:19],[0:19],[7:11],[0:19],[0:19],[0:19],[0:19],[0:19],[6:11],0
[0:19],[0:19],[0:19],[0:19],[0:19],[0:19],[0:19],[0:19],[0:19],[0:19],[0:19],[0:19],[0:19],[7:11],[0:19],[0:19],[0:19],[0:19],[0:19],[6:11],0
[0:19],[0:19],[0:19],[0:19],[0:19],[0:19],[0:19],[0:19],[0:19],[0:19],[0:19],[0:19],[0:19],[12:14],[0:19],[0:19],[0:19],[0:19],[0:19],[12:15],0
[0:19],[0:19],[0:19],[0:19],[0:19],[0:19],[0:19],[0:19],[0:19],[0:19],[0:19],[0:19],[0:19],[7:11],[0:19],[0:19],[0:19],[0:19],[0:19],[6:11],1
[0:19],[0:19],[0:19],[0:19],[0:19],[0:19],[0:19],[0:19],[0:19],[0:19],[0:19],[0:19],[0:19],[0:6],[0:19],[0:19],[0:19],[0:19],[0:19],[6:11],0
[0:19],[0:19],[0:19],[0:19],[0:19],[0:19],[0:19],[0:19],[0:19],[0:19],[0:19],[0:19],[0:19],[7:11],[0:19],[0:19],[0:19],[0:19],[0:19],[6:11],1
[0:19],[0:19],[0:19],[0:19],[0:19],[0:19],[0:19],[0:19],[0:19],[0:19],[0:19],[0:19],[0:19],[12:14],[0:19],[0:19],[0:19],[0:19],[0:19],[6:11],0
[0:19],[0:19],[0:19],[0:19],[0:19],[0:19],[0:19],[0:19],[0:19],[0:19],[0:19],[0:19],[0:19],[7:11],[0:19],[0:19],[0:19],[0:19],[0:19],[6:11],0
[0:19],[0:19],[0:19],[0:19],[0:19],[0:19],[0:19],[0:19],[0:19],[0:19],[0:19],[0:19],[0:19],[7:11],[0:19],[0:19],[0:19],[0:19],[0:19],[6:11],1
[0:19],[0:19],[0:19],[0:19],[0:19],[0:19],[0:19],[0:19],[0:19],[0:19],[0:19],[0:19],[0:19],[7:11],[0:19],[0:19],[0:19],[0:19],[0:19],[6:11],1
[0:19],[0:19],[0:19],[0:19],[0:19],[0:19],[0:19],[0:19],[0:19],[0:19],[0:19],[0:19],[0:19],[7:11],[0:19],[0:19],[0:19],[0:19],[0:19],[6:11],1
[0:19],[0:19],[0:19],[0:19],[0:19],[0:19],[0:19],[0:19],[0:19],[0:19],[0:19],[0:19],[0:19],[0:6],[0:19],[0:19],[0:19],[0:19],[0:19],[6:11],0
[0:19],[0:19],[0:19],[0:19],[0:19],[0:19],[0:19],[0:19],[0:19],[0:19],[0:19],[0:19],[0:19],[0:6],[0:19],[0:19],[0:19],[0:19],[0:19],[6:11],0
[0:19],[0:19],[0:19],[0:19],[0:19],[0:19],[0:19],[0:19],[0:19],[0:19],[0:19],[0:19],[0:19],[7:11],[0:19],[0:19],[0:19],[0:19],[0:19],[6:11],1
[0:19],[0:19],[0:19],[0:19],[0:19],[0:19],[0:19],[0:19],[0:19],[0:19],[0:19],[0:19],[0:19],[7:11],[0:19],[0:19],[0:19],[0:19],[0:19],[6:11],0
[0:19],[0:19],[0:19],[0:19],[0:19],[0:19],[0:19],[0:19],[0:19],[0:19],[0:19],[0:19],[0:19],[7:11],[0:19],[0:19],[0:19],[0:19],[0:19],[6:11],0
[0:19],[0:19],[0:19],[0:19],[0:19],[0:19],[0:19],[0:19],[0:19],[0:19],[0:19],[0:19],[0:19],[7:11],[0:19],[0:19],[0:19],[0:19],[0:19],[6:11],0
[0:19],[0:19],[0:19],[0:19],[0:19],[0:19],[0:19],[0:19],[0:19],[0:19],[0:19],[0:19],[0:19],[12:14],[0:19],[0:19],[0:19],[0:19],[0:19],[6:11],1
[0:19],[0:19],[0:19],[0:19],[0:19],[0:19],[0:19],[0:19],[0:19],[0:19],[0:19],[0:19],[0:19],[12:14],[0:19],[0:19],[0:19],[0:19],[0:19],[6:11],0
[0:19],[0:19],[0:19],[0:19],[0:19],[0:19],[0:19],[0:19],[0:19],[0:19],[0:19],[0:19],[0:19],[7:11],[0:19],[0:19],[0:19],[0:19],[0:19],[6:11],0
[0:19],[0:19],[0:19],[0:19],[0:19],[0:19],[0:19],[0:19],[0:19],[0:19],[0:19],[0:19],[0:19],[7:11],[0:19],[0:19],[0:19],[0:19],[0:19],[6:11],0
[0:19],[0:19],[0:19],[0:19],[0:19],[0:19],[0:19],[0:19],[0:19],[0:19],[0:19],[0:19],[0:19],[7:11],[0:19],[0:19],[0:19],[0:19],[0:19],[6:11],1
[0:19],[0:19],[0:19],[0:19],[0:19],[0:19],[0:19],[0:19],[0:19],[0:19],[0:19],[0:19],[0:19],[7:11],[0:19],[0:19],[0:19],[0:19],[0:19],[12:15],0
[0:19],[0:19],[0:19],[0:19],[0:19],[0:19],[0:19],[0:19],[0:19],[0:19],[0:19],[0:19],[0:19],[7:11],[0:19],[0:19],[0:19],[0:19],[0:19],[6:11],0
[0:19],[0:19],[0:19],[0:19],[0:19],[0:19],[0:19],[0:19],[0:19],[0:19],[0:19],[0:19],[0:19],[7:11],[0:19],[0:19],[0:19],[0:19],[0:19],[6:11],1
[0:19],[0:19],[0:19],[0:19],[0:19],[0:19],[0:19],[0:19],[0:19],[0:19],[0:19],[0:19],[0:19],[15:19],[0:19],[0:19],[0:19],[0:19],[0:19],[6:11],1
[0:19],[0:19],[0:19],[0:19],[0:19],[0:19],[0:19],[0:19],[0:19],[0:19],[0:19],[0:19],[0:19],[7:11],[0:19],[0:19],[0:19],[0:19],[0:19],[6:11],1
[0:19],[0:19],[0:19],[0:19],[0:19],[0:19],[0:19],[0:19],[0:19],[0:19],[0:19],[0:19],[0:19],[7:11],[0:19],[0:19],[0:19],[0:19],[0:19],[6:11],1
[0:19],[0:19],[0:19],[0:19],[0:19],[0:19],[0:19],[0:19],[0:19],[0:19],[0:19],[0:19],[0:19],[7:11],[0:19],[0:19],[0:19],[0:19],[0:19],[6:11],1
[0:19],[0:19],[0:19],[0:19],[0:19],[0:19],[0:19],[0:19],[0:19],[0:19],[0:19],[0:19],[0:19],[7:11],[0:19],[0:19],[0:19],[0:19],[0:19],[6:11],1
[0:19],[0:19],[0:19],[0:19],[0:19],[0:19],[0:19],[0:19],[0:19],[0:19],[0:19],[0:19],[0:19],[7:11],[0:19],[0:19],[0:19],[0:19],[0:19],[6:11],0
[0:19],[0:19],[0:19],[0:19],[0:19],[0:19],[0:19],[0:19],[0:19],[0:19],[0:19],[0:19],[0:19],[7:11],[0:19],[0:19],[0:19],[0:19],[0:19],[6:11],0
[0:19],[0:19],[0:19],[0:19],[0:19],[0:19],[0:19],[0:19],[0:19],[0:19],[0:19],[0:19],[0:19],[7:11],[0:19],[0:19],[0:19],[0:19],[0:19],[6:11],1
[0:19],[0:19],[0:19],[0:19],[0:19],[0:19],[0:19],[0:19],[0:19],[0:19],[0:19],[0:19],[0:19],[7:11],[0:19],[0:19],[0:19],[0:19],[0:19],[6:11],1
[0:19],[0:19],[0:19],[0:19],[0:19],[0:19],[0:19],[0:19],[0:19],[0:19],[0:19],[0:19],[0:19],[7:11],[0:19],[0:19],[0:19],[0:19],[0:19],[6:11],1
[0:19],[0:19],[0:19],[0:19],[0:19],[0:19],[0:19],[0:19],[0:19],[0:19],[0:19],[0:19],[0:19],[7:11],[0:19],[0:19],[0:19],[0:19],[0:19],[6:11],0
[0:19],[0:19],[0:19],[0:19],[0:19],[0:19],[0:19],[0:19],[0:19],[0:19],[0:19],[0:19],[0:19],[12:14],[0:19],[0:19],[0:19],[0:19],[0:19],[6:11],1
[0:19],[0:19],[0:19],[0:19],[0:19],[0:19],[0:19],[0:19],[0:19],[0:19],[0:19],[0:19],[0:19],[7:11],[0:19],[0:19],[0:19],[0:19],[0:19],[12:15],1
[0:19],[0:19],[0:19],[0:19],[0:19],[0:19],[0:19],[0:19],[0:19],[0:19],[0:19],[0:19],[0:19],[7:11],[0:19],[0:19],[0:19],[0:19],[0:19],[6:11],1
[0:19],[0:19],[0:19],[0:19],[0:19],[0:19],[0:19],[0:19],[0:19],[0:19],[0:19],[0:19],[0:19],[12:14],[0:19],[0:19],[0:19],[0:19],[0:19],[3:5],0
[0:19],[0:19],[0:19],[0:19],[0:19],[0:19],[0:19],[0:19],[0:19],[0:19],[0:19],[0:19],[0:19],[7:11],[0:19],[0:19],[0:19],[0:19],[0:19],[6:11],1
[0:19],[0:19],[0:19],[0:19],[0:19],[0:19],[0:19],[0:19],[0:19],[0:19],[0:19],[0:19],[0:19],[7:11],[0:19],[0:19],[0:19],[0:19],[0:19],[6:11],0
[0:19],[0:19],[0:19],[0:19],[0:19],[0:19],[0:19],[0:19],[0:19],[0:19],[0:19],[0:19],[0:19],[7:11],[0:19],[0:19],[0:19],[0:19],[0:19],[6:11],0
[0:19],[0:19],[0:19],[0:19],[0:19],[0:19],[0:19],[0:19],[0:19],[0:19],[0:19],[0:19],[0:19],[7:11],[0:19],[0:19],[0:19],[0:19],[0:19],[6:11],1
[0:19],[0:19],[0:19],[0:19],[0:19],[0:19],[0:19],[0:19],[0:19],[0:19],[0:19],[0:19],[0:19],[7:11],[0:19],[0:19],[0:19],[0:19],[0:19],[6:11],1
[0:19],[0:19],[0:19],[0:19],[0:19],[0:19],[0:19],[0:19],[0:19],[0:19],[0:19],[0:19],[0:19],[7:11],[0:19],[0:19],[0:19],[0:19],[0:19],[12:15],0
[0:19],[0:19],[0:19],[0:19],[0:19],[0:19],[0:19],[0:19],[0:19],[0:19],[0:19],[0:19],[0:19],[7:11],[0:19],[0:19],[0:19],[0:19],[0:19],[6:11],1
[0:19],[0:19],[0:19],[0:19],[0:19],[0:19],[0:19],[0:19],[0:19],[0:19],[0:19],[0:19],[0:19],[7:11],[0:19],[0:19],[0:19],[0:19],[0:19],[6:11],0
[0:19],[0:19],[0:19],[0:19],[0:19],[0:19],[0:19],[0:19],[0:19],[0:19],[0:19],[0:19],[0:19],[7:11],[0:19],[0:19],[0:19],[0:19],[0:19],[6:11],1
[0:19],[0:19],[0:19],[0:19],[0:19],[0:19],[0:19],[0:19],[0:19],[0:19],[0:19],[0:19],[0:19],[7:11],[0:19],[0:19],[0:19],[0:19],[0:19],[12:15],1
[0:19],[0:19],[0:19],[0:19],[0:19],[0:19],[0:19],[0:19],[0:19],[0:19],[0:19],[0:19],[0:19],[7:11],[0:19],[0:19],[0:19],[0:19],[0:19],[6:11],0
[0:19],[0:19],[0:19],[0:19],[0:19],[0:19],[0:19],[0:19],[0:19],[0:19],[0:19],[0:19],[0:19],[7:11],[0:19],[0:19],[0:19],[0:19],[0:19],[6:11],0
[0:19],[0:19],[0:19],[0:19],[0:19],[0:19],[0:19],[0:19],[0:19],[0:19],[0:19],[0:19],[0:19],[7:11],[0:19],[0:19],[0:19],[0:19],[0:19],[6:11],1
[0:19],[0:19],[0:19],[0:19],[0:19],[0:19],[0:19],[0:19],[0:19],[0:19],[0:19],[0:19],[0:19],[12:14],[0:19],[0:19],[0:19],[0:19],[0:19],[12:15],1
[0:19],[0:19],[0:19],[0:19],[0:19],[0:19],[0:19],[0:19],[0:19],[0:19],[0:19],[0:19],[0:19],[12:14],[0:19],[0:19],[0:19],[0:19],[0:19],[6:11],1
[0:19],[0:19],[0:19],[0:19],[0:19],[0:19],[0:19],[0:19],[0:19],[0:19],[0:19],[0:19],[0:19],[7:11],[0:19],[0:19],[0:19],[0:19],[0:19],[6:11],0
[0:19],[0:19],[0:19],[0:19],[0:19],[0:19],[0:19],[0:19],[0:19],[0:19],[0:19],[0:19],[0:19],[12:14],[0:19],[0:19],[0:19],[0:19],[0:19],[6:11],0
[0:19],[0:19],[0:19],[0:19],[0:19],[0:19],[0:19],[0:19],[0:19],[0:19],[0:19],[0:19],[0:19],[7:11],[0:19],[0:19],[0:19],[0:19],[0:19],[3:5],0
[0:19],[0:19],[0:19],[0:19],[0:19],[0:19],[0:19],[0:19],[0:19],[0:19],[0:19],[0:19],[0:19],[7:11],[0:19],[0:19],[0:19],[0:19],[0:19],[6:11],1
[0:19],[0:19],[0:19],[0:19],[0:19],[0:19],[0:19],[0:19],[0:19],[0:19],[0:19],[0:19],[0:19],[12:14],[0:19],[0:19],[0:19],[0:19],[0:19],[6:11],1
[0:19],[0:19],[0:19],[0:19],[0:19],[0:19],[0:19],[0:19],[0:19],[0:19],[0:19],[0:19],[0:19],[12:14],[0:19],[0:19],[0:19],[0:19],[0:19],[6:11],0
[0:19],[0:19],[0:19],[0:19],[0:19],[0:19],[0:19],[0:19],[0:19],[0:19],[0:19],[0:19],[0:19],[7:11],[0:19],[0:19],[0:19],[0:19],[0:19],[6:11],1
[0:19],[0:19],[0:19],[0:19],[0:19],[0:19],[0:19],[0:19],[0:19],[0:19],[0:19],[0:19],[0:19],[7:11],[0:19],[0:19],[0:19],[0:19],[0:19],[6:11],1
[0:19],[0:19],[0:19],[0:19],[0:19],[0:19],[0:19],[0:19],[0:19],[0:19],[0:19],[0:19],[0:19],[7:11],[0:19],[0:19],[0:19],[0:19],[0:19],[6:11],1
[0:19],[0:19],[0:19],[0:19],[0:19],[0:19],[0:19],[0:19],[0:19],[0:19],[0:19],[0:19],[0:19],[7:11],[0:19],[0:19],[0:19],[0:19],[0:19],[6:11],1
[0:19],[0:19],[0:19],[0:19],[0:19],[0:19],[0:19],[0:19],[0:19],[0:19],[0:19],[0:19],[0:19],[7:11],[0:19],[0:19],[0:19],[0:19],[0:19],[12:15],0
[0:19],[0:19],[0:19],[0:19],[0:19],[0:19],[0:19],[0:19],[0:19],[0:19],[0:19],[0:19],[0:19],[7:11],[0:19],[0:19],[0:19],[0:19],[0:19],[6:11],0
[0:19],[0:19],[0:19],[0:19],[0:19],[0:19],[0:19],[0:19],[0:19],[0:19],[0:19],[0:19],[0:19],[7:11],[0:19],[0:19],[0:19],[0:19],[0:19],[6:11],0
[0:19],[0:19],[0:19],[0:19],[0:19],[0:19],[0:19],[0:19],[0:19],[0:19],[0:19],[0:19],[0:19],[7:11],[0:19],[0:19],[0:19],[0:19],[0:19],[6:11],0
[0:19],[0:19],[0:19],[0:19],[0:19],[0:19],[0:19],[0:19],[0:19],[0:19],[0:19],[0:19],[0:19],[7:11],[0:19],[0:19],[0:19],[0:19],[0:19],[3:5],0
[0:19],[0:19],[0:19],[0:19],[0:19],[0:19],[0:19],[0:19],[0:19],[0:19],[0:19],[0:19],[0:19],[7:11],[0:19],[0:19],[0:19],[0:19],[0:19],[6:11],1
[0:19],[0:19],[0:19],[0:19],[0:19],[0:19],[0:19],[0:19],[0:19],[0:19],[0:19],[0:19],[0:19],[7:11],[0:19],[0:19],[0:19],[0:19],[0:19],[6:11],1
[0:19],[0:19],[0:19],[0:19],[0:19],[0:19],[0:19],[0:19],[0:19],[0:19],[0:19],[0:19],[0:19],[7:11],[0:19],[0:19],[0:19],[0:19],[0:19],[6:11],1
[0:19],[0:19],[0:19],[0:19],[0:19],[0:19],[0:19],[0:19],[0:19],[0:19],[0:19],[0:19],[0:19],[7:11],[0:19],[0:19],[0:19],[0:19],[0:19],[6:11],0
[0:19],[0:19],[0:19],[0:19],[0:19],[0:19],[0:19],[0:19],[0:19],[0:19],[0:19],[0:19],[0:19],[7:11],[0:19],[0:19],[0:19],[0:19],[0:19],[6:11],1
[0:19],[0:19],[0:19],[0:19],[0:19],[0:19],[0:19],[0:19],[0:19],[0:19],[0:19],[0:19],[0:19],[7:11],[0:19],[0:19],[0:19],[0:19],[0:19],[6:11],0
[0:19],[0:19],[0:19],[0:19],[0:19],[0:19],[0:19],[0:19],[0:19],[0:19],[0:19],[0:19],[0:19],[12:14],[0:19],[0:19],[0:19],[0:19],[0:19],[6:11],1
[0:19],[0:19],[0:19],[0:19],[0:19],[0:19],[0:19],[0:19],[0:19],[0:19],[0:19],[0:19],[0:19],[7:11],[0:19],[0:19],[0:19],[0:19],[0:19],[6:11],0
[0:19],[0:19],[0:19],[0:19],[0:19],[0:19],[0:19],[0:19],[0:19],[0:19],[0:19],[0:19],[0:19],[7:11],[0:19],[0:19],[0:19],[0:19],[0:19],[6:11],1
[0:19],[0:19],[0:19],[0:19],[0:19],[0:19],[0:19],[0:19],[0:19],[0:19],[0:19],[0:19],[0:19],[7:11],[0:19],[0:19],[0:19],[0:19],[0:19],[6:11],0
[0:19],[0:19],[0:19],[0:19],[0:19],[0:19],[0:19],[0:19],[0:19],[0:19],[0:19],[0:19],[0:19],[0:6],[0:19],[0:19],[0:19],[0:19],[0:19],[3:5],0
[0:19],[0:19],[0:19],[0:19],[0:19],[0:19],[0:19],[0:19],[0:19],[0:19],[0:19],[0:19],[0:19],[7:11],[0:19],[0:19],[0:19],[0:19],[0:19],[6:11],0
[0:19],[0:19],[0:19],[0:19],[0:19],[0:19],[0:19],[0:19],[0:19],[0:19],[0:19],[0:19],[0:19],[7:11],[0:19],[0:19],[0:19],[0:19],[0:19],[6:11],1
[0:19],[0:19],[0:19],[0:19],[0:19],[0:19],[0:19],[0:19],[0:19],[0:19],[0:19],[0:19],[0:19],[7:11],[0:19],[0:19],[0:19],[0:19],[0:19],[6:11],0
[0:19],[0:19],[0:19],[0:19],[0:19],[0:19],[0:19],[0:19],[0:19],[0:19],[0:19],[0:19],[0:19],[7:11],[0:19],[0:19],[0:19],[0:19],[0:19],[6:11],1
[0:19],[0:19],[0:19],[0:19],[0:19],[0:19],[0:19],[0:19],[0:19],[0:19],[0:19],[0:19],[0:19],[7:11],[0:19],[0:19],[0:19],[0:19],[0:19],[6:11],0
[0:19],[0:19],[0:19],[0:19],[0:19],[0:19],[0:19],[0:19],[0:19],[0:19],[0:19],[0:19],[0:19],[7:11],[0:19],[0:19],[0:19],[0:19],[0:19],[12:15],1
[0:19],[0:19],[0:19],[0:19],[0:19],[0:19],[0:19],[0:19],[0:19],[0:19],[0:19],[0:19],[0:19],[12:14],[0:19],[0:19],[0:19],[0:19],[0:19],[6:11],1
[0:19],[0:19],[0:19],[0:19],[0:19],[0:19],[0:19],[0:19],[0:19],[0:19],[0:19],[0:19],[0:19],[7:11],[0:19],[0:19],[0:19],[0:19],[0:19],[3:5],0
[0:19],[0:19],[0:19],[0:19],[0:19],[0:19],[0:19],[0:19],[0:19],[0:19],[0:19],[0:19],[0:19],[7:11],[0:19],[0:19],[0:19],[0:19],[0:19],[6:11],1
[0:19],[0:19],[0:19],[0:19],[0:19],[0:19],[0:19],[0:19],[0:19],[0:19],[0:19],[0:19],[0:19],[7:11],[0:19],[0:19],[0:19],[0:19],[0:19],[6:11],0
[0:19],[0:19],[0:19],[0:19],[0:19],[0:19],[0:19],[0:19],[0:19],[0:19],[0:19],[0:19],[0:19],[12:14],[0:19],[0:19],[0:19],[0:19],[0:19],[12:15],0
[0:19],[0:19],[0:19],[0:19],[0:19],[0:19],[0:19],[0:19],[0:19],[0:19],[0:19],[0:19],[0:19],[7:11],[0:19],[0:19],[0:19],[0:19],[0:19],[12:15],0
[0:19],[0:19],[0:19],[0:19],[0:19],[0:19],[0:19],[0:19],[0:19],[0:19],[0:19],[0:19],[0:19],[7:11],[0:19],[0:19],[0:19],[0:19],[0:19],[12:15],0
[0:19],[0:19],[0:19],[0:19],[0:19],[0:19],[0:19],[0:19],[0:19],[0:19],[0:19],[0:19],[0:19],[7:11],[0:19],[0:19],[0:19],[0:19],[0:19],[6:11],0
[0:19],[0:19],[0:19],[0:19],[0:19],[0:19],[0:19],[0:19],[0:19],[0:19],[0:19],[0:19],[0:19],[7:11],[0:19],[0:19],[0:19],[0:19],[0:19],[6:11],1
[0:19],[0:19],[0:19],[0:19],[0:19],[0:19],[0:19],[0:19],[0:19],[0:19],[0:19],[0:19],[0:19],[7:11],[0:19],[0:19],[0:19],[0:19],[0:19],[6:11],0
[0:19],[0:19],[0:19],[0:19],[0:19],[0:19],[0:19],[0:19],[0:19],[0:19],[0:19],[0:19],[0:19],[7:11],[0:19],[0:19],[0:19],[0:19],[0:19],[0:2],0
[0:19],[0:19],[0:19],[0:19],[0:19],[0:19],[0:19],[0:19],[0:19],[0:19],[0:19],[0:19],[0:19],[7:11],[0:19],[0:19],[0:19],[0:19],[0:19],[6:11],0
[0:19],[0:19],[0:19],[0:19],[0:19],[0:19],[0:19],[0:19],[0:19],[0:19],[0:19],[0:19],[0:19],[7:11],[0:19],[0:19],[0:19],[0:19],[0:19],[6:11],1
[0:19],[0:19],[0:19],[0:19],[0:19],[0:19],[0:19],[0:19],[0:19],[0:19],[0:19],[0:19],[0:19],[7:11],[0:19],[0:19],[0:19],[0:19],[0:19],[6:11],1
[0:19],[0:19],[0:19],[0:19],[0:19],[0:19],[0:19],[0:19],[0:19],[0:19],[0:19],[0:19],[0:19],[7:11],[0:19],[0:19],[0:19],[0:19],[0:19],[6:11],1
[0:19],[0:19],[0:19],[0:19],[0:19],[0:19],[0:19],[0:19],[0:19],[0:19],[0:19],[0:19],[0:19],[0:6],[0:19],[0:19],[0:19],[0:19],[0:19],[6:11],0
[0:19],[0:19],[0:19],[0:19],[0:19],[0:19],[0:19],[0:19],[0:19],[0:19],[0:19],[0:19],[0:19],[7:11],[0:19],[0:19],[0:19],[0:19],[0:19],[6:11],1
[0:19],[0:19],[0:19],[0:19],[0:19],[0:19],[0:19],[0:19],[0:19],[0:19],[0:19],[0:19],[0:19],[0:6],[0:19],[0:19],[0:19],[0:19],[0:19],[12:15],0
[0:19],[0:19],[0:19],[0:19],[0:19],[0:19],[0:19],[0:19],[0:19],[0:19],[0:19],[0:19],[0:19],[7:11],[0:19],[0:19],[0:19],[0:19],[0:19],[6:11],1
[0:19],[0:19],[0:19],[0:19],[0:19],[0:19],[0:19],[0:19],[0:19],[0:19],[0:19],[0:19],[0:19],[0:6],[0:19],[0:19],[0:19],[0:19],[0:19],[3:5],0
[0:19],[0:19],[0:19],[0:19],[0:19],[0:19],[0:19],[0:19],[0:19],[0:19],[0:19],[0:19],[0:19],[7:11],[0:19],[0:19],[0:19],[0:19],[0:19],[6:11],1
[0:19],[0:19],[0:19],[0:19],[0:19],[0:19],[0:19],[0:19],[0:19],[0:19],[0:19],[0:19],[0:19],[7:11],[0:19],[0:19],[0:19],[0:19],[0:19],[6:11],1
[0:19],[0:19],[0:19],[0:19],[0:19],[0:19],[0:19],[0:19],[0:19],[0:19],[0:19],[0:19],[0:19],[7:11],[0:19],[0:19],[0:19],[0:19],[0:19],[6:11],0
[0:19],[0:19],[0:19],[0:19],[0:19],[0:19],[0:19],[0:19],[0:19],[0:19],[0:19],[0:19],[0:19],[7:11],[0:19],[0:19],[0:19],[0:19],[0:19],[12:15],1
[0:19],[0:19],[0:19],[0:19],[0:19],[0:19],[0:19],[0:19],[0:19],[0:19],[0:19],[0:19],[0:19],[7:11],[0:19],[0:19],[0:19],[0:19],[0:19],[6:11],1
[0:19],[0:19],[0:19],[0:19],[0:19],[0:19],[0:19],[0:19],[0:19],[0:19],[0:19],[0:19],[0:19],[12:14],[0:19],[0:19],[0:19],[0:19],[0:19],[6:11],0
[0:19],[0:19],[0:19],[0:19],[0:19],[0:19],[0:19],[0:19],[0:19],[0:19],[0:19],[0:19],[0:19],[7:11],[0:19],[0:19],[0:19],[0:19],[0:19],[12:15],0
[0:19],[0:19],[0:19],[0:19],[0:19],[0:19],[0:19],[0:19],[0:19],[0:19],[0:19],[0:19],[0:19],[7:11],[0:19],[0:19],[0:19],[0:19],[0:19],[6:11],1
[0:19],[0:19],[0:19],[0:19],[0:19],[0:19],[0:19],[0:19],[0:19],[0:19],[0:19],[0:19],[0:19],[12:14],[0:19],[0:19],[0:19],[0:19],[0:19],[6:11],1
[0:19],[0:19],[0:19],[0:19],[0:19],[0:19],[0:19],[0:19],[0:19],[0:19],[0:19],[0:19],[0:19],[7:11],[0:19],[0:19],[0:19],[0:19],[0:19],[6:11],1
[0:19],[0:19],[0:19],[0:19],[0:19],[0:19],[0:19],[0:19],[0:19],[0:19],[0:19],[0:19],[0:19],[7:11],[0:19],[0:19],[0:19],[0:19],[0:19],[6:11],1
[0:19],[0:19],[0:19],[0:19],[0:19],[0:19],[0:19],[0:19],[0:19],[0:19],[0:19],[0:19],[0:19],[7:11],[0:19],[0:19],[0:19],[0:19],[0:19],[6:11],1
[0:19],[0:19],[0:19],[0:19],[0:19],[0:19],[0:19],[0:19],[0:19],[0:19],[0:19],[0:19],[0:19],[7:11],[0:19],[0:19],[0:19],[0:19],[0:19],[6:11],1
[0:19],[0:19],[0:19],[0:19],[0:19],[0:19],[0:19],[0:19],[0:19],[0:19],[0:19],[0:19],[0:19],[7:11],[0:19],[0:19],[0:19],[0:19],[0:19],[6:11],0
[0:19],[0:19],[0:19],[0:19],[0:19],[0:19],[0:19],[0:19],[0:19],[0:19],[0:19],[0:19],[0:19],[12:14],[0:19],[0:19],[0:19],[0:19],[0:19],[6:11],0
[0:19],[0:19],[0:19],[0:19],[0:19],[0:19],[0:19],[0:19],[0:19],[0:19],[0:19],[0:19],[0:19],[7:11],[0:19],[0:19],[0:19],[0:19],[0:19],[6:11],0
[0:19],[0:19],[0:19],[0:19],[0:19],[0:19],[0:19],[0:19],[0:19],[0:19],[0:19],[0:19],[0:19],[12:14],[0:19],[0:19],[0:19],[0:19],[0:19],[6:11],0
[0:19],[0:19],[0:19],[0:19],[0:19],[0:19],[0:19],[0:19],[0:19],[0:19],[0:19],[0:19],[0:19],[12:14],[0:19],[0:19],[0:19],[0:19],[0:19],[3:5],0
[0:19],[0:19],[0:19],[0:19],[0:19],[0:19],[0:19],[0:19],[0:19],[0:19],[0:19],[0:19],[0:19],[7:11],[0:19],[0:19],[0:19],[0:19],[0:19],[12:15],0
[0:19],[0:19],[0:19],[0:19],[0:19],[0:19],[0:19],[0:19],[0:19],[0:19],[0:19],[0:19],[0:19],[7:11],[0:19],[0:19],[0:19],[0:19],[0:19],[6:11],0
[0:19],[0:19],[0:19],[0:19],[0:19],[0:19],[0:19],[0:19],[0:19],[0:19],[0:19],[0:19],[0:19],[7:11],[0:19],[0:19],[0:19],[0:19],[0:19],[6:11],1
[0:19],[0:19],[0:19],[0:19],[0:19],[0:19],[0:19],[0:19],[0:19],[0:19],[0:19],[0:19],[0:19],[7:11],[0:19],[0:19],[0:19],[0:19],[0:19],[6:11],1
[0:19],[0:19],[0:19],[0:19],[0:19],[0:19],[0:19],[0:19],[0:19],[0:19],[0:19],[0:19],[0:19],[0:6],[0:19],[0:19],[0:19],[0:19],[0:19],[6:11],0
[0:19],[0:19],[0:19],[0:19],[0:19],[0:19],[0:19],[0:19],[0:19],[0:19],[0:19],[0:19],[0:19],[12:14],[0:19],[0:19],[0:19],[0:19],[0:19],[6:11],0
[0:19],[0:19],[0:19],[0:19],[0:19],[0:19],[0:19],[0:19],[0:19],[0:19],[0:19],[0:19],[0:19],[7:11],[0:19],[0:19],[0:19],[0:19],[0:19],[6:11],0
[0:19],[0:19],[0:19],[0:19],[0:19],[0:19],[0:19],[0:19],[0:19],[0:19],[0:19],[0:19],[0:19],[7:11],[0:19],[0:19],[0:19],[0:19],[0:19],[12:15],1
[0:19],[0:19],[0:19],[0:19],[0:19],[0:19],[0:19],[0:19],[0:19],[0:19],[0:19],[0:19],[0:19],[7:11],[0:19],[0:19],[0:19],[0:19],[0:19],[12:15],0
[0:19],[0:19],[0:19],[0:19],[0:19],[0:19],[0:19],[0:19],[0:19],[0:19],[0:19],[0:19],[0:19],[7:11],[0:19],[0:19],[0:19],[0:19],[0:19],[12:15],0
[0:19],[0:19],[0:19],[0:19],[0:19],[0:19],[0:19],[0:19],[0:19],[0:19],[0:19],[0:19],[0:19],[7:11],[0:19],[0:19],[0:19],[0:19],[0:19],[6:11],1
[0:19],[0:19],[0:19],[0:19],[0:19],[0:19],[0:19],[0:19],[0:19],[0:19],[0:19],[0:19],[0:19],[7:11],[0:19],[0:19],[0:19],[0:19],[0:19],[6:11],1
[0:19],[0:19],[0:19],[0:19],[0:19],[0:19],[0:19],[0:19],[0:19],[0:19],[0:19],[0:19],[0:19],[7:11],[0:19],[0:19],[0:19],[0:19],[0:19],[6:11],0
[0:19],[0:19],[0:19],[0:19],[0:19],[0:19],[0:19],[0:19],[0:19],[0:19],[0:19],[0:19],[0:19],[7:11],[0:19],[0:19],[0:19],[0:19],[0:19],[6:11],1
[0:19],[0:19],[0:19],[0:19],[0:19],[0:19],[0:19],[0:19],[0:19],[0:19],[0:19],[0:19],[0:19],[12:14],[0:19],[0:19],[0:19],[0:19],[0:19],[6:11],1
[0:19],[0:19],[0:19],[0:19],[0:19],[0:19],[0:19],[0:19],[0:19],[0:19],[0:19],[0:19],[0:19],[7:11],[0:19],[0:19],[0:19],[0:19],[0:19],[6:11],0
[0:19],[0:19],[0:19],[0:19],[0:19],[0:19],[0:19],[0:19],[0:19],[0:19],[0:19],[0:19],[0:19],[7:11],[0:19],[0:19],[0:19],[0:19],[0:19],[12:15],0
[0:19],[0:19],[0:19],[0:19],[0:19],[0:19],[0:19],[0:19],[0:19],[0:19],[0:19],[0:19],[0:19],[7:11],[0:19],[0:19],[0:19],[0:19],[0:19],[12:15],1
[0:19],[0:19],[0:19],[0:19],[0:19],[0:19],[0:19],[0:19],[0:19],[0:19],[0:19],[0:19],[0:19],[12:14],[0:19],[0:19],[0:19],[0:19],[0:19],[6:11],1
[0:19],[0:19],[0:19],[0:19],[0:19],[0:19],[0:19],[0:19],[0:19],[0:19],[0:19],[0:19],[0:19],[12:14],[0:19],[0:19],[0:19],[0:19],[0:19],[6:11],0
[0:19],[0:19],[0:19],[0:19],[0:19],[0:19],[0:19],[0:19],[0:19],[0:19],[0:19],[0:19],[0:19],[7:11],[0:19],[0:19],[0:19],[0:19],[0:19],[6:11],0
[0:19],[0:19],[0:19],[0:19],[0:19],[0:19],[0:19],[0:19],[0:19],[0:19],[0:19],[0:19],[0:19],[7:11],[0:19],[0:19],[0:19],[0:19],[0:19],[6:11],0
[0:19],[0:19],[0:19],[0:19],[0:19],[0:19],[0:19],[0:19],[0:19],[0:19],[0:19],[0:19],[0:19],[7:11],[0:19],[0:19],[0:19],[0:19],[0:19],[6:11],0
[0:19],[0:19],[0:19],[0:19],[0:19],[0:19],[0:19],[0:19],[0:19],[0:19],[0:19],[0:19],[0:19],[7:11],[0:19],[0:19],[0:19],[0:19],[0:19],[6:11],0
[0:19],[0:19],[0:19],[0:19],[0:19],[0:19],[0:19],[0:19],[0:19],[0:19],[0:19],[0:19],[0:19],[7:11],[0:19],[0:19],[0:19],[0:19],[0:19],[6:11],0
[0:19],[0:19],[0:19],[0:19],[0:19],[0:19],[0:19],[0:19],[0:19],[0:19],[0:19],[0:19],[0:19],[7:11],[0:19],[0:19],[0:19],[0:19],[0:19],[12:15],0
[0:19],[0:19],[0:19],[0:19],[0:19],[0:19],[0:19],[0:19],[0:19],[0:19],[0:19],[0:19],[0:19],[7:11],[0:19],[0:19],[0:19],[0:19],[0:19],[6:11],0
[0:19],[0:19],[0:19],[0:19],[0:19],[0:19],[0:19],[0:19],[0:19],[0:19],[0:19],[0:19],[0:19],[12:14],[0:19],[0:19],[0:19],[0:19],[0:19],[6:11],0
[0:19],[0:19],[0:19],[0:19],[0:19],[0:19],[0:19],[0:19],[0:19],[0:19],[0:19],[0:19],[0:19],[7:11],[0:19],[0:19],[0:19],[0:19],[0:19],[6:11],1
[0:19],[0:19],[0:19],[0:19],[0:19],[0:19],[0:19],[0:19],[0:19],[0:19],[0:19],[0:19],[0:19],[7:11],[0:19],[0:19],[0:19],[0:19],[0:19],[6:11],0
[0:19],[0:19],[0:19],[0:19],[0:19],[0:19],[0:19],[0:19],[0:19],[0:19],[0:19],[0:19],[0:19],[7:11],[0:19],[0:19],[0:19],[0:19],[0:19],[6:11],1
[0:19],[0:19],[0:19],[0:19],[0:19],[0:19],[0:19],[0:19],[0:19],[0:19],[0:19],[0:19],[0:19],[7:11],[0:19],[0:19],[0:19],[0:19],[0:19],[6:11],1
[0:19],[0:19],[0:19],[0:19],[0:19],[0:19],[0:19],[0:19],[0:19],[0:19],[0:19],[0:19],[0:19],[12:14],[0:19],[0:19],[0:19],[0:19],[0:19],[0:2],0
[0:19],[0:19],[0:19],[0:19],[0:19],[0:19],[0:19],[0:19],[0:19],[0:19],[0:19],[0:19],[0:19],[7:11],[0:19],[0:19],[0:19],[0:19],[0:19],[12:15],1
[0:19],[0:19],[0:19],[0:19],[0:19],[0:19],[0:19],[0:19],[0:19],[0:19],[0:19],[0:19],[0:19],[12:14],[0:19],[0:19],[0:19],[0:19],[0:19],[6:11],0
[0:19],[0:19],[0:19],[0:19],[0:19],[0:19],[0:19],[0:19],[0:19],[0:19],[0:19],[0:19],[0:19],[12:14],[0:19],[0:19],[0:19],[0:19],[0:19],[12:15],0
[0:19],[0:19],[0:19],[0:19],[0:19],[0:19],[0:19],[0:19],[0:19],[0:19],[0:19],[0:19],[0:19],[7:11],[0:19],[0:19],[0:19],[0:19],[0:19],[6:11],0
[0:19],[0:19],[0:19],[0:19],[0:19],[0:19],[0:19],[0:19],[0:19],[0:19],[0:19],[0:19],[0:19],[12:14],[0:19],[0:19],[0:19],[0:19],[0:19],[6:11],1
[0:19],[0:19],[0:19],[0:19],[0:19],[0:19],[0:19],[0:19],[0:19],[0:19],[0:19],[0:19],[0:19],[7:11],[0:19],[0:19],[0:19],[0:19],[0:19],[6:11],0
[0:19],[0:19],[0:19],[0:19],[0:19],[0:19],[0:19],[0:19],[0:19],[0:19],[0:19],[0:19],[0:19],[7:11],[0:19],[0:19],[0:19],[0:19],[0:19],[6:11],0
[0:19],[0:19],[0:19],[0:19],[0:19],[0:19],[0:19],[0:19],[0:19],[0:19],[0:19],[0:19],[0:19],[12:14],[0:19],[0:19],[0:19],[0:19],[0:19],[6:11],1
[0:19],[0:19],[0:19],[0:19],[0:19],[0:19],[0:19],[0:19],[0:19],[0:19],[0:19],[0:19],[0:19],[12:14],[0:19],[0:19],[0:19],[0:19],[0:19],[6:11],0
[0:19],[0:19],[0:19],[0:19],[0:19],[0:19],[0:19],[0:19],[0:19],[0:19],[0:19],[0:19],[0:19],[7:11],[0:19],[0:19],[0:19],[0:19],[0:19],[6:11],0
[0:19],[0:19],[0:19],[0:19],[0:19],[0:19],[0:19],[0:19],[0:19],[0:19],[0:19],[0:19],[0:19],[7:11],[0:19],[0:19],[0:19],[0:19],[0:19],[6:11],0
[0:19],[0:19],[0:19],[0:19],[0:19],[0:19],[0:19],[0:19],[0:19],[0:19],[0:19],[0:19],[0:19],[7:11],[0:19],[0:19],[0:19],[0:19],[0:19],[6:11],1
[0:19],[0:19],[0:19],[0:19],[0:19],[0:19],[0:19],[0:19],[0:19],[0:19],[0:19],[0:19],[0:19],[7:11],[0:19],[0:19],[0:19],[0:19],[0:19],[3:5],0
[0:19],[0:19],[0:19],[0:19],[0:19],[0:19],[0:19],[0:19],[0:19],[0:19],[0:19],[0:19],[0:19],[7:11],[0:19],[0:19],[0:19],[0:19],[0:19],[6:11],1
[0:19],[0:19],[0:19],[0:19],[0:19],[0:19],[0:19],[0:19],[0:19],[0:19],[0:19],[0:19],[0:19],[0:6],[0:19],[0:19],[0:19],[0:19],[0:19],[6:11],0
[0:19],[0:19],[0:19],[0:19],[0:19],[0:19],[0:19],[0:19],[0:19],[0:19],[0:19],[0:19],[0:19],[0:6],[0:19],[0:19],[0:19],[0:19],[0:19],[6:11],0
[0:19],[0:19],[0:19],[0:19],[0:19],[0:19],[0:19],[0:19],[0:19],[0:19],[0:19],[0:19],[0:19],[7:11],[0:19],[0:19],[0:19],[0:19],[0:19],[6:11],1
[0:19],[0:19],[0:19],[0:19],[0:19],[0:19],[0:19],[0:19],[0:19],[0:19],[0:19],[0:19],[0:19],[12:14],[0:19],[0:19],[0:19],[0:19],[0:19],[6:11],0
[0:19],[0:19],[0:19],[0:19],[0:19],[0:19],[0:19],[0:19],[0:19],[0:19],[0:19],[0:19],[0:19],[7:11],[0:19],[0:19],[0:19],[0:19],[0:19],[6:11],0
[0:19],[0:19],[0:19],[0:19],[0:19],[0:19],[0:19],[0:19],[0:19],[0:19],[0:19],[0:19],[0:19],[7:11],[0:19],[0:19],[0:19],[0:19],[0:19],[6:11],1
[0:19],[0:19],[0:19],[0:19],[0:19],[0:19],[0:19],[0:19],[0:19],[0:19],[0:19],[0:19],[0:19],[7:11],[0:19],[0:19],[0:19],[0:19],[0:19],[6:11],1
[0:19],[0:19],[0:19],[0:19],[0:19],[0:19],[0:19],[0:19],[0:19],[0:19],[0:19],[0:19],[0:19],[12:14],[0:19],[0:19],[0:19],[0:19],[0:19],[6:11],0
[0:19],[0:19],[0:19],[0:19],[0:19],[0:19],[0:19],[0:19],[0:19],[0:19],[0:19],[0:19],[0:19],[12:14],[0:19],[0:19],[0:19],[0:19],[0:19],[6:11],0
[0:19],[0:19],[0:19],[0:19],[0:19],[0:19],[0:19],[0:19],[0:19],[0:19],[0:19],[0:19],[0:19],[7:11],[0:19],[0:19],[0:19],[0:19],[0:19],[6:11],0
[0:19],[0:19],[0:19],[0:19],[0:19],[0:19],[0:19],[0:19],[0:19],[0:19],[0:19],[0:19],[0:19],[0:6],[0:19],[0:19],[0:19],[0:19],[0:19],[6:11],0
[0:19],[0:19],[0:19],[0:19],[0:19],[0:19],[0:19],[0:19],[0:19],[0:19],[0:19],[0:19],[0:19],[0:6],[0:19],[0:19],[0:19],[0:19],[0:19],[6:11],0
[0:19],[0:19],[0:19],[0:19],[0:19],[0:19],[0:19],[0:19],[0:19],[0:19],[0:19],[0:19],[0:19],[7:11],[0:19],[0:19],[0:19],[0:19],[0:19],[6:11],0
[0:19],[0:19],[0:19],[0:19],[0:19],[0:19],[0:19],[0:19],[0:19],[0:19],[0:19],[0:19],[0:19],[7:11],[0:19],[0:19],[0:19],[0:19],[0:19],[6:11],0
[0:19],[0:19],[0:19],[0:19],[0:19],[0:19],[0:19],[0:19],[0:19],[0:19],[0:19],[0:19],[0:19],[7:11],[0:19],[0:19],[0:19],[0:19],[0:19],[6:11],0
[0:19],[0:19],[0:19],[0:19],[0:19],[0:19],[0:19],[0:19],[0:19],[0:19],[0:19],[0:19],[0:19],[0:6],[0:19],[0:19],[0:19],[0:19],[0:19],[6:11],0
[0:19],[0:19],[0:19],[0:19],[0:19],[0:19],[0:19],[0:19],[0:19],[0:19],[0:19],[0:19],[0:19],[7:11],[0:19],[0:19],[0:19],[0:19],[0:19],[6:11],0
[0:19],[0:19],[0:19],[0:19],[0:19],[0:19],[0:19],[0:19],[0:19],[0:19],[0:19],[0:19],[0:19],[7:11],[0:19],[0:19],[0:19],[0:19],[0:19],[6:11],0
[0:19],[0:19],[0:19],[0:19],[0:19],[0:19],[0:19],[0:19],[0:19],[0:19],[0:19],[0:19],[0:19],[7:11],[0:19],[0:19],[0:19],[0:19],[0:19],[6:11],1
[0:19],[0:19],[0:19],[0:19],[0:19],[0:19],[0:19],[0:19],[0:19],[0:19],[0:19],[0:19],[0:19],[7:11],[0:19],[0:19],[0:19],[0:19],[0:19],[6:11],0
[0:19],[0:19],[0:19],[0:19],[0:19],[0:19],[0:19],[0:19],[0:19],[0:19],[0:19],[0:19],[0:19],[7:11],[0:19],[0:19],[0:19],[0:19],[0:19],[6:11],0
[0:19],[0:19],[0:19],[0:19],[0:19],[0:19],[0:19],[0:19],[0:19],[0:19],[0:19],[0:19],[0:19],[7:11],[0:19],[0:19],[0:19],[0:19],[0:19],[6:11],0
[0:19],[0:19],[0:19],[0:19],[0:19],[0:19],[0:19],[0:19],[0:19],[0:19],[0:19],[0:19],[0:19],[7:11],[0:19],[0:19],[0:19],[0:19],[0:19],[6:11],0
[0:19],[0:19],[0:19],[0:19],[0:19],[0:19],[0:19],[0:19],[0:19],[0:19],[0:19],[0:19],[0:19],[7:11],[0:19],[0:19],[0:19],[0:19],[0:19],[6:11],1
[0:19],[0:19],[0:19],[0:19],[0:19],[0:19],[0:19],[0:19],[0:19],[0:19],[0:19],[0:19],[0:19],[12:14],[0:19],[0:19],[0:19],[0:19],[0:19],[6:11],0
[0:19],[0:19],[0:19],[0:19],[0:19],[0:19],[0:19],[0:19],[0:19],[0:19],[0:19],[0:19],[0:19],[12:14],[0:19],[0:19],[0:19],[0:19],[0:19],[6:11],1
[0:19],[0:19],[0:19],[0:19],[0:19],[0:19],[0:19],[0:19],[0:19],[0:19],[0:19],[0:19],[0:19],[7:11],[0:19],[0:19],[0:19],[0:19],[0:19],[6:11],0
[0:19],[0:19],[0:19],[0:19],[0:19],[0:19],[0:19],[0:19],[0:19],[0:19],[0:19],[0:19],[0:19],[7:11],[0:19],[0:19],[0:19],[0:19],[0:19],[6:11],0
[0:19],[0:19],[0:19],[0:19],[0:19],[0:19],[0:19],[0:19],[0:19],[0:19],[0:19],[0:19],[0:19],[12:14],[0:19],[0:19],[0:19],[0:19],[0:19],[6:11],1
[0:19],[0:19],[0:19],[0:19],[0:19],[0:19],[0:19],[0:19],[0:19],[0:19],[0:19],[0:19],[0:19],[7:11],[0:19],[0:19],[0:19],[0:19],[0:19],[6:11],1
[0:19],[0:19],[0:19],[0:19],[0:19],[0:19],[0:19],[0:19],[0:19],[0:19],[0:19],[0:19],[0:19],[7:11],[0:19],[0:19],[0:19],[0:19],[0:19],[12:15],1
[0:19],[0:19],[0:19],[0:19],[0:19],[0:19],[0:19],[0:19],[0:19],[0:19],[0:19],[0:19],[0:19],[7:11],[0:19],[0:19],[0:19],[0:19],[0:19],[6:11],1
[0:19],[0:19],[0:19],[0:19],[0:19],[0:19],[0:19],[0:19],[0:19],[0:19],[0:19],[0:19],[0:19],[7:11],[0:19],[0:19],[0:19],[0:19],[0:19],[12:15],0
[0:19],[0:19],[0:19],[0:19],[0:19],[0:19],[0:19],[0:19],[0:19],[0:19],[0:19],[0:19],[0:19],[0:6],[0:19],[0:19],[0:19],[0:19],[0:19],[6:11],0
[0:19],[0:19],[0:19],[0:19],[0:19],[0:19],[0:19],[0:19],[0:19],[0:19],[0:19],[0:19],[0:19],[12:14],[0:19],[0:19],[0:19],[0:19],[0:19],[6:11],0
[0:19],[0:19],[0:19],[0:19],[0:19],[0:19],[0:19],[0:19],[0:19],[0:19],[0:19],[0:19],[0:19],[0:6],[0:19],[0:19],[0:19],[0:19],[0:19],[6:11],0
[0:19],[0:19],[0:19],[0:19],[0:19],[0:19],[0:19],[0:19],[0:19],[0:19],[0:19],[0:19],[0:19],[7:11],[0:19],[0:19],[0:19],[0:19],[0:19],[6:11],0
[0:19],[0:19],[0:19],[0:19],[0:19],[0:19],[0:19],[0:19],[0:19],[0:19],[0:19],[0:19],[0:19],[7:11],[0:19],[0:19],[0:19],[0:19],[0:19],[6:11],0
[0:19],[0:19],[0:19],[0:19],[0:19],[0:19],[0:19],[0:19],[0:19],[0:19],[0:19],[0:19],[0:19],[7:11],[0:19],[0:19],[0:19],[0:19],[0:19],[6:11],0
[0:19],[0:19],[0:19],[0:19],[0:19],[0:19],[0:19],[0:19],[0:19],[0:19],[0:19],[0:19],[0:19],[12:14],[0:19],[0:19],[0:19],[0:19],[0:19],[6:11],0
[0:19],[0:19],[0:19],[0:19],[0:19],[0:19],[0:19],[0:19],[0:19],[0:19],[0:19],[0:19],[0:19],[7:11],[0:19],[0:19],[0:19],[0:19],[0:19],[6:11],1
[0:19],[0:19],[0:19],[0:19],[0:19],[0:19],[0:19],[0:19],[0:19],[0:19],[0:19],[0:19],[0:19],[7:11],[0:19],[0:19],[0:19],[0:19],[0:19],[6:11],0
[0:19],[0:19],[0:19],[0:19],[0:19],[0:19],[0:19],[0:19],[0:19],[0:19],[0:19],[0:19],[0:19],[7:11],[0:19],[0:19],[0:19],[0:19],[0:19],[12:15],1
[0:19],[0:19],[0:19],[0:19],[0:19],[0:19],[0:19],[0:19],[0:19],[0:19],[0:19],[0:19],[0:19],[12:14],[0:19],[0:19],[0:19],[0:19],[0:19],[6:11],1
[0:19],[0:19],[0:19],[0:19],[0:19],[0:19],[0:19],[0:19],[0:19],[0:19],[0:19],[0:19],[0:19],[7:11],[0:19],[0:19],[0:19],[0:19],[0:19],[6:11],1
[0:19],[0:19],[0:19],[0:19],[0:19],[0:19],[0:19],[0:19],[0:19],[0:19],[0:19],[0:19],[0:19],[7:11],[0:19],[0:19],[0:19],[0:19],[0:19],[3:5],0
[0:19],[0:19],[0:19],[0:19],[0:19],[0:19],[0:19],[0:19],[0:19],[0:19],[0:19],[0:19],[0:19],[12:14],[0:19],[0:19],[0:19],[0:19],[0:19],[6:11],1
[0:19],[0:19],[0:19],[0:19],[0:19],[0:19],[0:19],[0:19],[0:19],[0:19],[0:19],[0:19],[0:19],[7:11],[0:19],[0:19],[0:19],[0:19],[0:19],[6:11],0
[0:19],[0:19],[0:19],[0:19],[0:19],[0:19],[0:19],[0:19],[0:19],[0:19],[0:19],[0:19],[0:19],[7:11],[0:19],[0:19],[0:19],[0:19],[0:19],[6:11],1
[0:19],[0:19],[0:19],[0:19],[0:19],[0:19],[0:19],[0:19],[0:19],[0:19],[0:19],[0:19],[0:19],[12:14],[0:19],[0:19],[0:19],[0:19],[0:19],[6:11],0
[0:19],[0:19],[0:19],[0:19],[0:19],[0:19],[0:19],[0:19],[0:19],[0:19],[0:19],[0:19],[0:19],[7:11],[0:19],[0:19],[0:19],[0:19],[0:19],[6:11],1
[0:19],[0:19],[0:19],[0:19],[0:19],[0:19],[0:19],[0:19],[0:19],[0:19],[0:19],[0:19],[0:19],[0:6],[0:19],[0:19],[0:19],[0:19],[0:19],[12:15],0
[0:19],[0:19],[0:19],[0:19],[0:19],[0:19],[0:19],[0:19],[0:19],[0:19],[0:19],[0:19],[0:19],[7:11],[0:19],[0:19],[0:19],[0:19],[0:19],[3:5],0
[0:19],[0:19],[0:19],[0:19],[0:19],[0:19],[0:19],[0:19],[0:19],[0:19],[0:19],[0:19],[0:19],[7:11],[0:19],[0:19],[0:19],[0:19],[0:19],[6:11],0
[0:19],[0:19],[0:19],[0:19],[0:19],[0:19],[0:19],[0:19],[0:19],[0:19],[0:19],[0:19],[0:19],[12:14],[0:19],[0:19],[0:19],[0:19],[0:19],[12:15],0
[0:19],[0:19],[0:19],[0:19],[0:19],[0:19],[0:19],[0:19],[0:19],[0:19],[0:19],[0:19],[0:19],[12:14],[0:19],[0:19],[0:19],[0:19],[0:19],[3:5],0
[0:19],[0:19],[0:19],[0:19],[0:19],[0:19],[0:19],[0:19],[0:19],[0:19],[0:19],[0:19],[0:19],[7:11],[0:19],[0:19],[0:19],[0:19],[0:19],[6:11],1
[0:19],[0:19],[0:19],[0:19],[0:19],[0:19],[0:19],[0:19],[0:19],[0:19],[0:19],[0:19],[0:19],[7:11],[0:19],[0:19],[0:19],[0:19],[0:19],[6:11],0
[0:19],[0:19],[0:19],[0:19],[0:19],[0:19],[0:19],[0:19],[0:19],[0:19],[0:19],[0:19],[0:19],[7:11],[0:19],[0:19],[0:19],[0:19],[0:19],[6:11],1
[0:19],[0:19],[0:19],[0:19],[0:19],[0:19],[0:19],[0:19],[0:19],[0:19],[0:19],[0:19],[0:19],[7:11],[0:19],[0:19],[0:19],[0:19],[0:19],[6:11],1
[0:19],[0:19],[0:19],[0:19],[0:19],[0:19],[0:19],[0:19],[0:19],[0:19],[0:19],[0:19],[0:19],[7:11],[0:19],[0:19],[0:19],[0:19],[0:19],[6:11],1
[0:19],[0:19],[0:19],[0:19],[0:19],[0:19],[0:19],[0:19],[0:19],[0:19],[0:19],[0:19],[0:19],[12:14],[0:19],[0:19],[0:19],[0:19],[0:19],[6:11],0
[0:19],[0:19],[0:19],[0:19],[0:19],[0:19],[0:19],[0:19],[0:19],[0:19],[0:19],[0:19],[0:19],[7:11],[0:19],[0:19],[0:19],[0:19],[0:19],[6:11],1
[0:19],[0:19],[0:19],[0:19],[0:19],[0:19],[0:19],[0:19],[0:19],[0:19],[0:19],[0:19],[0:19],[7:11],[0:19],[0:19],[0:19],[0:19],[0:19],[12:15],0
[0:19],[0:19],[0:19],[0:19],[0:19],[0:19],[0:19],[0:19],[0:19],[0:19],[0:19],[0:19],[0:19],[7:11],[0:19],[0:19],[0:19],[0:19],[0:19],[6:11],1
[0:19],[0:19],[0:19],[0:19],[0:19],[0:19],[0:19],[0:19],[0:19],[0:19],[0:19],[0:19],[0:19],[7:11],[0:19],[0:19],[0:19],[0:19],[0:19],[6:11],0
[0:19],[0:19],[0:19],[0:19],[0:19],[0:19],[0:19],[0:19],[0:19],[0:19],[0:19],[0:19],[0:19],[7:11],[0:19],[0:19],[0:19],[0:19],[0:19],[6:11],1
[0:19],[0:19],[0:19],[0:19],[0:19],[0:19],[0:19],[0:19],[0:19],[0:19],[0:19],[0:19],[0:19],[7:11],[0:19],[0:19],[0:19],[0:19],[0:19],[6:11],0
[0:19],[0:19],[0:19],[0:19],[0:19],[0:19],[0:19],[0:19],[0:19],[0:19],[0:19],[0:19],[0:19],[7:11],[0:19],[0:19],[0:19],[0:19],[0:19],[6:11],1
[0:19],[0:19],[0:19],[0:19],[0:19],[0:19],[0:19],[0:19],[0:19],[0:19],[0:19],[0:19],[0:19],[12:14],[0:19],[0:19],[0:19],[0:19],[0:19],[6:11],0
[0:19],[0:19],[0:19],[0:19],[0:19],[0:19],[0:19],[0:19],[0:19],[0:19],[0:19],[0:19],[0:19],[7:11],[0:19],[0:19],[0:19],[0:19],[0:19],[6:11],1
[0:19],[0:19],[0:19],[0:19],[0:19],[0:19],[0:19],[0:19],[0:19],[0:19],[0:19],[0:19],[0:19],[7:11],[0:19],[0:19],[0:19],[0:19],[0:19],[6:11],0
[0:19],[0:19],[0:19],[0:19],[0:19],[0:19],[0:19],[0:19],[0:19],[0:19],[0:19],[0:19],[0:19],[12:14],[0:19],[0:19],[0:19],[0:19],[0:19],[6:11],0
[0:19],[0:19],[0:19],[0:19],[0:19],[0:19],[0:19],[0:19],[0:19],[0:19],[0:19],[0:19],[0:19],[7:11],[0:19],[0:19],[0:19],[0:19],[0:19],[6:11],1
[0:19],[0:19],[0:19],[0:19],[0:19],[0:19],[0:19],[0:19],[0:19],[0:19],[0:19],[0:19],[0:19],[7:11],[0:19],[0:19],[0:19],[0:19],[0:19],[6:11],1
[0:19],[0:19],[0:19],[0:19],[0:19],[0:19],[0:19],[0:19],[0:19],[0:19],[0:19],[0:19],[0:19],[7:11],[0:19],[0:19],[0:19],[0:19],[0:19],[6:11],1
[0:19],[0:19],[0:19],[0:19],[0:19],[0:19],[0:19],[0:19],[0:19],[0:19],[0:19],[0:19],[0:19],[7:11],[0:19],[0:19],[0:19],[0:19],[0:19],[6:11],1
[0:19],[0:19],[0:19],[0:19],[0:19],[0:19],[0:19],[0:19],[0:19],[0:19],[0:19],[0:19],[0:19],[7:11],[0:19],[0:19],[0:19],[0:19],[0:19],[6:11],0
[0:19],[0:19],[0:19],[0:19],[0:19],[0:19],[0:19],[0:19],[0:19],[0:19],[0:19],[0:19],[0:19],[12:14],[0:19],[0:19],[0:19],[0:19],[0:19],[6:11],0
[0:19],[0:19],[0:19],[0:19],[0:19],[0:19],[0:19],[0:19],[0:19],[0:19],[0:19],[0:19],[0:19],[7:11],[0:19],[0:19],[0:19],[0:19],[0:19],[6:11],0
[0:19],[0:19],[0:19],[0:19],[0:19],[0:19],[0:19],[0:19],[0:19],[0:19],[0:19],[0:19],[0:19],[7:11],[0:19],[0:19],[0:19],[0:19],[0:19],[6:11],1
[0:19],[0:19],[0:19],[0:19],[0:19],[0:19],[0:19],[0:19],[0:19],[0:19],[0:19],[0:19],[0:19],[7:11],[0:19],[0:19],[0:19],[0:19],[0:19],[6:11],0
[0:19],[0:19],[0:19],[0:19],[0:19],[0:19],[0:19],[0:19],[0:19],[0:19],[0:19],[0:19],[0:19],[7:11],[0:19],[0:19],[0:19],[0:19],[0:19],[6:11],1
[0:19],[0:19],[0:19],[0:19],[0:19],[0:19],[0:19],[0:19],[0:19],[0:19],[0:19],[0:19],[0:19],[7:11],[0:19],[0:19],[0:19],[0:19],[0:19],[6:11],1
[0:19],[0:19],[0:19],[0:19],[0:19],[0:19],[0:19],[0:19],[0:19],[0:19],[0:19],[0:19],[0:19],[0:6],[0:19],[0:19],[0:19],[0:19],[0:19],[12:15],0
[0:19],[0:19],[0:19],[0:19],[0:19],[0:19],[0:19],[0:19],[0:19],[0:19],[0:19],[0:19],[0:19],[7:11],[0:19],[0:19],[0:19],[0:19],[0:19],[6:11],0
[0:19],[0:19],[0:19],[0:19],[0:19],[0:19],[0:19],[0:19],[0:19],[0:19],[0:19],[0:19],[0:19],[7:11],[0:19],[0:19],[0:19],[0:19],[0:19],[6:11],1
[0:19],[0:19],[0:19],[0:19],[0:19],[0:19],[0:19],[0:19],[0:19],[0:19],[0:19],[0:19],[0:19],[12:14],[0:19],[0:19],[0:19],[0:19],[0:19],[12:15],0
[0:19],[0:19],[0:19],[0:19],[0:19],[0:19],[0:19],[0:19],[0:19],[0:19],[0:19],[0:19],[0:19],[7:11],[0:19],[0:19],[0:19],[0:19],[0:19],[6:11],0
[0:19],[0:19],[0:19],[0:19],[0:19],[0:19],[0:19],[0:19],[0:19],[0:19],[0:19],[0:19],[0:19],[7:11],[0:19],[0:19],[0:19],[0:19],[0:19],[6:11],1
[0:19],[0:19],[0:19],[0:19],[0:19],[0:19],[0:19],[0:19],[0:19],[0:19],[0:19],[0:19],[0:19],[7:11],[0:19],[0:19],[0:19],[0:19],[0:19],[6:11],1
[0:19],[0:19],[0:19],[0:19],[0:19],[0:19],[0:19],[0:19],[0:19],[0:19],[0:19],[0:19],[0:19],[7:11],[0:19],[0:19],[0:19],[0:19],[0:19],[6:11],1
[0:19],[0:19],[0:19],[0:19],[0:19],[0:19],[0:19],[0:19],[0:19],[0:19],[0:19],[0:19],[0:19],[7:11],[0:19],[0:19],[0:19],[0:19],[0:19],[12:15],1
[0:19],[0:19],[0:19],[0:19],[0:19],[0:19],[0:19],[0:19],[0:19],[0:19],[0:19],[0:19],[0:19],[7:11],[0:19],[0:19],[0:19],[0:19],[0:19],[6:11],0
[0:19],[0:19],[0:19],[0:19],[0:19],[0:19],[0:19],[0:19],[0:19],[0:19],[0:19],[0:19],[0:19],[7:11],[0:19],[0:19],[0:19],[0:19],[0:19],[6:11],1
[0:19],[0:19],[0:19],[0:19],[0:19],[0:19],[0:19],[0:19],[0:19],[0:19],[0:19],[0:19],[0:19],[7:11],[0:19],[0:19],[0:19],[0:19],[0:19],[6:11],0
[0:19],[0:19],[0:19],[0:19],[0:19],[0:19],[0:19],[0:19],[0:19],[0:19],[0:19],[0:19],[0:19],[12:14],[0:19],[0:19],[0:19],[0:19],[0:19],[6:11],1
[0:19],[0:19],[0:19],[0:19],[0:19],[0:19],[0:19],[0:19],[0:19],[0:19],[0:19],[0:19],[0:19],[7:11],[0:19],[0:19],[0:19],[0:19],[0:19],[12:15],0
[0:19],[0:19],[0:19],[0:19],[0:19],[0:19],[0:19],[0:19],[0:19],[0:19],[0:19],[0:19],[0:19],[7:11],[0:19],[0:19],[0:19],[0:19],[0:19],[6:11],0
[0:19],[0:19],[0:19],[0:19],[0:19],[0:19],[0:19],[0:19],[0:19],[0:19],[0:19],[0:19],[0:19],[7:11],[0:19],[0:19],[0:19],[0:19],[0:19],[6:11],1
[0:19],[0:19],[0:19],[0:19],[0:19],[0:19],[0:19],[0:19],[0:19],[0:19],[0:19],[0:19],[0:19],[7:11],[0:19],[0:19],[0:19],[0:19],[0:19],[6:11],1
[0:19],[0:19],[0:19],[0:19],[0:19],[0:19],[0:19],[0:19],[0:19],[0:19],[0:19],[0:19],[0:19],[12:14],[0:19],[0:19],[0:19],[0:19],[0:19],[6:11],0
[0:19],[0:19],[0:19],[0:19],[0:19],[0:19],[0:19],[0:19],[0:19],[0:19],[0:19],[0:19],[0:19],[7:11],[0:19],[0:19],[0:19],[0:19],[0:19],[6:11],1
[0:19],[0:19],[0:19],[0:19],[0:19],[0:19],[0:19],[0:19],[0:19],[0:19],[0:19],[0:19],[0:19],[7:11],[0:19],[0:19],[0:19],[0:19],[0:19],[6:11],1
[0:19],[0:19],[0:19],[0:19],[0:19],[0:19],[0:19],[0:19],[0:19],[0:19],[0:19],[0:19],[0:19],[7:11],[0:19],[0:19],[0:19],[0:19],[0:19],[6:11],1
[0:19],[0:19],[0:19],[0:19],[0:19],[0:19],[0:19],[0:19],[0:19],[0:19],[0:19],[0:19],[0:19],[0:6],[0:19],[0:19],[0:19],[0:19],[0:19],[6:11],0
[0:19],[0:19],[0:19],[0:19],[0:19],[0:19],[0:19],[0:19],[0:19],[0:19],[0:19],[0:19],[0:19],[7:11],[0:19],[0:19],[0:19],[0:19],[0:19],[16:19],0
[0:19],[0:19],[0:19],[0:19],[0:19],[0:19],[0:19],[0:19],[0:19],[0:19],[0:19],[0:19],[0:19],[7:11],[0:19],[0:19],[0:19],[0:19],[0:19],[6:11],1
[0:19],[0:19],[0:19],[0:19],[0:19],[0:19],[0:19],[0:19],[0:19],[0:19],[0:19],[0:19],[0:19],[7:11],[0:19],[0:19],[0:19],[0:19],[0:19],[6:11],1
[0:19],[0:19],[0:19],[0:19],[0:19],[0:19],[0:19],[0:19],[0:19],[0:19],[0:19],[0:19],[0:19],[0:6],[0:19],[0:19],[0:19],[0:19],[0:19],[6:11],0
[0:19],[0:19],[0:19],[0:19],[0:19],[0:19],[0:19],[0:19],[0:19],[0:19],[0:19],[0:19],[0:19],[7:11],[0:19],[0:19],[0:19],[0:19],[0:19],[6:11],0
[0:19],[0:19],[0:19],[0:19],[0:19],[0:19],[0:19],[0:19],[0:19],[0:19],[0:19],[0:19],[0:19],[7:11],[0:19],[0:19],[0:19],[0:19],[0:19],[6:11],1
[0:19],[0:19],[0:19],[0:19],[0:19],[0:19],[0:19],[0:19],[0:19],[0:19],[0:19],[0:19],[0:19],[7:11],[0:19],[0:19],[0:19],[0:19],[0:19],[6:11],1
[0:19],[0:19],[0:19],[0:19],[0:19],[0:19],[0:19],[0:19],[0:19],[0:19],[0:19],[0:19],[0:19],[7:11],[0:19],[0:19],[0:19],[0:19],[0:19],[6:11],1
[0:19],[0:19],[0:19],[0:19],[0:19],[0:19],[0:19],[0:19],[0:19],[0:19],[0:19],[0:19],[0:19],[7:11],[0:19],[0:19],[0:19],[0:19],[0:19],[0:2],0
[0:19],[0:19],[0:19],[0:19],[0:19],[0:19],[0:19],[0:19],[0:19],[0:19],[0:19],[0:19],[0:19],[7:11],[0:19],[0:19],[0:19],[0:19],[0:19],[12:15],0
[0:19],[0:19],[0:19],[0:19],[0:19],[0:19],[0:19],[0:19],[0:19],[0:19],[0:19],[0:19],[0:19],[7:11],[0:19],[0:19],[0:19],[0:19],[0:19],[6:11],0
[0:19],[0:19],[0:19],[0:19],[0:19],[0:19],[0:19],[0:19],[0:19],[0:19],[0:19],[0:19],[0:19],[7:11],[0:19],[0:19],[0:19],[0:19],[0:19],[6:11],1
[0:19],[0:19],[0:19],[0:19],[0:19],[0:19],[0:19],[0:19],[0:19],[0:19],[0:19],[0:19],[0:19],[12:14],[0:19],[0:19],[0:19],[0:19],[0:19],[6:11],1
[0:19],[0:19],[0:19],[0:19],[0:19],[0:19],[0:19],[0:19],[0:19],[0:19],[0:19],[0:19],[0:19],[12:14],[0:19],[0:19],[0:19],[0:19],[0:19],[6:11],1
[0:19],[0:19],[0:19],[0:19],[0:19],[0:19],[0:19],[0:19],[0:19],[0:19],[0:19],[0:19],[0:19],[7:11],[0:19],[0:19],[0:19],[0:19],[0:19],[6:11],0
[0:19],[0:19],[0:19],[0:19],[0:19],[0:19],[0:19],[0:19],[0:19],[0:19],[0:19],[0:19],[0:19],[7:11],[0:19],[0:19],[0:19],[0:19],[0:19],[6:11],1
[0:19],[0:19],[0:19],[0:19],[0:19],[0:19],[0:19],[0:19],[0:19],[0:19],[0:19],[0:19],[0:19],[7:11],[0:19],[0:19],[0:19],[0:19],[0:19],[16:19],0
[0:19],[0:19],[0:19],[0:19],[0:19],[0:19],[0:19],[0:19],[0:19],[0:19],[0:19],[0:19],[0:19],[7:11],[0:19],[0:19],[0:19],[0:19],[0:19],[6:11],1
[0:19],[0:19],[0:19],[0:19],[0:19],[0:19],[0:19],[0:19],[0:19],[0:19],[0:19],[0:19],[0:19],[7:11],[0:19],[0:19],[0:19],[0:19],[0:19],[6:11],0
[0:19],[0:19],[0:19],[0:19],[0:19],[0:19],[0:19],[0:19],[0:19],[0:19],[0:19],[0:19],[0:19],[7:11],[0:19],[0:19],[0:19],[0:19],[0:19],[6:11],1
[0:19],[0:19],[0:19],[0:19],[0:19],[0:19],[0:19],[0:19],[0:19],[0:19],[0:19],[0:19],[0:19],[7:11],[0:19],[0:19],[0:19],[0:19],[0:19],[6:11],1
[0:19],[0:19],[0:19],[0:19],[0:19],[0:19],[0:19],[0:19],[0:19],[0:19],[0:19],[0:19],[0:19],[7:11],[0:19],[0:19],[0:19],[0:19],[0:19],[6:11],1
[0:19],[0:19],[0:19],[0:19],[0:19],[0:19],[0:19],[0:19],[0:19],[0:19],[0:19],[0:19],[0:19],[0:6],[0:19],[0:19],[0:19],[0:19],[0:19],[6:11],0
[0:19],[0:19],[0:19],[0:19],[0:19],[0:19],[0:19],[0:19],[0:19],[0:19],[0:19],[0:19],[0:19],[7:11],[0:19],[0:19],[0:19],[0:19],[0:19],[6:11],1
[0:19],[0:19],[0:19],[0:19],[0:19],[0:19],[0:19],[0:19],[0:19],[0:19],[0:19],[0:19],[0:19],[7:11],[0:19],[0:19],[0:19],[0:19],[0:19],[6:11],0
[0:19],[0:19],[0:19],[0:19],[0:19],[0:19],[0:19],[0:19],[0:19],[0:19],[0:19],[0:19],[0:19],[7:11],[0:19],[0:19],[0:19],[0:19],[0:19],[6:11],0
[0:19],[0:19],[0:19],[0:19],[0:19],[0:19],[0:19],[0:19],[0:19],[0:19],[0:19],[0:19],[0:19],[7:11],[0:19],[0:19],[0:19],[0:19],[0:19],[6:11],1
[0:19],[0:19],[0:19],[0:19],[0:19],[0:19],[0:19],[0:19],[0:19],[0:19],[0:19],[0:19],[0:19],[7:11],[0:19],[0:19],[0:19],[0:19],[0:19],[6:11],1
[0:19],[0:19],[0:19],[0:19],[0:19],[0:19],[0:19],[0:19],[0:19],[0:19],[0:19],[0:19],[0:19],[7:11],[0:19],[0:19],[0:19],[0:19],[0:19],[6:11],1
[0:19],[0:19],[0:19],[0:19],[0:19],[0:19],[0:19],[0:19],[0:19],[0:19],[0:19],[0:19],[0:19],[12:14],[0:19],[0:19],[0:19],[0:19],[0:19],[6:11],0
[0:19],[0:19],[0:19],[0:19],[0:19],[0:19],[0:19],[0:19],[0:19],[0:19],[0:19],[0:19],[0:19],[7:11],[0:19],[0:19],[0:19],[0:19],[0:19],[6:11],0
[0:19],[0:19],[0:19],[0:19],[0:19],[0:19],[0:19],[0:19],[0:19],[0:19],[0:19],[0:19],[0:19],[12:14],[0:19],[0:19],[0:19],[0:19],[0:19],[6:11],0
[0:19],[0:19],[0:19],[0:19],[0:19],[0:19],[0:19],[0:19],[0:19],[0:19],[0:19],[0:19],[0:19],[7:11],[0:19],[0:19],[0:19],[0:19],[0:19],[6:11],1
[0:19],[0:19],[0:19],[0:19],[0:19],[0:19],[0:19],[0:19],[0:19],[0:19],[0:19],[0:19],[0:19],[7:11],[0:19],[0:19],[0:19],[0:19],[0:19],[6:11],1
[0:19],[0:19],[0:19],[0:19],[0:19],[0:19],[0:19],[0:19],[0:19],[0:19],[0:19],[0:19],[0:19],[7:11],[0:19],[0:19],[0:19],[0:19],[0:19],[6:11],1
[0:19],[0:19],[0:19],[0:19],[0:19],[0:19],[0:19],[0:19],[0:19],[0:19],[0:19],[0:19],[0:19],[12:14],[0:19],[0:19],[0:19],[0:19],[0:19],[6:11],0
[0:19],[0:19],[0:19],[0:19],[0:19],[0:19],[0:19],[0:19],[0:19],[0:19],[0:19],[0:19],[0:19],[7:11],[0:19],[0:19],[0:19],[0:19],[0:19],[6:11],0
[0:19],[0:19],[0:19],[0:19],[0:19],[0:19],[0:19],[0:19],[0:19],[0:19],[0:19],[0:19],[0:19],[12:14],[0:19],[0:19],[0:19],[0:19],[0:19],[6:11],1
[0:19],[0:19],[0:19],[0:19],[0:19],[0:19],[0:19],[0:19],[0:19],[0:19],[0:19],[0:19],[0:19],[7:11],[0:19],[0:19],[0:19],[0:19],[0:19],[6:11],0
[0:19],[0:19],[0:19],[0:19],[0:19],[0:19],[0:19],[0:19],[0:19],[0:19],[0:19],[0:19],[0:19],[12:14],[0:19],[0:19],[0:19],[0:19],[0:19],[6:11],0
[0:19],[0:19],[0:19],[0:19],[0:19],[0:19],[0:19],[0:19],[0:19],[0:19],[0:19],[0:19],[0:19],[12:14],[0:19],[0:19],[0:19],[0:19],[0:19],[6:11],1
[0:19],[0:19],[0:19],[0:19],[0:19],[0:19],[0:19],[0:19],[0:19],[0:19],[0:19],[0:19],[0:19],[7:11],[0:19],[0:19],[0:19],[0:19],[0:19],[6:11],1
[0:19],[0:19],[0:19],[0:19],[0:19],[0:19],[0:19],[0:19],[0:19],[0:19],[0:19],[0:19],[0:19],[7:11],[0:19],[0:19],[0:19],[0:19],[0:19],[6:11],1
[0:19],[0:19],[0:19],[0:19],[0:19],[0:19],[0:19],[0:19],[0:19],[0:19],[0:19],[0:19],[0:19],[7:11],[0:19],[0:19],[0:19],[0:19],[0:19],[6:11],1
[0:19],[0:19],[0:19],[0:19],[0:19],[0:19],[0:19],[0:19],[0:19],[0:19],[0:19],[0:19],[0:19],[7:11],[0:19],[0:19],[0:19],[0:19],[0:19],[6:11],0
[0:19],[0:19],[0:19],[0:19],[0:19],[0:19],[0:19],[0:19],[0:19],[0:19],[0:19],[0:19],[0:19],[7:11],[0:19],[0:19],[0:19],[0:19],[0:19],[6:11],1
[0:19],[0:19],[0:19],[0:19],[0:19],[0:19],[0:19],[0:19],[0:19],[0:19],[0:19],[0:19],[0:19],[7:11],[0:19],[0:19],[0:19],[0:19],[0:19],[6:11],1
[0:19],[0:19],[0:19],[0:19],[0:19],[0:19],[0:19],[0:19],[0:19],[0:19],[0:19],[0:19],[0:19],[7:11],[0:19],[0:19],[0:19],[0:19],[0:19],[6:11],0
[0:19],[0:19],[0:19],[0:19],[0:19],[0:19],[0:19],[0:19],[0:19],[0:19],[0:19],[0:19],[0:19],[7:11],[0:19],[0:19],[0:19],[0:19],[0:19],[6:11],0
[0:19],[0:19],[0:19],[0:19],[0:19],[0:19],[0:19],[0:19],[0:19],[0:19],[0:19],[0:19],[0:19],[7:11],[0:19],[0:19],[0:19],[0:19],[0:19],[6:11],1
[0:19],[0:19],[0:19],[0:19],[0:19],[0:19],[0:19],[0:19],[0:19],[0:19],[0:19],[0:19],[0:19],[7:11],[0:19],[0:19],[0:19],[0:19],[0:19],[6:11],1
[0:19],[0:19],[0:19],[0:19],[0:19],[0:19],[0:19],[0:19],[0:19],[0:19],[0:19],[0:19],[0:19],[0:6],[0:19],[0:19],[0:19],[0:19],[0:19],[6:11],0
[0:19],[0:19],[0:19],[0:19],[0:19],[0:19],[0:19],[0:19],[0:19],[0:19],[0:19],[0:19],[0:19],[7:11],[0:19],[0:19],[0:19],[0:19],[0:19],[6:11],0
[0:19],[0:19],[0:19],[0:19],[0:19],[0:19],[0:19],[0:19],[0:19],[0:19],[0:19],[0:19],[0:19],[7:11],[0:19],[0:19],[0:19],[0:19],[0:19],[6:11],0
[0:19],[0:19],[0:19],[0:19],[0:19],[0:19],[0:19],[0:19],[0:19],[0:19],[0:19],[0:19],[0:19],[7:11],[0:19],[0:19],[0:19],[0:19],[0:19],[6:11],0
[0:19],[0:19],[0:19],[0:19],[0:19],[0:19],[0:19],[0:19],[0:19],[0:19],[0:19],[0:19],[0:19],[7:11],[0:19],[0:19],[0:19],[0:19],[0:19],[6:11],0
[0:19],[0:19],[0:19],[0:19],[0:19],[0:19],[0:19],[0:19],[0:19],[0:19],[0:19],[0:19],[0:19],[7:11],[0:19],[0:19],[0:19],[0:19],[0:19],[6:11],0
[0:19],[0:19],[0:19],[0:19],[0:19],[0:19],[0:19],[0:19],[0:19],[0:19],[0:19],[0:19],[0:19],[7:11],[0:19],[0:19],[0:19],[0:19],[0:19],[6:11],1
[0:19],[0:19],[0:19],[0:19],[0:19],[0:19],[0:19],[0:19],[0:19],[0:19],[0:19],[0:19],[0:19],[0:6],[0:19],[0:19],[0:19],[0:19],[0:19],[6:11],0
[0:19],[0:19],[0:19],[0:19],[0:19],[0:19],[0:19],[0:19],[0:19],[0:19],[0:19],[0:19],[0:19],[7:11],[0:19],[0:19],[0:19],[0:19],[0:19],[6:11],1
[0:19],[0:19],[0:19],[0:19],[0:19],[0:19],[0:19],[0:19],[0:19],[0:19],[0:19],[0:19],[0:19],[7:11],[0:19],[0:19],[0:19],[0:19],[0:19],[6:11],1
[0:19],[0:19],[0:19],[0:19],[0:19],[0:19],[0:19],[0:19],[0:19],[0:19],[0:19],[0:19],[0:19],[0:6],[0:19],[0:19],[0:19],[0:19],[0:19],[6:11],0
[0:19],[0:19],[0:19],[0:19],[0:19],[0:19],[0:19],[0:19],[0:19],[0:19],[0:19],[0:19],[0:19],[12:14],[0:19],[0:19],[0:19],[0:19],[0:19],[6:11],1
[0:19],[0:19],[0:19],[0:19],[0:19],[0:19],[0:19],[0:19],[0:19],[0:19],[0:19],[0:19],[0:19],[7:11],[0:19],[0:19],[0:19],[0:19],[0:19],[6:11],1
[0:19],[0:19],[0:19],[0:19],[0:19],[0:19],[0:19],[0:19],[0:19],[0:19],[0:19],[0:19],[0:19],[7:11],[0:19],[0:19],[0:19],[0:19],[0:19],[6:11],1
[0:19],[0:19],[0:19],[0:19],[0:19],[0:19],[0:19],[0:19],[0:19],[0:19],[0:19],[0:19],[0:19],[7:11],[0:19],[0:19],[0:19],[0:19],[0:19],[6:11],0
[0:19],[0:19],[0:19],[0:19],[0:19],[0:19],[0:19],[0:19],[0:19],[0:19],[0:19],[0:19],[0:19],[12:14],[0:19],[0:19],[0:19],[0:19],[0:19],[6:11],1
[0:19],[0:19],[0:19],[0:19],[0:19],[0:19],[0:19],[0:19],[0:19],[0:19],[0:19],[0:19],[0:19],[7:11],[0:19],[0:19],[0:19],[0:19],[0:19],[6:11],1
[0:19],[0:19],[0:19],[0:19],[0:19],[0:19],[0:19],[0:19],[0:19],[0:19],[0:19],[0:19],[0:19],[7:11],[0:19],[0:19],[0:19],[0:19],[0:19],[12:15],1
[0:19],[0:19],[0:19],[0:19],[0:19],[0:19],[0:19],[0:19],[0:19],[0:19],[0:19],[0:19],[0:19],[7:11],[0:19],[0:19],[0:19],[0:19],[0:19],[6:11],1
[0:19],[0:19],[0:19],[0:19],[0:19],[0:19],[0:19],[0:19],[0:19],[0:19],[0:19],[0:19],[0:19],[7:11],[0:19],[0:19],[0:19],[0:19],[0:19],[6:11],0
[0:19],[0:19],[0:19],[0:19],[0:19],[0:19],[0:19],[0:19],[0:19],[0:19],[0:19],[0:19],[0:19],[7:11],[0:19],[0:19],[0:19],[0:19],[0:19],[6:11],1
[0:19],[0:19],[0:19],[0:19],[0:19],[0:19],[0:19],[0:19],[0:19],[0:19],[0:19],[0:19],[0:19],[7:11],[0:19],[0:19],[0:19],[0:19],[0:19],[6:11],0
[0:19],[0:19],[0:19],[0:19],[0:19],[0:19],[0:19],[0:19],[0:19],[0:19],[0:19],[0:19],[0:19],[7:11],[0:19],[0:19],[0:19],[0:19],[0:19],[6:11],1
[0:19],[0:19],[0:19],[0:19],[0:19],[0:19],[0:19],[0:19],[0:19],[0:19],[0:19],[0:19],[0:19],[7:11],[0:19],[0:19],[0:19],[0:19],[0:19],[12:15],1
[0:19],[0:19],[0:19],[0:19],[0:19],[0:19],[0:19],[0:19],[0:19],[0:19],[0:19],[0:19],[0:19],[7:11],[0:19],[0:19],[0:19],[0:19],[0:19],[12:15],0
[0:19],[0:19],[0:19],[0:19],[0:19],[0:19],[0:19],[0:19],[0:19],[0:19],[0:19],[0:19],[0:19],[7:11],[0:19],[0:19],[0:19],[0:19],[0:19],[6:11],1
[0:19],[0:19],[0:19],[0:19],[0:19],[0:19],[0:19],[0:19],[0:19],[0:19],[0:19],[0:19],[0:19],[7:11],[0:19],[0:19],[0:19],[0:19],[0:19],[6:11],1
[0:19],[0:19],[0:19],[0:19],[0:19],[0:19],[0:19],[0:19],[0:19],[0:19],[0:19],[0:19],[0:19],[12:14],[0:19],[0:19],[0:19],[0:19],[0:19],[6:11],1
[0:19],[0:19],[0:19],[0:19],[0:19],[0:19],[0:19],[0:19],[0:19],[0:19],[0:19],[0:19],[0:19],[7:11],[0:19],[0:19],[0:19],[0:19],[0:19],[6:11],1
[0:19],[0:19],[0:19],[0:19],[0:19],[0:19],[0:19],[0:19],[0:19],[0:19],[0:19],[0:19],[0:19],[12:14],[0:19],[0:19],[0:19],[0:19],[0:19],[6:11],1
[0:19],[0:19],[0:19],[0:19],[0:19],[0:19],[0:19],[0:19],[0:19],[0:19],[0:19],[0:19],[0:19],[7:11],[0:19],[0:19],[0:19],[0:19],[0:19],[6:11],0
[0:19],[0:19],[0:19],[0:19],[0:19],[0:19],[0:19],[0:19],[0:19],[0:19],[0:19],[0:19],[0:19],[12:14],[0:19],[0:19],[0:19],[0:19],[0:19],[6:11],0
[0:19],[0:19],[0:19],[0:19],[0:19],[0:19],[0:19],[0:19],[0:19],[0:19],[0:19],[0:19],[0:19],[7:11],[0:19],[0:19],[0:19],[0:19],[0:19],[12:15],0
[0:19],[0:19],[0:19],[0:19],[0:19],[0:19],[0:19],[0:19],[0:19],[0:19],[0:19],[0:19],[0:19],[7:11],[0:19],[0:19],[0:19],[0:19],[0:19],[6:11],0
[0:19],[0:19],[0:19],[0:19],[0:19],[0:19],[0:19],[0:19],[0:19],[0:19],[0:19],[0:19],[0:19],[7:11],[0:19],[0:19],[0:19],[0:19],[0:19],[12:15],0
[0:19],[0:19],[0:19],[0:19],[0:19],[0:19],[0:19],[0:19],[0:19],[0:19],[0:19],[0:19],[0:19],[7:11],[0:19],[0:19],[0:19],[0:19],[0:19],[6:11],0
[0:19],[0:19],[0:19],[0:19],[0:19],[0:19],[0:19],[0:19],[0:19],[0:19],[0:19],[0:19],[0:19],[7:11],[0:19],[0:19],[0:19],[0:19],[0:19],[12:15],1
[0:19],[0:19],[0:19],[0:19],[0:19],[0:19],[0:19],[0:19],[0:19],[0:19],[0:19],[0:19],[0:19],[7:11],[0:19],[0:19],[0:19],[0:19],[0:19],[6:11],1
[0:19],[0:19],[0:19],[0:19],[0:19],[0:19],[0:19],[0:19],[0:19],[0:19],[0:19],[0:19],[0:19],[7:11],[0:19],[0:19],[0:19],[0:19],[0:19],[6:11],0
[0:19],[0:19],[0:19],[0:19],[0:19],[0:19],[0:19],[0:19],[0:19],[0:19],[0:19],[0:19],[0:19],[12:14],[0:19],[0:19],[0:19],[0:19],[0:19],[6:11],0
[0:19],[0:19],[0:19],[0:19],[0:19],[0:19],[0:19],[0:19],[0:19],[0:19],[0:19],[0:19],[0:19],[12:14],[0:19],[0:19],[0:19],[0:19],[0:19],[6:11],1
[0:19],[0:19],[0:19],[0:19],[0:19],[0:19],[0:19],[0:19],[0:19],[0:19],[0:19],[0:19],[0:19],[7:11],[0:19],[0:19],[0:19],[0:19],[0:19],[6:11],1
[0:19],[0:19],[0:19],[0:19],[0:19],[0:19],[0:19],[0:19],[0:19],[0:19],[0:19],[0:19],[0:19],[12:14],[0:19],[0:19],[0:19],[0:19],[0:19],[6:11],0
[0:19],[0:19],[0:19],[0:19],[0:19],[0:19],[0:19],[0:19],[0:19],[0:19],[0:19],[0:19],[0:19],[7:11],[0:19],[0:19],[0:19],[0:19],[0:19],[6:11],1
[0:19],[0:19],[0:19],[0:19],[0:19],[0:19],[0:19],[0:19],[0:19],[0:19],[0:19],[0:19],[0:19],[15:19],[0:19],[0:19],[0:19],[0:19],[0:19],[6:11],0
[0:19],[0:19],[0:19],[0:19],[0:19],[0:19],[0:19],[0:19],[0:19],[0:19],[0:19],[0:19],[0:19],[7:11],[0:19],[0:19],[0:19],[0:19],[0:19],[6:11],1
[0:19],[0:19],[0:19],[0:19],[0:19],[0:19],[0:19],[0:19],[0:19],[0:19],[0:19],[0:19],[0:19],[12:14],[0:19],[0:19],[0:19],[0:19],[0:19],[6:11],1
[0:19],[0:19],[0:19],[0:19],[0:19],[0:19],[0:19],[0:19],[0:19],[0:19],[0:19],[0:19],[0:19],[12:14],[0:19],[0:19],[0:19],[0:19],[0:19],[6:11],0
[0:19],[0:19],[0:19],[0:19],[0:19],[0:19],[0:19],[0:19],[0:19],[0:19],[0:19],[0:19],[0:19],[7:11],[0:19],[0:19],[0:19],[0:19],[0:19],[6:11],1
[0:19],[0:19],[0:19],[0:19],[0:19],[0:19],[0:19],[0:19],[0:19],[0:19],[0:19],[0:19],[0:19],[7:11],[0:19],[0:19],[0:19],[0:19],[0:19],[6:11],0
[0:19],[0:19],[0:19],[0:19],[0:19],[0:19],[0:19],[0:19],[0:19],[0:19],[0:19],[0:19],[0:19],[7:11],[0:19],[0:19],[0:19],[0:19],[0:19],[6:11],0
[0:19],[0:19],[0:19],[0:19],[0:19],[0:19],[0:19],[0:19],[0:19],[0:19],[0:19],[0:19],[0:19],[12:14],[0:19],[0:19],[0:19],[0:19],[0:19],[6:11],1
[0:19],[0:19],[0:19],[0:19],[0:19],[0:19],[0:19],[0:19],[0:19],[0:19],[0:19],[0:19],[0:19],[7:11],[0:19],[0:19],[0:19],[0:19],[0:19],[6:11],1
[0:19],[0:19],[0:19],[0:19],[0:19],[0:19],[0:19],[0:19],[0:19],[0:19],[0:19],[0:19],[0:19],[7:11],[0:19],[0:19],[0:19],[0:19],[0:19],[12:15],0
[0:19],[0:19],[0:19],[0:19],[0:19],[0:19],[0:19],[0:19],[0:19],[0:19],[0:19],[0:19],[0:19],[7:11],[0:19],[0:19],[0:19],[0:19],[0:19],[6:11],0
[0:19],[0:19],[0:19],[0:19],[0:19],[0:19],[0:19],[0:19],[0:19],[0:19],[0:19],[0:19],[0:19],[7:11],[0:19],[0:19],[0:19],[0:19],[0:19],[6:11],0
[0:19],[0:19],[0:19],[0:19],[0:19],[0:19],[0:19],[0:19],[0:19],[0:19],[0:19],[0:19],[0:19],[12:14],[0:19],[0:19],[0:19],[0:19],[0:19],[3:5],0
[0:19],[0:19],[0:19],[0:19],[0:19],[0:19],[0:19],[0:19],[0:19],[0:19],[0:19],[0:19],[0:19],[12:14],[0:19],[0:19],[0:19],[0:19],[0:19],[12:15],0
[0:19],[0:19],[0:19],[0:19],[0:19],[0:19],[0:19],[0:19],[0:19],[0:19],[0:19],[0:19],[0:19],[7:11],[0:19],[0:19],[0:19],[0:19],[0:19],[6:11],1
[0:19],[0:19],[0:19],[0:19],[0:19],[0:19],[0:19],[0:19],[0:19],[0:19],[0:19],[0:19],[0:19],[7:11],[0:19],[0:19],[0:19],[0:19],[0:19],[6:11],0
[0:19],[0:19],[0:19],[0:19],[0:19],[0:19],[0:19],[0:19],[0:19],[0:19],[0:19],[0:19],[0:19],[12:14],[0:19],[0:19],[0:19],[0:19],[0:19],[6:11],1
[0:19],[0:19],[0:19],[0:19],[0:19],[0:19],[0:19],[0:19],[0:19],[0:19],[0:19],[0:19],[0:19],[7:11],[0:19],[0:19],[0:19],[0:19],[0:19],[6:11],1
[0:19],[0:19],[0:19],[0:19],[0:19],[0:19],[0:19],[0:19],[0:19],[0:19],[0:19],[0:19],[0:19],[7:11],[0:19],[0:19],[0:19],[0:19],[0:19],[6:11],1
[0:19],[0:19],[0:19],[0:19],[0:19],[0:19],[0:19],[0:19],[0:19],[0:19],[0:19],[0:19],[0:19],[7:11],[0:19],[0:19],[0:19],[0:19],[0:19],[6:11],1
[0:19],[0:19],[0:19],[0:19],[0:19],[0:19],[0:19],[0:19],[0:19],[0:19],[0:19],[0:19],[0:19],[7:11],[0:19],[0:19],[0:19],[0:19],[0:19],[6:11],0
[0:19],[0:19],[0:19],[0:19],[0:19],[0:19],[0:19],[0:19],[0:19],[0:19],[0:19],[0:19],[0:19],[0:6],[0:19],[0:19],[0:19],[0:19],[0:19],[6:11],0
[0:19],[0:19],[0:19],[0:19],[0:19],[0:19],[0:19],[0:19],[0:19],[0:19],[0:19],[0:19],[0:19],[12:14],[0:19],[0:19],[0:19],[0:19],[0:19],[6:11],0
[0:19],[0:19],[0:19],[0:19],[0:19],[0:19],[0:19],[0:19],[0:19],[0:19],[0:19],[0:19],[0:19],[7:11],[0:19],[0:19],[0:19],[0:19],[0:19],[12:15],0
[0:19],[0:19],[0:19],[0:19],[0:19],[0:19],[0:19],[0:19],[0:19],[0:19],[0:19],[0:19],[0:19],[7:11],[0:19],[0:19],[0:19],[0:19],[0:19],[6:11],1
[0:19],[0:19],[0:19],[0:19],[0:19],[0:19],[0:19],[0:19],[0:19],[0:19],[0:19],[0:19],[0:19],[12:14],[0:19],[0:19],[0:19],[0:19],[0:19],[6:11],1
[0:19],[0:19],[0:19],[0:19],[0:19],[0:19],[0:19],[0:19],[0:19],[0:19],[0:19],[0:19],[0:19],[7:11],[0:19],[0:19],[0:19],[0:19],[0:19],[6:11],0
[0:19],[0:19],[0:19],[0:19],[0:19],[0:19],[0:19],[0:19],[0:19],[0:19],[0:19],[0:19],[0:19],[12:14],[0:19],[0:19],[0:19],[0:19],[0:19],[6:11],1
[0:19],[0:19],[0:19],[0:19],[0:19],[0:19],[0:19],[0:19],[0:19],[0:19],[0:19],[0:19],[0:19],[7:11],[0:19],[0:19],[0:19],[0:19],[0:19],[6:11],0
[0:19],[0:19],[0:19],[0:19],[0:19],[0:19],[0:19],[0:19],[0:19],[0:19],[0:19],[0:19],[0:19],[7:11],[0:19],[0:19],[0:19],[0:19],[0:19],[6:11],0
[0:19],[0:19],[0:19],[0:19],[0:19],[0:19],[0:19],[0:19],[0:19],[0:19],[0:19],[0:19],[0:19],[7:11],[0:19],[0:19],[0:19],[0:19],[0:19],[12:15],0
[0:19],[0:19],[0:19],[0:19],[0:19],[0:19],[0:19],[0:19],[0:19],[0:19],[0:19],[0:19],[0:19],[7:11],[0:19],[0:19],[0:19],[0:19],[0:19],[6:11],1
[0:19],[0:19],[0:19],[0:19],[0:19],[0:19],[0:19],[0:19],[0:19],[0:19],[0:19],[0:19],[0:19],[12:14],[0:19],[0:19],[0:19],[0:19],[0:19],[6:11],0
[0:19],[0:19],[0:19],[0:19],[0:19],[0:19],[0:19],[0:19],[0:19],[0:19],[0:19],[0:19],[0:19],[7:11],[0:19],[0:19],[0:19],[0:19],[0:19],[6:11],1
[0:19],[0:19],[0:19],[0:19],[0:19],[0:19],[0:19],[0:19],[0:19],[0:19],[0:19],[0:19],[0:19],[0:6],[0:19],[0:19],[0:19],[0:19],[0:19],[3:5],0
[0:19],[0:19],[0:19],[0:19],[0:19],[0:19],[0:19],[0:19],[0:19],[0:19],[0:19],[0:19],[0:19],[7:11],[0:19],[0:19],[0:19],[0:19],[0:19],[6:11],0
[0:19],[0:19],[0:19],[0:19],[0:19],[0:19],[0:19],[0:19],[0:19],[0:19],[0:19],[0:19],[0:19],[7:11],[0:19],[0:19],[0:19],[0:19],[0:19],[6:11],1
[0:19],[0:19],[0:19],[0:19],[0:19],[0:19],[0:19],[0:19],[0:19],[0:19],[0:19],[0:19],[0:19],[7:11],[0:19],[0:19],[0:19],[0:19],[0:19],[12:15],0
[0:19],[0:19],[0:19],[0:19],[0:19],[0:19],[0:19],[0:19],[0:19],[0:19],[0:19],[0:19],[0:19],[7:11],[0:19],[0:19],[0:19],[0:19],[0:19],[6:11],1
[0:19],[0:19],[0:19],[0:19],[0:19],[0:19],[0:19],[0:19],[0:19],[0:19],[0:19],[0:19],[0:19],[12:14],[0:19],[0:19],[0:19],[0:19],[0:19],[6:11],0
[0:19],[0:19],[0:19],[0:19],[0:19],[0:19],[0:19],[0:19],[0:19],[0:19],[0:19],[0:19],[0:19],[7:11],[0:19],[0:19],[0:19],[0:19],[0:19],[6:11],1
[0:19],[0:19],[0:19],[0:19],[0:19],[0:19],[0:19],[0:19],[0:19],[0:19],[0:19],[0:19],[0:19],[7:11],[0:19],[0:19],[0:19],[0:19],[0:19],[6:11],0
[0:19],[0:19],[0:19],[0:19],[0:19],[0:19],[0:19],[0:19],[0:19],[0:19],[0:19],[0:19],[0:19],[7:11],[0:19],[0:19],[0:19],[0:19],[0:19],[6:11],1
[0:19],[0:19],[0:19],[0:19],[0:19],[0:19],[0:19],[0:19],[0:19],[0:19],[0:19],[0:19],[0:19],[7:11],[0:19],[0:19],[0:19],[0:19],[0:19],[6:11],0
[0:19],[0:19],[0:19],[0:19],[0:19],[0:19],[0:19],[0:19],[0:19],[0:19],[0:19],[0:19],[0:19],[12:14],[0:19],[0:19],[0:19],[0:19],[0:19],[12:15],0
[0:19],[0:19],[0:19],[0:19],[0:19],[0:19],[0:19],[0:19],[0:19],[0:19],[0:19],[0:19],[0:19],[7:11],[0:19],[0:19],[0:19],[0:19],[0:19],[6:11],0
[0:19],[0:19],[0:19],[0:19],[0:19],[0:19],[0:19],[0:19],[0:19],[0:19],[0:19],[0:19],[0:19],[7:11],[0:19],[0:19],[0:19],[0:19],[0:19],[6:11],1
[0:19],[0:19],[0:19],[0:19],[0:19],[0:19],[0:19],[0:19],[0:19],[0:19],[0:19],[0:19],[0:19],[12:14],[0:19],[0:19],[0:19],[0:19],[0:19],[3:5],0
[0:19],[0:19],[0:19],[0:19],[0:19],[0:19],[0:19],[0:19],[0:19],[0:19],[0:19],[0:19],[0:19],[7:11],[0:19],[0:19],[0:19],[0:19],[0:19],[6:11],1
[0:19],[0:19],[0:19],[0:19],[0:19],[0:19],[0:19],[0:19],[0:19],[0:19],[0:19],[0:19],[0:19],[7:11],[0:19],[0:19],[0:19],[0:19],[0:19],[6:11],1
[0:19],[0:19],[0:19],[0:19],[0:19],[0:19],[0:19],[0:19],[0:19],[0:19],[0:19],[0:19],[0:19],[0:6],[0:19],[0:19],[0:19],[0:19],[0:19],[6:11],0
[0:19],[0:19],[0:19],[0:19],[0:19],[0:19],[0:19],[0:19],[0:19],[0:19],[0:19],[0:19],[0:19],[7:11],[0:19],[0:19],[0:19],[0:19],[0:19],[6:11],1
[0:19],[0:19],[0:19],[0:19],[0:19],[0:19],[0:19],[0:19],[0:19],[0:19],[0:19],[0:19],[0:19],[7:11],[0:19],[0:19],[0:19],[0:19],[0:19],[6:11],1
[0:19],[0:19],[0:19],[0:19],[0:19],[0:19],[0:19],[0:19],[0:19],[0:19],[0:19],[0:19],[0:19],[0:6],[0:19],[0:19],[0:19],[0:19],[0:19],[6:11],0
[0:19],[0:19],[0:19],[0:19],[0:19],[0:19],[0:19],[0:19],[0:19],[0:19],[0:19],[0:19],[0:19],[7:11],[0:19],[0:19],[0:19],[0:19],[0:19],[12:15],1
[0:19],[0:19],[0:19],[0:19],[0:19],[0:19],[0:19],[0:19],[0:19],[0:19],[0:19],[0:19],[0:19],[7:11],[0:19],[0:19],[0:19],[0:19],[0:19],[6:11],0
[0:19],[0:19],[0:19],[0:19],[0:19],[0:19],[0:19],[0:19],[0:19],[0:19],[0:19],[0:19],[0:19],[7:11],[0:19],[0:19],[0:19],[0:19],[0:19],[6:11],1
[0:19],[0:19],[0:19],[0:19],[0:19],[0:19],[0:19],[0:19],[0:19],[0:19],[0:19],[0:19],[0:19],[12:14],[0:19],[0:19],[0:19],[0:19],[0:19],[6:11],0
[0:19],[0:19],[0:19],[0:19],[0:19],[0:19],[0:19],[0:19],[0:19],[0:19],[0:19],[0:19],[0:19],[7:11],[0:19],[0:19],[0:19],[0:19],[0:19],[6:11],0
[0:19],[0:19],[0:19],[0:19],[0:19],[0:19],[0:19],[0:19],[0:19],[0:19],[0:19],[0:19],[0:19],[7:11],[0:19],[0:19],[0:19],[0:19],[0:19],[6:11],1
[0:19],[0:19],[0:19],[0:19],[0:19],[0:19],[0:19],[0:19],[0:19],[0:19],[0:19],[0:19],[0:19],[7:11],[0:19],[0:19],[0:19],[0:19],[0:19],[6:11],0
[0:19],[0:19],[0:19],[0:19],[0:19],[0:19],[0:19],[0:19],[0:19],[0:19],[0:19],[0:19],[0:19],[12:14],[0:19],[0:19],[0:19],[0:19],[0:19],[6:11],1
[0:19],[0:19],[0:19],[0:19],[0:19],[0:19],[0:19],[0:19],[0:19],[0:19],[0:19],[0:19],[0:19],[7:11],[0:19],[0:19],[0:19],[0:19],[0:19],[3:5],0
[0:19],[0:19],[0:19],[0:19],[0:19],[0:19],[0:19],[0:19],[0:19],[0:19],[0:19],[0:19],[0:19],[12:14],[0:19],[0:19],[0:19],[0:19],[0:19],[6:11],1
[0:19],[0:19],[0:19],[0:19],[0:19],[0:19],[0:19],[0:19],[0:19],[0:19],[0:19],[0:19],[0:19],[7:11],[0:19],[0:19],[0:19],[0:19],[0:19],[6:11],1
[0:19],[0:19],[0:19],[0:19],[0:19],[0:19],[0:19],[0:19],[0:19],[0:19],[0:19],[0:19],[0:19],[7:11],[0:19],[0:19],[0:19],[0:19],[0:19],[6:11],1
[0:19],[0:19],[0:19],[0:19],[0:19],[0:19],[0:19],[0:19],[0:19],[0:19],[0:19],[0:19],[0:19],[7:11],[0:19],[0:19],[0:19],[0:19],[0:19],[6:11],0
[0:19],[0:19],[0:19],[0:19],[0:19],[0:19],[0:19],[0:19],[0:19],[0:19],[0:19],[0:19],[0:19],[7:11],[0:19],[0:19],[0:19],[0:19],[0:19],[6:11],0
[0:19],[0:19],[0:19],[0:19],[0:19],[0:19],[0:19],[0:19],[0:19],[0:19],[0:19],[0:19],[0:19],[7:11],[0:19],[0:19],[0:19],[0:19],[0:19],[6:11],1
[0:19],[0:19],[0:19],[0:19],[0:19],[0:19],[0:19],[0:19],[0:19],[0:19],[0:19],[0:19],[0:19],[7:11],[0:19],[0:19],[0:19],[0:19],[0:19],[6:11],1
[0:19],[0:19],[0:19],[0:19],[0:19],[0:19],[0:19],[0:19],[0:19],[0:19],[0:19],[0:19],[0:19],[7:11],[0:19],[0:19],[0:19],[0:19],[0:19],[6:11],0
[0:19],[0:19],[0:19],[0:19],[0:19],[0:19],[0:19],[0:19],[0:19],[0:19],[0:19],[0:19],[0:19],[12:14],[0:19],[0:19],[0:19],[0:19],[0:19],[6:11],0
[0:19],[0:19],[0:19],[0:19],[0:19],[0:19],[0:19],[0:19],[0:19],[0:19],[0:19],[0:19],[0:19],[7:11],[0:19],[0:19],[0:19],[0:19],[0:19],[6:11],0
[0:19],[0:19],[0:19],[0:19],[0:19],[0:19],[0:19],[0:19],[0:19],[0:19],[0:19],[0:19],[0:19],[12:14],[0:19],[0:19],[0:19],[0:19],[0:19],[6:11],0
[0:19],[0:19],[0:19],[0:19],[0:19],[0:19],[0:19],[0:19],[0:19],[0:19],[0:19],[0:19],[0:19],[7:11],[0:19],[0:19],[0:19],[0:19],[0:19],[6:11],0
[0:19],[0:19],[0:19],[0:19],[0:19],[0:19],[0:19],[0:19],[0:19],[0:19],[0:19],[0:19],[0:19],[12:14],[0:19],[0:19],[0:19],[0:19],[0:19],[6:11],1
[0:19],[0:19],[0:19],[0:19],[0:19],[0:19],[0:19],[0:19],[0:19],[0:19],[0:19],[0:19],[0:19],[7:11],[0:19],[0:19],[0:19],[0:19],[0:19],[6:11],0
[0:19],[0:19],[0:19],[0:19],[0:19],[0:19],[0:19],[0:19],[0:19],[0:19],[0:19],[0:19],[0:19],[7:11],[0:19],[0:19],[0:19],[0:19],[0:19],[6:11],0
[0:19],[0:19],[0:19],[0:19],[0:19],[0:19],[0:19],[0:19],[0:19],[0:19],[0:19],[0:19],[0:19],[7:11],[0:19],[0:19],[0:19],[0:19],[0:19],[6:11],0
[0:19],[0:19],[0:19],[0:19],[0:19],[0:19],[0:19],[0:19],[0:19],[0:19],[0:19],[0:19],[0:19],[12:14],[0:19],[0:19],[0:19],[0:19],[0:19],[3:5],0
[0:19],[0:19],[0:19],[0:19],[0:19],[0:19],[0:19],[0:19],[0:19],[0:19],[0:19],[0:19],[0:19],[7:11],[0:19],[0:19],[0:19],[0:19],[0:19],[6:11],1
[0:19],[0:19],[0:19],[0:19],[0:19],[0:19],[0:19],[0:19],[0:19],[0:19],[0:19],[0:19],[0:19],[12:14],[0:19],[0:19],[0:19],[0:19],[0:19],[6:11],1
[0:19],[0:19],[0:19],[0:19],[0:19],[0:19],[0:19],[0:19],[0:19],[0:19],[0:19],[0:19],[0:19],[7:11],[0:19],[0:19],[0:19],[0:19],[0:19],[6:11],1
[0:19],[0:19],[0:19],[0:19],[0:19],[0:19],[0:19],[0:19],[0:19],[0:19],[0:19],[0:19],[0:19],[7:11],[0:19],[0:19],[0:19],[0:19],[0:19],[12:15],0
[0:19],[0:19],[0:19],[0:19],[0:19],[0:19],[0:19],[0:19],[0:19],[0:19],[0:19],[0:19],[0:19],[7:11],[0:19],[0:19],[0:19],[0:19],[0:19],[6:11],1
[0:19],[0:19],[0:19],[0:19],[0:19],[0:19],[0:19],[0:19],[0:19],[0:19],[0:19],[0:19],[0:19],[12:14],[0:19],[0:19],[0:19],[0:19],[0:19],[12:15],0
[0:19],[0:19],[0:19],[0:19],[0:19],[0:19],[0:19],[0:19],[0:19],[0:19],[0:19],[0:19],[0:19],[7:11],[0:19],[0:19],[0:19],[0:19],[0:19],[6:11],1
[0:19],[0:19],[0:19],[0:19],[0:19],[0:19],[0:19],[0:19],[0:19],[0:19],[0:19],[0:19],[0:19],[7:11],[0:19],[0:19],[0:19],[0:19],[0:19],[6:11],1
[0:19],[0:19],[0:19],[0:19],[0:19],[0:19],[0:19],[0:19],[0:19],[0:19],[0:19],[0:19],[0:19],[7:11],[0:19],[0:19],[0:19],[0:19],[0:19],[6:11],1
[0:19],[0:19],[0:19],[0:19],[0:19],[0:19],[0:19],[0:19],[0:19],[0:19],[0:19],[0:19],[0:19],[12:14],[0:19],[0:19],[0:19],[0:19],[0:19],[6:11],0
[0:19],[0:19],[0:19],[0:19],[0:19],[0:19],[0:19],[0:19],[0:19],[0:19],[0:19],[0:19],[0:19],[7:11],[0:19],[0:19],[0:19],[0:19],[0:19],[6:11],0
[0:19],[0:19],[0:19],[0:19],[0:19],[0:19],[0:19],[0:19],[0:19],[0:19],[0:19],[0:19],[0:19],[7:11],[0:19],[0:19],[0:19],[0:19],[0:19],[6:11],1
[0:19],[0:19],[0:19],[0:19],[0:19],[0:19],[0:19],[0:19],[0:19],[0:19],[0:19],[0:19],[0:19],[7:11],[0:19],[0:19],[0:19],[0:19],[0:19],[6:11],0
[0:19],[0:19],[0:19],[0:19],[0:19],[0:19],[0:19],[0:19],[0:19],[0:19],[0:19],[0:19],[0:19],[12:14],[0:19],[0:19],[0:19],[0:19],[0:19],[6:11],1
[0:19],[0:19],[0:19],[0:19],[0:19],[0:19],[0:19],[0:19],[0:19],[0:19],[0:19],[0:19],[0:19],[7:11],[0:19],[0:19],[0:19],[0:19],[0:19],[6:11],1
[0:19],[0:19],[0:19],[0:19],[0:19],[0:19],[0:19],[0:19],[0:19],[0:19],[0:19],[0:19],[0:19],[7:11],[0:19],[0:19],[0:19],[0:19],[0:19],[6:11],1
[0:19],[0:19],[0:19],[0:19],[0:19],[0:19],[0:19],[0:19],[0:19],[0:19],[0:19],[0:19],[0:19],[7:11],[0:19],[0:19],[0:19],[0:19],[0:19],[6:11],1
[0:19],[0:19],[0:19],[0:19],[0:19],[0:19],[0:19],[0:19],[0:19],[0:19],[0:19],[0:19],[0:19],[7:11],[0:19],[0:19],[0:19],[0:19],[0:19],[6:11],1
[0:19],[0:19],[0:19],[0:19],[0:19],[0:19],[0:19],[0:19],[0:19],[0:19],[0:19],[0:19],[0:19],[7:11],[0:19],[0:19],[0:19],[0:19],[0:19],[6:11],1
[0:19],[0:19],[0:19],[0:19],[0:19],[0:19],[0:19],[0:19],[0:19],[0:19],[0:19],[0:19],[0:19],[7:11],[0:19],[0:19],[0:19],[0:19],[0:19],[6:11],1
[0:19],[0:19],[0:19],[0:19],[0:19],[0:19],[0:19],[0:19],[0:19],[0:19],[0:19],[0:19],[0:19],[12:14],[0:19],[0:19],[0:19],[0:19],[0:19],[6:11],1
[0:19],[0:19],[0:19],[0:19],[0:19],[0:19],[0:19],[0:19],[0:19],[0:19],[0:19],[0:19],[0:19],[7:11],[0:19],[0:19],[0:19],[0:19],[0:19],[6:11],1
[0:19],[0:19],[0:19],[0:19],[0:19],[0:19],[0:19],[0:19],[0:19],[0:19],[0:19],[0:19],[0:19],[12:14],[0:19],[0:19],[0:19],[0:19],[0:19],[6:11],1
[0:19],[0:19],[0:19],[0:19],[0:19],[0:19],[0:19],[0:19],[0:19],[0:19],[0:19],[0:19],[0:19],[7:11],[0:19],[0:19],[0:19],[0:19],[0:19],[6:11],1
[0:19],[0:19],[0:19],[0:19],[0:19],[0:19],[0:19],[0:19],[0:19],[0:19],[0:19],[0:19],[0:19],[7:11],[0:19],[0:19],[0:19],[0:19],[0:19],[6:11],1
[0:19],[0:19],[0:19],[0:19],[0:19],[0:19],[0:19],[0:19],[0:19],[0:19],[0:19],[0:19],[0:19],[7:11],[0:19],[0:19],[0:19],[0:19],[0:19],[6:11],1
[0:19],[0:19],[0:19],[0:19],[0:19],[0:19],[0:19],[0:19],[0:19],[0:19],[0:19],[0:19],[0:19],[7:11],[0:19],[0:19],[0:19],[0:19],[0:19],[6:11],1
[0:19],[0:19],[0:19],[0:19],[0:19],[0:19],[0:19],[0:19],[0:19],[0:19],[0:19],[0:19],[0:19],[7:11],[0:19],[0:19],[0:19],[0:19],[0:19],[6:11],1
[0:19],[0:19],[0:19],[0:19],[0:19],[0:19],[0:19],[0:19],[0:19],[0:19],[0:19],[0:19],[0:19],[7:11],[0:19],[0:19],[0:19],[0:19],[0:19],[6:11],1
[0:19],[0:19],[0:19],[0:19],[0:19],[0:19],[0:19],[0:19],[0:19],[0:19],[0:19],[0:19],[0:19],[7:11],[0:19],[0:19],[0:19],[0:19],[0:19],[6:11],1
[0:19],[0:19],[0:19],[0:19],[0:19],[0:19],[0:19],[0:19],[0:19],[0:19],[0:19],[0:19],[0:19],[12:14],[0:19],[0:19],[0:19],[0:19],[0:19],[6:11],0
[0:19],[0:19],[0:19],[0:19],[0:19],[0:19],[0:19],[0:19],[0:19],[0:19],[0:19],[0:19],[0:19],[7:11],[0:19],[0:19],[0:19],[0:19],[0:19],[6:11],1
[0:19],[0:19],[0:19],[0:19],[0:19],[0:19],[0:19],[0:19],[0:19],[0:19],[0:19],[0:19],[0:19],[7:11],[0:19],[0:19],[0:19],[0:19],[0:19],[6:11],1
[0:19],[0:19],[0:19],[0:19],[0:19],[0:19],[0:19],[0:19],[0:19],[0:19],[0:19],[0:19],[0:19],[7:11],[0:19],[0:19],[0:19],[0:19],[0:19],[6:11],1
[0:19],[0:19],[0:19],[0:19],[0:19],[0:19],[0:19],[0:19],[0:19],[0:19],[0:19],[0:19],[0:19],[7:11],[0:19],[0:19],[0:19],[0:19],[0:19],[6:11],0
[0:19],[0:19],[0:19],[0:19],[0:19],[0:19],[0:19],[0:19],[0:19],[0:19],[0:19],[0:19],[0:19],[7:11],[0:19],[0:19],[0:19],[0:19],[0:19],[6:11],1
[0:19],[0:19],[0:19],[0:19],[0:19],[0:19],[0:19],[0:19],[0:19],[0:19],[0:19],[0:19],[0:19],[7:11],[0:19],[0:19],[0:19],[0:19],[0:19],[3:5],0
[0:19],[0:19],[0:19],[0:19],[0:19],[0:19],[0:19],[0:19],[0:19],[0:19],[0:19],[0:19],[0:19],[7:11],[0:19],[0:19],[0:19],[0:19],[0:19],[6:11],0
[0:19],[0:19],[0:19],[0:19],[0:19],[0:19],[0:19],[0:19],[0:19],[0:19],[0:19],[0:19],[0:19],[12:14],[0:19],[0:19],[0:19],[0:19],[0:19],[6:11],1
[0:19],[0:19],[0:19],[0:19],[0:19],[0:19],[0:19],[0:19],[0:19],[0:19],[0:19],[0:19],[0:19],[7:11],[0:19],[0:19],[0:19],[0:19],[0:19],[6:11],0
[0:19],[0:19],[0:19],[0:19],[0:19],[0:19],[0:19],[0:19],[0:19],[0:19],[0:19],[0:19],[0:19],[7:11],[0:19],[0:19],[0:19],[0:19],[0:19],[6:11],0
[0:19],[0:19],[0:19],[0:19],[0:19],[0:19],[0:19],[0:19],[0:19],[0:19],[0:19],[0:19],[0:19],[12:14],[0:19],[0:19],[0:19],[0:19],[0:19],[12:15],0
[0:19],[0:19],[0:19],[0:19],[0:19],[0:19],[0:19],[0:19],[0:19],[0:19],[0:19],[0:19],[0:19],[7:11],[0:19],[0:19],[0:19],[0:19],[0:19],[6:11],1
[0:19],[0:19],[0:19],[0:19],[0:19],[0:19],[0:19],[0:19],[0:19],[0:19],[0:19],[0:19],[0:19],[12:14],[0:19],[0:19],[0:19],[0:19],[0:19],[6:11],0
[0:19],[0:19],[0:19],[0:19],[0:19],[0:19],[0:19],[0:19],[0:19],[0:19],[0:19],[0:19],[0:19],[7:11],[0:19],[0:19],[0:19],[0:19],[0:19],[6:11],1
[0:19],[0:19],[0:19],[0:19],[0:19],[0:19],[0:19],[0:19],[0:19],[0:19],[0:19],[0:19],[0:19],[7:11],[0:19],[0:19],[0:19],[0:19],[0:19],[3:5],0
[0:19],[0:19],[0:19],[0:19],[0:19],[0:19],[0:19],[0:19],[0:19],[0:19],[0:19],[0:19],[0:19],[7:11],[0:19],[0:19],[0:19],[0:19],[0:19],[12:15],1
[0:19],[0:19],[0:19],[0:19],[0:19],[0:19],[0:19],[0:19],[0:19],[0:19],[0:19],[0:19],[0:19],[7:11],[0:19],[0:19],[0:19],[0:19],[0:19],[6:11],1
[0:19],[0:19],[0:19],[0:19],[0:19],[0:19],[0:19],[0:19],[0:19],[0:19],[0:19],[0:19],[0:19],[12:14],[0:19],[0:19],[0:19],[0:19],[0:19],[6:11],0
[0:19],[0:19],[0:19],[0:19],[0:19],[0:19],[0:19],[0:19],[0:19],[0:19],[0:19],[0:19],[0:19],[7:11],[0:19],[0:19],[0:19],[0:19],[0:19],[6:11],0
[0:19],[0:19],[0:19],[0:19],[0:19],[0:19],[0:19],[0:19],[0:19],[0:19],[0:19],[0:19],[0:19],[12:14],[0:19],[0:19],[0:19],[0:19],[0:19],[0:2],0
[0:19],[0:19],[0:19],[0:19],[0:19],[0:19],[0:19],[0:19],[0:19],[0:19],[0:19],[0:19],[0:19],[7:11],[0:19],[0:19],[0:19],[0:19],[0:19],[6:11],1
[0:19],[0:19],[0:19],[0:19],[0:19],[0:19],[0:19],[0:19],[0:19],[0:19],[0:19],[0:19],[0:19],[7:11],[0:19],[0:19],[0:19],[0:19],[0:19],[6:11],1
[0:19],[0:19],[0:19],[0:19],[0:19],[0:19],[0:19],[0:19],[0:19],[0:19],[0:19],[0:19],[0:19],[12:14],[0:19],[0:19],[0:19],[0:19],[0:19],[6:11],1
[0:19],[0:19],[0:19],[0:19],[0:19],[0:19],[0:19],[0:19],[0:19],[0:19],[0:19],[0:19],[0:19],[7:11],[0:19],[0:19],[0:19],[0:19],[0:19],[6:11],1
[0:19],[0:19],[0:19],[0:19],[0:19],[0:19],[0:19],[0:19],[0:19],[0:19],[0:19],[0:19],[0:19],[7:11],[0:19],[0:19],[0:19],[0:19],[0:19],[6:11],0
[0:19],[0:19],[0:19],[0:19],[0:19],[0:19],[0:19],[0:19],[0:19],[0:19],[0:19],[0:19],[0:19],[7:11],[0:19],[0:19],[0:19],[0:19],[0:19],[6:11],1
[0:19],[0:19],[0:19],[0:19],[0:19],[0:19],[0:19],[0:19],[0:19],[0:19],[0:19],[0:19],[0:19],[12:14],[0:19],[0:19],[0:19],[0:19],[0:19],[6:11],0
[0:19],[0:19],[0:19],[0:19],[0:19],[0:19],[0:19],[0:19],[0:19],[0:19],[0:19],[0:19],[0:19],[7:11],[0:19],[0:19],[0:19],[0:19],[0:19],[6:11],1
[0:19],[0:19],[0:19],[0:19],[0:19],[0:19],[0:19],[0:19],[0:19],[0:19],[0:19],[0:19],[0:19],[7:11],[0:19],[0:19],[0:19],[0:19],[0:19],[0:2],0
[0:19],[0:19],[0:19],[0:19],[0:19],[0:19],[0:19],[0:19],[0:19],[0:19],[0:19],[0:19],[0:19],[7:11],[0:19],[0:19],[0:19],[0:19],[0:19],[6:11],1
[0:19],[0:19],[0:19],[0:19],[0:19],[0:19],[0:19],[0:19],[0:19],[0:19],[0:19],[0:19],[0:19],[12:14],[0:19],[0:19],[0:19],[0:19],[0:19],[6:11],1
[0:19],[0:19],[0:19],[0:19],[0:19],[0:19],[0:19],[0:19],[0:19],[0:19],[0:19],[0:19],[0:19],[12:14],[0:19],[0:19],[0:19],[0:19],[0:19],[6:11],0
[0:19],[0:19],[0:19],[0:19],[0:19],[0:19],[0:19],[0:19],[0:19],[0:19],[0:19],[0:19],[0:19],[0:6],[0:19],[0:19],[0:19],[0:19],[0:19],[6:11],0
[0:19],[0:19],[0:19],[0:19],[0:19],[0:19],[0:19],[0:19],[0:19],[0:19],[0:19],[0:19],[0:19],[7:11],[0:19],[0:19],[0:19],[0:19],[0:19],[6:11],1
[0:19],[0:19],[0:19],[0:19],[0:19],[0:19],[0:19],[0:19],[0:19],[0:19],[0:19],[0:19],[0:19],[7:11],[0:19],[0:19],[0:19],[0:19],[0:19],[6:11],1
[0:19],[0:19],[0:19],[0:19],[0:19],[0:19],[0:19],[0:19],[0:19],[0:19],[0:19],[0:19],[0:19],[12:14],[0:19],[0:19],[0:19],[0:19],[0:19],[6:11],0
[0:19],[0:19],[0:19],[0:19],[0:19],[0:19],[0:19],[0:19],[0:19],[0:19],[0:19],[0:19],[0:19],[7:11],[0:19],[0:19],[0:19],[0:19],[0:19],[6:11],0
[0:19],[0:19],[0:19],[0:19],[0:19],[0:19],[0:19],[0:19],[0:19],[0:19],[0:19],[0:19],[0:19],[0:6],[0:19],[0:19],[0:19],[0:19],[0:19],[6:11],0
[0:19],[0:19],[0:19],[0:19],[0:19],[0:19],[0:19],[0:19],[0:19],[0:19],[0:19],[0:19],[0:19],[12:14],[0:19],[0:19],[0:19],[0:19],[0:19],[6:11],1
[0:19],[0:19],[0:19],[0:19],[0:19],[0:19],[0:19],[0:19],[0:19],[0:19],[0:19],[0:19],[0:19],[7:11],[0:19],[0:19],[0:19],[0:19],[0:19],[6:11],0
[0:19],[0:19],[0:19],[0:19],[0:19],[0:19],[0:19],[0:19],[0:19],[0:19],[0:19],[0:19],[0:19],[7:11],[0:19],[0:19],[0:19],[0:19],[0:19],[6:11],1
[0:19],[0:19],[0:19],[0:19],[0:19],[0:19],[0:19],[0:19],[0:19],[0:19],[0:19],[0:19],[0:19],[0:6],[0:19],[0:19],[0:19],[0:19],[0:19],[6:11],0
[0:19],[0:19],[0:19],[0:19],[0:19],[0:19],[0:19],[0:19],[0:19],[0:19],[0:19],[0:19],[0:19],[7:11],[0:19],[0:19],[0:19],[0:19],[0:19],[6:11],0
[0:19],[0:19],[0:19],[0:19],[0:19],[0:19],[0:19],[0:19],[0:19],[0:19],[0:19],[0:19],[0:19],[7:11],[0:19],[0:19],[0:19],[0:19],[0:19],[6:11],1
[0:19],[0:19],[0:19],[0:19],[0:19],[0:19],[0:19],[0:19],[0:19],[0:19],[0:19],[0:19],[0:19],[7:11],[0:19],[0:19],[0:19],[0:19],[0:19],[6:11],0
[0:19],[0:19],[0:19],[0:19],[0:19],[0:19],[0:19],[0:19],[0:19],[0:19],[0:19],[0:19],[0:19],[7:11],[0:19],[0:19],[0:19],[0:19],[0:19],[6:11],1
[0:19],[0:19],[0:19],[0:19],[0:19],[0:19],[0:19],[0:19],[0:19],[0:19],[0:19],[0:19],[0:19],[7:11],[0:19],[0:19],[0:19],[0:19],[0:19],[6:11],1
[0:19],[0:19],[0:19],[0:19],[0:19],[0:19],[0:19],[0:19],[0:19],[0:19],[0:19],[0:19],[0:19],[7:11],[0:19],[0:19],[0:19],[0:19],[0:19],[6:11],1
[0:19],[0:19],[0:19],[0:19],[0:19],[0:19],[0:19],[0:19],[0:19],[0:19],[0:19],[0:19],[0:19],[7:11],[0:19],[0:19],[0:19],[0:19],[0:19],[6:11],0
[0:19],[0:19],[0:19],[0:19],[0:19],[0:19],[0:19],[0:19],[0:19],[0:19],[0:19],[0:19],[0:19],[7:11],[0:19],[0:19],[0:19],[0:19],[0:19],[6:11],1
[0:19],[0:19],[0:19],[0:19],[0:19],[0:19],[0:19],[0:19],[0:19],[0:19],[0:19],[0:19],[0:19],[7:11],[0:19],[0:19],[0:19],[0:19],[0:19],[6:11],0
[0:19],[0:19],[0:19],[0:19],[0:19],[0:19],[0:19],[0:19],[0:19],[0:19],[0:19],[0:19],[0:19],[12:14],[0:19],[0:19],[0:19],[0:19],[0:19],[6:11],1
[0:19],[0:19],[0:19],[0:19],[0:19],[0:19],[0:19],[0:19],[0:19],[0:19],[0:19],[0:19],[0:19],[7:11],[0:19],[0:19],[0:19],[0:19],[0:19],[6:11],0
[0:19],[0:19],[0:19],[0:19],[0:19],[0:19],[0:19],[0:19],[0:19],[0:19],[0:19],[0:19],[0:19],[12:14],[0:19],[0:19],[0:19],[0:19],[0:19],[6:11],0
[0:19],[0:19],[0:19],[0:19],[0:19],[0:19],[0:19],[0:19],[0:19],[0:19],[0:19],[0:19],[0:19],[7:11],[0:19],[0:19],[0:19],[0:19],[0:19],[6:11],1
[0:19],[0:19],[0:19],[0:19],[0:19],[0:19],[0:19],[0:19],[0:19],[0:19],[0:19],[0:19],[0:19],[7:11],[0:19],[0:19],[0:19],[0:19],[0:19],[6:11],0
[0:19],[0:19],[0:19],[0:19],[0:19],[0:19],[0:19],[0:19],[0:19],[0:19],[0:19],[0:19],[0:19],[7:11],[0:19],[0:19],[0:19],[0:19],[0:19],[6:11],1
[0:19],[0:19],[0:19],[0:19],[0:19],[0:19],[0:19],[0:19],[0:19],[0:19],[0:19],[0:19],[0:19],[15:19],[0:19],[0:19],[0:19],[0:19],[0:19],[6:11],0
[0:19],[0:19],[0:19],[0:19],[0:19],[0:19],[0:19],[0:19],[0:19],[0:19],[0:19],[0:19],[0:19],[12:14],[0:19],[0:19],[0:19],[0:19],[0:19],[0:2],0
[0:19],[0:19],[0:19],[0:19],[0:19],[0:19],[0:19],[0:19],[0:19],[0:19],[0:19],[0:19],[0:19],[15:19],[0:19],[0:19],[0:19],[0:19],[0:19],[6:11],0
[0:19],[0:19],[0:19],[0:19],[0:19],[0:19],[0:19],[0:19],[0:19],[0:19],[0:19],[0:19],[0:19],[0:6],[0:19],[0:19],[0:19],[0:19],[0:19],[6:11],0
[0:19],[0:19],[0:19],[0:19],[0:19],[0:19],[0:19],[0:19],[0:19],[0:19],[0:19],[0:19],[0:19],[7:11],[0:19],[0:19],[0:19],[0:19],[0:19],[6:11],0
[0:19],[0:19],[0:19],[0:19],[0:19],[0:19],[0:19],[0:19],[0:19],[0:19],[0:19],[0:19],[0:19],[12:14],[0:19],[0:19],[0:19],[0:19],[0:19],[6:11],0
[0:19],[0:19],[0:19],[0:19],[0:19],[0:19],[0:19],[0:19],[0:19],[0:19],[0:19],[0:19],[0:19],[7:11],[0:19],[0:19],[0:19],[0:19],[0:19],[6:11],0
[0:19],[0:19],[0:19],[0:19],[0:19],[0:19],[0:19],[0:19],[0:19],[0:19],[0:19],[0:19],[0:19],[12:14],[0:19],[0:19],[0:19],[0:19],[0:19],[12:15],0
[0:19],[0:19],[0:19],[0:19],[0:19],[0:19],[0:19],[0:19],[0:19],[0:19],[0:19],[0:19],[0:19],[7:11],[0:19],[0:19],[0:19],[0:19],[0:19],[6:11],0
[0:19],[0:19],[0:19],[0:19],[0:19],[0:19],[0:19],[0:19],[0:19],[0:19],[0:19],[0:19],[0:19],[7:11],[0:19],[0:19],[0:19],[0:19],[0:19],[6:11],1
[0:19],[0:19],[0:19],[0:19],[0:19],[0:19],[0:19],[0:19],[0:19],[0:19],[0:19],[0:19],[0:19],[7:11],[0:19],[0:19],[0:19],[0:19],[0:19],[6:11],1
[0:19],[0:19],[0:19],[0:19],[0:19],[0:19],[0:19],[0:19],[0:19],[0:19],[0:19],[0:19],[0:19],[0:6],[0:19],[0:19],[0:19],[0:19],[0:19],[6:11],0
[0:19],[0:19],[0:19],[0:19],[0:19],[0:19],[0:19],[0:19],[0:19],[0:19],[0:19],[0:19],[0:19],[7:11],[0:19],[0:19],[0:19],[0:19],[0:19],[12:15],0
[0:19],[0:19],[0:19],[0:19],[0:19],[0:19],[0:19],[0:19],[0:19],[0:19],[0:19],[0:19],[0:19],[7:11],[0:19],[0:19],[0:19],[0:19],[0:19],[6:11],1
[0:19],[0:19],[0:19],[0:19],[0:19],[0:19],[0:19],[0:19],[0:19],[0:19],[0:19],[0:19],[0:19],[7:11],[0:19],[0:19],[0:19],[0:19],[0:19],[6:11],0
[0:19],[0:19],[0:19],[0:19],[0:19],[0:19],[0:19],[0:19],[0:19],[0:19],[0:19],[0:19],[0:19],[7:11],[0:19],[0:19],[0:19],[0:19],[0:19],[6:11],1
[0:19],[0:19],[0:19],[0:19],[0:19],[0:19],[0:19],[0:19],[0:19],[0:19],[0:19],[0:19],[0:19],[12:14],[0:19],[0:19],[0:19],[0:19],[0:19],[3:5],0
[0:19],[0:19],[0:19],[0:19],[0:19],[0:19],[0:19],[0:19],[0:19],[0:19],[0:19],[0:19],[0:19],[12:14],[0:19],[0:19],[0:19],[0:19],[0:19],[6:11],1
[0:19],[0:19],[0:19],[0:19],[0:19],[0:19],[0:19],[0:19],[0:19],[0:19],[0:19],[0:19],[0:19],[7:11],[0:19],[0:19],[0:19],[0:19],[0:19],[6:11],1
[0:19],[0:19],[0:19],[0:19],[0:19],[0:19],[0:19],[0:19],[0:19],[0:19],[0:19],[0:19],[0:19],[7:11],[0:19],[0:19],[0:19],[0:19],[0:19],[6:11],1
[0:19],[0:19],[0:19],[0:19],[0:19],[0:19],[0:19],[0:19],[0:19],[0:19],[0:19],[0:19],[0:19],[7:11],[0:19],[0:19],[0:19],[0:19],[0:19],[6:11],1
[0:19],[0:19],[0:19],[0:19],[0:19],[0:19],[0:19],[0:19],[0:19],[0:19],[0:19],[0:19],[0:19],[7:11],[0:19],[0:19],[0:19],[0:19],[0:19],[12:15],0
[0:19],[0:19],[0:19],[0:19],[0:19],[0:19],[0:19],[0:19],[0:19],[0:19],[0:19],[0:19],[0:19],[7:11],[0:19],[0:19],[0:19],[0:19],[0:19],[6:11],1
[0:19],[0:19],[0:19],[0:19],[0:19],[0:19],[0:19],[0:19],[0:19],[0:19],[0:19],[0:19],[0:19],[7:11],[0:19],[0:19],[0:19],[0:19],[0:19],[6:11],0
[0:19],[0:19],[0:19],[0:19],[0:19],[0:19],[0:19],[0:19],[0:19],[0:19],[0:19],[0:19],[0:19],[7:11],[0:19],[0:19],[0:19],[0:19],[0:19],[6:11],0
[0:19],[0:19],[0:19],[0:19],[0:19],[0:19],[0:19],[0:19],[0:19],[0:19],[0:19],[0:19],[0:19],[7:11],[0:19],[0:19],[0:19],[0:19],[0:19],[6:11],0
[0:19],[0:19],[0:19],[0:19],[0:19],[0:19],[0:19],[0:19],[0:19],[0:19],[0:19],[0:19],[0:19],[7:11],[0:19],[0:19],[0:19],[0:19],[0:19],[6:11],1
[0:19],[0:19],[0:19],[0:19],[0:19],[0:19],[0:19],[0:19],[0:19],[0:19],[0:19],[0:19],[0:19],[7:11],[0:19],[0:19],[0:19],[0:19],[0:19],[3:5],0
[0:19],[0:19],[0:19],[0:19],[0:19],[0:19],[0:19],[0:19],[0:19],[0:19],[0:19],[0:19],[0:19],[7:11],[0:19],[0:19],[0:19],[0:19],[0:19],[6:11],1
[0:19],[0:19],[0:19],[0:19],[0:19],[0:19],[0:19],[0:19],[0:19],[0:19],[0:19],[0:19],[0:19],[0:6],[0:19],[0:19],[0:19],[0:19],[0:19],[6:11],0
[0:19],[0:19],[0:19],[0:19],[0:19],[0:19],[0:19],[0:19],[0:19],[0:19],[0:19],[0:19],[0:19],[7:11],[0:19],[0:19],[0:19],[0:19],[0:19],[6:11],1
[0:19],[0:19],[0:19],[0:19],[0:19],[0:19],[0:19],[0:19],[0:19],[0:19],[0:19],[0:19],[0:19],[0:6],[0:19],[0:19],[0:19],[0:19],[0:19],[6:11],0
[0:19],[0:19],[0:19],[0:19],[0:19],[0:19],[0:19],[0:19],[0:19],[0:19],[0:19],[0:19],[0:19],[7:11],[0:19],[0:19],[0:19],[0:19],[0:19],[6:11],1
[0:19],[0:19],[0:19],[0:19],[0:19],[0:19],[0:19],[0:19],[0:19],[0:19],[0:19],[0:19],[0:19],[7:11],[0:19],[0:19],[0:19],[0:19],[0:19],[6:11],1
[0:19],[0:19],[0:19],[0:19],[0:19],[0:19],[0:19],[0:19],[0:19],[0:19],[0:19],[0:19],[0:19],[7:11],[0:19],[0:19],[0:19],[0:19],[0:19],[3:5],0
[0:19],[0:19],[0:19],[0:19],[0:19],[0:19],[0:19],[0:19],[0:19],[0:19],[0:19],[0:19],[0:19],[7:11],[0:19],[0:19],[0:19],[0:19],[0:19],[6:11],1
[0:19],[0:19],[0:19],[0:19],[0:19],[0:19],[0:19],[0:19],[0:19],[0:19],[0:19],[0:19],[0:19],[0:6],[0:19],[0:19],[0:19],[0:19],[0:19],[6:11],1
[0:19],[0:19],[0:19],[0:19],[0:19],[0:19],[0:19],[0:19],[0:19],[0:19],[0:19],[0:19],[0:19],[7:11],[0:19],[0:19],[0:19],[0:19],[0:19],[12:15],1
[0:19],[0:19],[0:19],[0:19],[0:19],[0:19],[0:19],[0:19],[0:19],[0:19],[0:19],[0:19],[0:19],[7:11],[0:19],[0:19],[0:19],[0:19],[0:19],[6:11],1
[0:19],[0:19],[0:19],[0:19],[0:19],[0:19],[0:19],[0:19],[0:19],[0:19],[0:19],[0:19],[0:19],[7:11],[0:19],[0:19],[0:19],[0:19],[0:19],[12:15],0
[0:19],[0:19],[0:19],[0:19],[0:19],[0:19],[0:19],[0:19],[0:19],[0:19],[0:19],[0:19],[0:19],[7:11],[0:19],[0:19],[0:19],[0:19],[0:19],[16:19],0
[0:19],[0:19],[0:19],[0:19],[0:19],[0:19],[0:19],[0:19],[0:19],[0:19],[0:19],[0:19],[0:19],[7:11],[0:19],[0:19],[0:19],[0:19],[0:19],[6:11],1
[0:19],[0:19],[0:19],[0:19],[0:19],[0:19],[0:19],[0:19],[0:19],[0:19],[0:19],[0:19],[0:19],[7:11],[0:19],[0:19],[0:19],[0:19],[0:19],[3:5],0
[0:19],[0:19],[0:19],[0:19],[0:19],[0:19],[0:19],[0:19],[0:19],[0:19],[0:19],[0:19],[0:19],[7:11],[0:19],[0:19],[0:19],[0:19],[0:19],[6:11],0
[0:19],[0:19],[0:19],[0:19],[0:19],[0:19],[0:19],[0:19],[0:19],[0:19],[0:19],[0:19],[0:19],[12:14],[0:19],[0:19],[0:19],[0:19],[0:19],[6:11],0
[0:19],[0:19],[0:19],[0:19],[0:19],[0:19],[0:19],[0:19],[0:19],[0:19],[0:19],[0:19],[0:19],[0:6],[0:19],[0:19],[0:19],[0:19],[0:19],[6:11],0
[0:19],[0:19],[0:19],[0:19],[0:19],[0:19],[0:19],[0:19],[0:19],[0:19],[0:19],[0:19],[0:19],[7:11],[0:19],[0:19],[0:19],[0:19],[0:19],[6:11],1
[0:19],[0:19],[0:19],[0:19],[0:19],[0:19],[0:19],[0:19],[0:19],[0:19],[0:19],[0:19],[0:19],[12:14],[0:19],[0:19],[0:19],[0:19],[0:19],[6:11],0
[0:19],[0:19],[0:19],[0:19],[0:19],[0:19],[0:19],[0:19],[0:19],[0:19],[0:19],[0:19],[0:19],[7:11],[0:19],[0:19],[0:19],[0:19],[0:19],[6:11],1
[0:19],[0:19],[0:19],[0:19],[0:19],[0:19],[0:19],[0:19],[0:19],[0:19],[0:19],[0:19],[0:19],[7:11],[0:19],[0:19],[0:19],[0:19],[0:19],[6:11],0
[0:19],[0:19],[0:19],[0:19],[0:19],[0:19],[0:19],[0:19],[0:19],[0:19],[0:19],[0:19],[0:19],[7:11],[0:19],[0:19],[0:19],[0:19],[0:19],[6:11],0
[0:19],[0:19],[0:19],[0:19],[0:19],[0:19],[0:19],[0:19],[0:19],[0:19],[0:19],[0:19],[0:19],[12:14],[0:19],[0:19],[0:19],[0:19],[0:19],[6:11],0
[0:19],[0:19],[0:19],[0:19],[0:19],[0:19],[0:19],[0:19],[0:19],[0:19],[0:19],[0:19],[0:19],[7:11],[0:19],[0:19],[0:19],[0:19],[0:19],[6:11],1
[0:19],[0:19],[0:19],[0:19],[0:19],[0:19],[0:19],[0:19],[0:19],[0:19],[0:19],[0:19],[0:19],[7:11],[0:19],[0:19],[0:19],[0:19],[0:19],[6:11],0
[0:19],[0:19],[0:19],[0:19],[0:19],[0:19],[0:19],[0:19],[0:19],[0:19],[0:19],[0:19],[0:19],[7:11],[0:19],[0:19],[0:19],[0:19],[0:19],[6:11],1
[0:19],[0:19],[0:19],[0:19],[0:19],[0:19],[0:19],[0:19],[0:19],[0:19],[0:19],[0:19],[0:19],[7:11],[0:19],[0:19],[0:19],[0:19],[0:19],[6:11],0
[0:19],[0:19],[0:19],[0:19],[0:19],[0:19],[0:19],[0:19],[0:19],[0:19],[0:19],[0:19],[0:19],[7:11],[0:19],[0:19],[0:19],[0:19],[0:19],[6:11],0
[0:19],[0:19],[0:19],[0:19],[0:19],[0:19],[0:19],[0:19],[0:19],[0:19],[0:19],[0:19],[0:19],[12:14],[0:19],[0:19],[0:19],[0:19],[0:19],[6:11],0
[0:19],[0:19],[0:19],[0:19],[0:19],[0:19],[0:19],[0:19],[0:19],[0:19],[0:19],[0:19],[0:19],[7:11],[0:19],[0:19],[0:19],[0:19],[0:19],[3:5],0
[0:19],[0:19],[0:19],[0:19],[0:19],[0:19],[0:19],[0:19],[0:19],[0:19],[0:19],[0:19],[0:19],[7:11],[0:19],[0:19],[0:19],[0:19],[0:19],[6:11],1
[0:19],[0:19],[0:19],[0:19],[0:19],[0:19],[0:19],[0:19],[0:19],[0:19],[0:19],[0:19],[0:19],[7:11],[0:19],[0:19],[0:19],[0:19],[0:19],[6:11],1
[0:19],[0:19],[0:19],[0:19],[0:19],[0:19],[0:19],[0:19],[0:19],[0:19],[0:19],[0:19],[0:19],[7:11],[0:19],[0:19],[0:19],[0:19],[0:19],[6:11],1
[0:19],[0:19],[0:19],[0:19],[0:19],[0:19],[0:19],[0:19],[0:19],[0:19],[0:19],[0:19],[0:19],[7:11],[0:19],[0:19],[0:19],[0:19],[0:19],[6:11],0
[0:19],[0:19],[0:19],[0:19],[0:19],[0:19],[0:19],[0:19],[0:19],[0:19],[0:19],[0:19],[0:19],[7:11],[0:19],[0:19],[0:19],[0:19],[0:19],[6:11],1
[0:19],[0:19],[0:19],[0:19],[0:19],[0:19],[0:19],[0:19],[0:19],[0:19],[0:19],[0:19],[0:19],[7:11],[0:19],[0:19],[0:19],[0:19],[0:19],[6:11],0
[0:19],[0:19],[0:19],[0:19],[0:19],[0:19],[0:19],[0:19],[0:19],[0:19],[0:19],[0:19],[0:19],[12:14],[0:19],[0:19],[0:19],[0:19],[0:19],[6:11],0
[0:19],[0:19],[0:19],[0:19],[0:19],[0:19],[0:19],[0:19],[0:19],[0:19],[0:19],[0:19],[0:19],[7:11],[0:19],[0:19],[0:19],[0:19],[0:19],[6:11],0
[0:19],[0:19],[0:19],[0:19],[0:19],[0:19],[0:19],[0:19],[0:19],[0:19],[0:19],[0:19],[0:19],[7:11],[0:19],[0:19],[0:19],[0:19],[0:19],[6:11],1
[0:19],[0:19],[0:19],[0:19],[0:19],[0:19],[0:19],[0:19],[0:19],[0:19],[0:19],[0:19],[0:19],[7:11],[0:19],[0:19],[0:19],[0:19],[0:19],[6:11],0
[0:19],[0:19],[0:19],[0:19],[0:19],[0:19],[0:19],[0:19],[0:19],[0:19],[0:19],[0:19],[0:19],[12:14],[0:19],[0:19],[0:19],[0:19],[0:19],[6:11],0
[0:19],[0:19],[0:19],[0:19],[0:19],[0:19],[0:19],[0:19],[0:19],[0:19],[0:19],[0:19],[0:19],[7:11],[0:19],[0:19],[0:19],[0:19],[0:19],[6:11],1
[0:19],[0:19],[0:19],[0:19],[0:19],[0:19],[0:19],[0:19],[0:19],[0:19],[0:19],[0:19],[0:19],[7:11],[0:19],[0:19],[0:19],[0:19],[0:19],[6:11],1
[0:19],[0:19],[0:19],[0:19],[0:19],[0:19],[0:19],[0:19],[0:19],[0:19],[0:19],[0:19],[0:19],[7:11],[0:19],[0:19],[0:19],[0:19],[0:19],[6:11],1
[0:19],[0:19],[0:19],[0:19],[0:19],[0:19],[0:19],[0:19],[0:19],[0:19],[0:19],[0:19],[0:19],[7:11],[0:19],[0:19],[0:19],[0:19],[0:19],[6:11],0
[0:19],[0:19],[0:19],[0:19],[0:19],[0:19],[0:19],[0:19],[0:19],[0:19],[0:19],[0:19],[0:19],[7:11],[0:19],[0:19],[0:19],[0:19],[0:19],[6:11],1
[0:19],[0:19],[0:19],[0:19],[0:19],[0:19],[0:19],[0:19],[0:19],[0:19],[0:19],[0:19],[0:19],[7:11],[0:19],[0:19],[0:19],[0:19],[0:19],[6:11],1
[0:19],[0:19],[0:19],[0:19],[0:19],[0:19],[0:19],[0:19],[0:19],[0:19],[0:19],[0:19],[0:19],[7:11],[0:19],[0:19],[0:19],[0:19],[0:19],[12:15],1
[0:19],[0:19],[0:19],[0:19],[0:19],[0:19],[0:19],[0:19],[0:19],[0:19],[0:19],[0:19],[0:19],[7:11],[0:19],[0:19],[0:19],[0:19],[0:19],[6:11],0
[0:19],[0:19],[0:19],[0:19],[0:19],[0:19],[0:19],[0:19],[0:19],[0:19],[0:19],[0:19],[0:19],[12:14],[0:19],[0:19],[0:19],[0:19],[0:19],[6:11],1
[0:19],[0:19],[0:19],[0:19],[0:19],[0:19],[0:19],[0:19],[0:19],[0:19],[0:19],[0:19],[0:19],[7:11],[0:19],[0:19],[0:19],[0:19],[0:19],[6:11],1
[0:19],[0:19],[0:19],[0:19],[0:19],[0:19],[0:19],[0:19],[0:19],[0:19],[0:19],[0:19],[0:19],[7:11],[0:19],[0:19],[0:19],[0:19],[0:19],[6:11],1
[0:19],[0:19],[0:19],[0:19],[0:19],[0:19],[0:19],[0:19],[0:19],[0:19],[0:19],[0:19],[0:19],[7:11],[0:19],[0:19],[0:19],[0:19],[0:19],[6:11],1
[0:19],[0:19],[0:19],[0:19],[0:19],[0:19],[0:19],[0:19],[0:19],[0:19],[0:19],[0:19],[0:19],[7:11],[0:19],[0:19],[0:19],[0:19],[0:19],[12:15],1
[0:19],[0:19],[0:19],[0:19],[0:19],[0:19],[0:19],[0:19],[0:19],[0:19],[0:19],[0:19],[0:19],[7:11],[0:19],[0:19],[0:19],[0:19],[0:19],[6:11],1
[0:19],[0:19],[0:19],[0:19],[0:19],[0:19],[0:19],[0:19],[0:19],[0:19],[0:19],[0:19],[0:19],[7:11],[0:19],[0:19],[0:19],[0:19],[0:19],[6:11],1
[0:19],[0:19],[0:19],[0:19],[0:19],[0:19],[0:19],[0:19],[0:19],[0:19],[0:19],[0:19],[0:19],[7:11],[0:19],[0:19],[0:19],[0:19],[0:19],[6:11],1
[0:19],[0:19],[0:19],[0:19],[0:19],[0:19],[0:19],[0:19],[0:19],[0:19],[0:19],[0:19],[0:19],[7:11],[0:19],[0:19],[0:19],[0:19],[0:19],[6:11],0
[0:19],[0:19],[0:19],[0:19],[0:19],[0:19],[0:19],[0:19],[0:19],[0:19],[0:19],[0:19],[0:19],[7:11],[0:19],[0:19],[0:19],[0:19],[0:19],[6:11],0
[0:19],[0:19],[0:19],[0:19],[0:19],[0:19],[0:19],[0:19],[0:19],[0:19],[0:19],[0:19],[0:19],[7:11],[0:19],[0:19],[0:19],[0:19],[0:19],[6:11],1
[0:19],[0:19],[0:19],[0:19],[0:19],[0:19],[0:19],[0:19],[0:19],[0:19],[0:19],[0:19],[0:19],[0:6],[0:19],[0:19],[0:19],[0:19],[0:19],[6:11],0
[0:19],[0:19],[0:19],[0:19],[0:19],[0:19],[0:19],[0:19],[0:19],[0:19],[0:19],[0:19],[0:19],[7:11],[0:19],[0:19],[0:19],[0:19],[0:19],[6:11],1
[0:19],[0:19],[0:19],[0:19],[0:19],[0:19],[0:19],[0:19],[0:19],[0:19],[0:19],[0:19],[0:19],[7:11],[0:19],[0:19],[0:19],[0:19],[0:19],[6:11],1
[0:19],[0:19],[0:19],[0:19],[0:19],[0:19],[0:19],[0:19],[0:19],[0:19],[0:19],[0:19],[0:19],[12:14],[0:19],[0:19],[0:19],[0:19],[0:19],[6:11],1
[0:19],[0:19],[0:19],[0:19],[0:19],[0:19],[0:19],[0:19],[0:19],[0:19],[0:19],[0:19],[0:19],[7:11],[0:19],[0:19],[0:19],[0:19],[0:19],[6:11],1
[0:19],[0:19],[0:19],[0:19],[0:19],[0:19],[0:19],[0:19],[0:19],[0:19],[0:19],[0:19],[0:19],[12:14],[0:19],[0:19],[0:19],[0:19],[0:19],[6:11],0
[0:19],[0:19],[0:19],[0:19],[0:19],[0:19],[0:19],[0:19],[0:19],[0:19],[0:19],[0:19],[0:19],[7:11],[0:19],[0:19],[0:19],[0:19],[0:19],[6:11],1
[0:19],[0:19],[0:19],[0:19],[0:19],[0:19],[0:19],[0:19],[0:19],[0:19],[0:19],[0:19],[0:19],[7:11],[0:19],[0:19],[0:19],[0:19],[0:19],[12:15],0
[0:19],[0:19],[0:19],[0:19],[0:19],[0:19],[0:19],[0:19],[0:19],[0:19],[0:19],[0:19],[0:19],[12:14],[0:19],[0:19],[0:19],[0:19],[0:19],[3:5],0
[0:19],[0:19],[0:19],[0:19],[0:19],[0:19],[0:19],[0:19],[0:19],[0:19],[0:19],[0:19],[0:19],[7:11],[0:19],[0:19],[0:19],[0:19],[0:19],[6:11],0
[0:19],[0:19],[0:19],[0:19],[0:19],[0:19],[0:19],[0:19],[0:19],[0:19],[0:19],[0:19],[0:19],[7:11],[0:19],[0:19],[0:19],[0:19],[0:19],[12:15],1
[0:19],[0:19],[0:19],[0:19],[0:19],[0:19],[0:19],[0:19],[0:19],[0:19],[0:19],[0:19],[0:19],[0:6],[0:19],[0:19],[0:19],[0:19],[0:19],[6:11],0
[0:19],[0:19],[0:19],[0:19],[0:19],[0:19],[0:19],[0:19],[0:19],[0:19],[0:19],[0:19],[0:19],[7:11],[0:19],[0:19],[0:19],[0:19],[0:19],[6:11],0
[0:19],[0:19],[0:19],[0:19],[0:19],[0:19],[0:19],[0:19],[0:19],[0:19],[0:19],[0:19],[0:19],[12:14],[0:19],[0:19],[0:19],[0:19],[0:19],[6:11],1
[0:19],[0:19],[0:19],[0:19],[0:19],[0:19],[0:19],[0:19],[0:19],[0:19],[0:19],[0:19],[0:19],[7:11],[0:19],[0:19],[0:19],[0:19],[0:19],[6:11],0
[0:19],[0:19],[0:19],[0:19],[0:19],[0:19],[0:19],[0:19],[0:19],[0:19],[0:19],[0:19],[0:19],[7:11],[0:19],[0:19],[0:19],[0:19],[0:19],[6:11],1
[0:19],[0:19],[0:19],[0:19],[0:19],[0:19],[0:19],[0:19],[0:19],[0:19],[0:19],[0:19],[0:19],[7:11],[0:19],[0:19],[0:19],[0:19],[0:19],[6:11],1
[0:19],[0:19],[0:19],[0:19],[0:19],[0:19],[0:19],[0:19],[0:19],[0:19],[0:19],[0:19],[0:19],[15:19],[0:19],[0:19],[0:19],[0:19],[0:19],[6:11],0
[0:19],[0:19],[0:19],[0:19],[0:19],[0:19],[0:19],[0:19],[0:19],[0:19],[0:19],[0:19],[0:19],[7:11],[0:19],[0:19],[0:19],[0:19],[0:19],[12:15],0
[0:19],[0:19],[0:19],[0:19],[0:19],[0:19],[0:19],[0:19],[0:19],[0:19],[0:19],[0:19],[0:19],[7:11],[0:19],[0:19],[0:19],[0:19],[0:19],[6:11],1
[0:19],[0:19],[0:19],[0:19],[0:19],[0:19],[0:19],[0:19],[0:19],[0:19],[0:19],[0:19],[0:19],[7:11],[0:19],[0:19],[0:19],[0:19],[0:19],[6:11],1
[0:19],[0:19],[0:19],[0:19],[0:19],[0:19],[0:19],[0:19],[0:19],[0:19],[0:19],[0:19],[0:19],[7:11],[0:19],[0:19],[0:19],[0:19],[0:19],[6:11],1
[0:19],[0:19],[0:19],[0:19],[0:19],[0:19],[0:19],[0:19],[0:19],[0:19],[0:19],[0:19],[0:19],[7:11],[0:19],[0:19],[0:19],[0:19],[0:19],[6:11],1
[0:19],[0:19],[0:19],[0:19],[0:19],[0:19],[0:19],[0:19],[0:19],[0:19],[0:19],[0:19],[0:19],[7:11],[0:19],[0:19],[0:19],[0:19],[0:19],[6:11],1
[0:19],[0:19],[0:19],[0:19],[0:19],[0:19],[0:19],[0:19],[0:19],[0:19],[0:19],[0:19],[0:19],[12:14],[0:19],[0:19],[0:19],[0:19],[0:19],[6:11],0
[0:19],[0:19],[0:19],[0:19],[0:19],[0:19],[0:19],[0:19],[0:19],[0:19],[0:19],[0:19],[0:19],[7:11],[0:19],[0:19],[0:19],[0:19],[0:19],[12:15],1
[0:19],[0:19],[0:19],[0:19],[0:19],[0:19],[0:19],[0:19],[0:19],[0:19],[0:19],[0:19],[0:19],[12:14],[0:19],[0:19],[0:19],[0:19],[0:19],[6:11],1
[0:19],[0:19],[0:19],[0:19],[0:19],[0:19],[0:19],[0:19],[0:19],[0:19],[0:19],[0:19],[0:19],[7:11],[0:19],[0:19],[0:19],[0:19],[0:19],[6:11],0
[0:19],[0:19],[0:19],[0:19],[0:19],[0:19],[0:19],[0:19],[0:19],[0:19],[0:19],[0:19],[0:19],[7:11],[0:19],[0:19],[0:19],[0:19],[0:19],[6:11],1
[0:19],[0:19],[0:19],[0:19],[0:19],[0:19],[0:19],[0:19],[0:19],[0:19],[0:19],[0:19],[0:19],[7:11],[0:19],[0:19],[0:19],[0:19],[0:19],[3:5],0
[0:19],[0:19],[0:19],[0:19],[0:19],[0:19],[0:19],[0:19],[0:19],[0:19],[0:19],[0:19],[0:19],[7:11],[0:19],[0:19],[0:19],[0:19],[0:19],[6:11],0
[0:19],[0:19],[0:19],[0:19],[0:19],[0:19],[0:19],[0:19],[0:19],[0:19],[0:19],[0:19],[0:19],[7:11],[0:19],[0:19],[0:19],[0:19],[0:19],[6:11],1
[0:19],[0:19],[0:19],[0:19],[0:19],[0:19],[0:19],[0:19],[0:19],[0:19],[0:19],[0:19],[0:19],[0:6],[0:19],[0:19],[0:19],[0:19],[0:19],[3:5],0
[0:19],[0:19],[0:19],[0:19],[0:19],[0:19],[0:19],[0:19],[0:19],[0:19],[0:19],[0:19],[0:19],[12:14],[0:19],[0:19],[0:19],[0:19],[0:19],[3:5],0
[0:19],[0:19],[0:19],[0:19],[0:19],[0:19],[0:19],[0:19],[0:19],[0:19],[0:19],[0:19],[0:19],[12:14],[0:19],[0:19],[0:19],[0:19],[0:19],[6:11],1
[0:19],[0:19],[0:19],[0:19],[0:19],[0:19],[0:19],[0:19],[0:19],[0:19],[0:19],[0:19],[0:19],[7:11],[0:19],[0:19],[0:19],[0:19],[0:19],[6:11],1
[0:19],[0:19],[0:19],[0:19],[0:19],[0:19],[0:19],[0:19],[0:19],[0:19],[0:19],[0:19],[0:19],[12:14],[0:19],[0:19],[0:19],[0:19],[0:19],[6:11],0
[0:19],[0:19],[0:19],[0:19],[0:19],[0:19],[0:19],[0:19],[0:19],[0:19],[0:19],[0:19],[0:19],[12:14],[0:19],[0:19],[0:19],[0:19],[0:19],[6:11],1
[0:19],[0:19],[0:19],[0:19],[0:19],[0:19],[0:19],[0:19],[0:19],[0:19],[0:19],[0:19],[0:19],[7:11],[0:19],[0:19],[0:19],[0:19],[0:19],[6:11],1
[0:19],[0:19],[0:19],[0:19],[0:19],[0:19],[0:19],[0:19],[0:19],[0:19],[0:19],[0:19],[0:19],[7:11],[0:19],[0:19],[0:19],[0:19],[0:19],[6:11],1
[0:19],[0:19],[0:19],[0:19],[0:19],[0:19],[0:19],[0:19],[0:19],[0:19],[0:19],[0:19],[0:19],[7:11],[0:19],[0:19],[0:19],[0:19],[0:19],[6:11],0
[0:19],[0:19],[0:19],[0:19],[0:19],[0:19],[0:19],[0:19],[0:19],[0:19],[0:19],[0:19],[0:19],[12:14],[0:19],[0:19],[0:19],[0:19],[0:19],[6:11],1
[0:19],[0:19],[0:19],[0:19],[0:19],[0:19],[0:19],[0:19],[0:19],[0:19],[0:19],[0:19],[0:19],[12:14],[0:19],[0:19],[0:19],[0:19],[0:19],[6:11],0
[0:19],[0:19],[0:19],[0:19],[0:19],[0:19],[0:19],[0:19],[0:19],[0:19],[0:19],[0:19],[0:19],[12:14],[0:19],[0:19],[0:19],[0:19],[0:19],[6:11],1
[0:19],[0:19],[0:19],[0:19],[0:19],[0:19],[0:19],[0:19],[0:19],[0:19],[0:19],[0:19],[0:19],[12:14],[0:19],[0:19],[0:19],[0:19],[0:19],[6:11],1
[0:19],[0:19],[0:19],[0:19],[0:19],[0:19],[0:19],[0:19],[0:19],[0:19],[0:19],[0:19],[0:19],[7:11],[0:19],[0:19],[0:19],[0:19],[0:19],[6:11],1
[0:19],[0:19],[0:19],[0:19],[0:19],[0:19],[0:19],[0:19],[0:19],[0:19],[0:19],[0:19],[0:19],[7:11],[0:19],[0:19],[0:19],[0:19],[0:19],[6:11],0
[0:19],[0:19],[0:19],[0:19],[0:19],[0:19],[0:19],[0:19],[0:19],[0:19],[0:19],[0:19],[0:19],[7:11],[0:19],[0:19],[0:19],[0:19],[0:19],[6:11],1
[0:19],[0:19],[0:19],[0:19],[0:19],[0:19],[0:19],[0:19],[0:19],[0:19],[0:19],[0:19],[0:19],[7:11],[0:19],[0:19],[0:19],[0:19],[0:19],[6:11],0
[0:19],[0:19],[0:19],[0:19],[0:19],[0:19],[0:19],[0:19],[0:19],[0:19],[0:19],[0:19],[0:19],[0:6],[0:19],[0:19],[0:19],[0:19],[0:19],[6:11],0
[0:19],[0:19],[0:19],[0:19],[0:19],[0:19],[0:19],[0:19],[0:19],[0:19],[0:19],[0:19],[0:19],[7:11],[0:19],[0:19],[0:19],[0:19],[0:19],[6:11],1
[0:19],[0:19],[0:19],[0:19],[0:19],[0:19],[0:19],[0:19],[0:19],[0:19],[0:19],[0:19],[0:19],[7:11],[0:19],[0:19],[0:19],[0:19],[0:19],[12:15],1
[0:19],[0:19],[0:19],[0:19],[0:19],[0:19],[0:19],[0:19],[0:19],[0:19],[0:19],[0:19],[0:19],[12:14],[0:19],[0:19],[0:19],[0:19],[0:19],[6:11],0
[0:19],[0:19],[0:19],[0:19],[0:19],[0:19],[0:19],[0:19],[0:19],[0:19],[0:19],[0:19],[0:19],[7:11],[0:19],[0:19],[0:19],[0:19],[0:19],[6:11],0
[0:19],[0:19],[0:19],[0:19],[0:19],[0:19],[0:19],[0:19],[0:19],[0:19],[0:19],[0:19],[0:19],[0:6],[0:19],[0:19],[0:19],[0:19],[0:19],[12:15],0
[0:19],[0:19],[0:19],[0:19],[0:19],[0:19],[0:19],[0:19],[0:19],[0:19],[0:19],[0:19],[0:19],[15:19],[0:19],[0:19],[0:19],[0:19],[0:19],[3:5],0
[0:19],[0:19],[0:19],[0:19],[0:19],[0:19],[0:19],[0:19],[0:19],[0:19],[0:19],[0:19],[0:19],[7:11],[0:19],[0:19],[0:19],[0:19],[0:19],[6:11],0
[0:19],[0:19],[0:19],[0:19],[0:19],[0:19],[0:19],[0:19],[0:19],[0:19],[0:19],[0:19],[0:19],[7:11],[0:19],[0:19],[0:19],[0:19],[0:19],[6:11],0
[0:19],[0:19],[0:19],[0:19],[0:19],[0:19],[0:19],[0:19],[0:19],[0:19],[0:19],[0:19],[0:19],[7:11],[0:19],[0:19],[0:19],[0:19],[0:19],[6:11],0
[0:19],[0:19],[0:19],[0:19],[0:19],[0:19],[0:19],[0:19],[0:19],[0:19],[0:19],[0:19],[0:19],[7:11],[0:19],[0:19],[0:19],[0:19],[0:19],[6:11],1
[0:19],[0:19],[0:19],[0:19],[0:19],[0:19],[0:19],[0:19],[0:19],[0:19],[0:19],[0:19],[0:19],[0:6],[0:19],[0:19],[0:19],[0:19],[0:19],[6:11],0
[0:19],[0:19],[0:19],[0:19],[0:19],[0:19],[0:19],[0:19],[0:19],[0:19],[0:19],[0:19],[0:19],[7:11],[0:19],[0:19],[0:19],[0:19],[0:19],[6:11],1
[0:19],[0:19],[0:19],[0:19],[0:19],[0:19],[0:19],[0:19],[0:19],[0:19],[0:19],[0:19],[0:19],[7:11],[0:19],[0:19],[0:19],[0:19],[0:19],[6:11],1
[0:19],[0:19],[0:19],[0:19],[0:19],[0:19],[0:19],[0:19],[0:19],[0:19],[0:19],[0:19],[0:19],[0:6],[0:19],[0:19],[0:19],[0:19],[0:19],[6:11],1
[0:19],[0:19],[0:19],[0:19],[0:19],[0:19],[0:19],[0:19],[0:19],[0:19],[0:19],[0:19],[0:19],[15:19],[0:19],[0:19],[0:19],[0:19],[0:19],[3:5],0
[0:19],[0:19],[0:19],[0:19],[0:19],[0:19],[0:19],[0:19],[0:19],[0:19],[0:19],[0:19],[0:19],[12:14],[0:19],[0:19],[0:19],[0:19],[0:19],[6:11],1
[0:19],[0:19],[0:19],[0:19],[0:19],[0:19],[0:19],[0:19],[0:19],[0:19],[0:19],[0:19],[0:19],[7:11],[0:19],[0:19],[0:19],[0:19],[0:19],[6:11],0
[0:19],[0:19],[0:19],[0:19],[0:19],[0:19],[0:19],[0:19],[0:19],[0:19],[0:19],[0:19],[0:19],[7:11],[0:19],[0:19],[0:19],[0:19],[0:19],[12:15],0
[0:19],[0:19],[0:19],[0:19],[0:19],[0:19],[0:19],[0:19],[0:19],[0:19],[0:19],[0:19],[0:19],[7:11],[0:19],[0:19],[0:19],[0:19],[0:19],[6:11],1
[0:19],[0:19],[0:19],[0:19],[0:19],[0:19],[0:19],[0:19],[0:19],[0:19],[0:19],[0:19],[0:19],[7:11],[0:19],[0:19],[0:19],[0:19],[0:19],[6:11],0
[0:19],[0:19],[0:19],[0:19],[0:19],[0:19],[0:19],[0:19],[0:19],[0:19],[0:19],[0:19],[0:19],[7:11],[0:19],[0:19],[0:19],[0:19],[0:19],[6:11],1
[0:19],[0:19],[0:19],[0:19],[0:19],[0:19],[0:19],[0:19],[0:19],[0:19],[0:19],[0:19],[0:19],[7:11],[0:19],[0:19],[0:19],[0:19],[0:19],[6:11],1
[0:19],[0:19],[0:19],[0:19],[0:19],[0:19],[0:19],[0:19],[0:19],[0:19],[0:19],[0:19],[0:19],[7:11],[0:19],[0:19],[0:19],[0:19],[0:19],[6:11],0
[0:19],[0:19],[0:19],[0:19],[0:19],[0:19],[0:19],[0:19],[0:19],[0:19],[0:19],[0:19],[0:19],[7:11],[0:19],[0:19],[0:19],[0:19],[0:19],[6:11],1
[0:19],[0:19],[0:19],[0:19],[0:19],[0:19],[0:19],[0:19],[0:19],[0:19],[0:19],[0:19],[0:19],[7:11],[0:19],[0:19],[0:19],[0:19],[0:19],[6:11],1
[0:19],[0:19],[0:19],[0:19],[0:19],[0:19],[0:19],[0:19],[0:19],[0:19],[0:19],[0:19],[0:19],[7:11],[0:19],[0:19],[0:19],[0:19],[0:19],[6:11],0
[0:19],[0:19],[0:19],[0:19],[0:19],[0:19],[0:19],[0:19],[0:19],[0:19],[0:19],[0:19],[0:19],[7:11],[0:19],[0:19],[0:19],[0:19],[0:19],[6:11],0
[0:19],[0:19],[0:19],[0:19],[0:19],[0:19],[0:19],[0:19],[0:19],[0:19],[0:19],[0:19],[0:19],[12:14],[0:19],[0:19],[0:19],[0:19],[0:19],[6:11],0
[0:19],[0:19],[0:19],[0:19],[0:19],[0:19],[0:19],[0:19],[0:19],[0:19],[0:19],[0:19],[0:19],[0:6],[0:19],[0:19],[0:19],[0:19],[0:19],[6:11],0
[0:19],[0:19],[0:19],[0:19],[0:19],[0:19],[0:19],[0:19],[0:19],[0:19],[0:19],[0:19],[0:19],[7:11],[0:19],[0:19],[0:19],[0:19],[0:19],[6:11],0
[0:19],[0:19],[0:19],[0:19],[0:19],[0:19],[0:19],[0:19],[0:19],[0:19],[0:19],[0:19],[0:19],[7:11],[0:19],[0:19],[0:19],[0:19],[0:19],[6:11],1
[0:19],[0:19],[0:19],[0:19],[0:19],[0:19],[0:19],[0:19],[0:19],[0:19],[0:19],[0:19],[0:19],[7:11],[0:19],[0:19],[0:19],[0:19],[0:19],[6:11],1
[0:19],[0:19],[0:19],[0:19],[0:19],[0:19],[0:19],[0:19],[0:19],[0:19],[0:19],[0:19],[0:19],[7:11],[0:19],[0:19],[0:19],[0:19],[0:19],[3:5],0
[0:19],[0:19],[0:19],[0:19],[0:19],[0:19],[0:19],[0:19],[0:19],[0:19],[0:19],[0:19],[0:19],[7:11],[0:19],[0:19],[0:19],[0:19],[0:19],[6:11],0
[0:19],[0:19],[0:19],[0:19],[0:19],[0:19],[0:19],[0:19],[0:19],[0:19],[0:19],[0:19],[0:19],[0:6],[0:19],[0:19],[0:19],[0:19],[0:19],[6:11],0
[0:19],[0:19],[0:19],[0:19],[0:19],[0:19],[0:19],[0:19],[0:19],[0:19],[0:19],[0:19],[0:19],[7:11],[0:19],[0:19],[0:19],[0:19],[0:19],[6:11],0
[0:19],[0:19],[0:19],[0:19],[0:19],[0:19],[0:19],[0:19],[0:19],[0:19],[0:19],[0:19],[0:19],[7:11],[0:19],[0:19],[0:19],[0:19],[0:19],[6:11],0
[0:19],[0:19],[0:19],[0:19],[0:19],[0:19],[0:19],[0:19],[0:19],[0:19],[0:19],[0:19],[0:19],[12:14],[0:19],[0:19],[0:19],[0:19],[0:19],[12:15],1
[0:19],[0:19],[0:19],[0:19],[0:19],[0:19],[0:19],[0:19],[0:19],[0:19],[0:19],[0:19],[0:19],[7:11],[0:19],[0:19],[0:19],[0:19],[0:19],[6:11],1
[0:19],[0:19],[0:19],[0:19],[0:19],[0:19],[0:19],[0:19],[0:19],[0:19],[0:19],[0:19],[0:19],[12:14],[0:19],[0:19],[0:19],[0:19],[0:19],[6:11],1
[0:19],[0:19],[0:19],[0:19],[0:19],[0:19],[0:19],[0:19],[0:19],[0:19],[0:19],[0:19],[0:19],[12:14],[0:19],[0:19],[0:19],[0:19],[0:19],[6:11],1
[0:19],[0:19],[0:19],[0:19],[0:19],[0:19],[0:19],[0:19],[0:19],[0:19],[0:19],[0:19],[0:19],[7:11],[0:19],[0:19],[0:19],[0:19],[0:19],[6:11],1
[0:19],[0:19],[0:19],[0:19],[0:19],[0:19],[0:19],[0:19],[0:19],[0:19],[0:19],[0:19],[0:19],[12:14],[0:19],[0:19],[0:19],[0:19],[0:19],[6:11],1
[0:19],[0:19],[0:19],[0:19],[0:19],[0:19],[0:19],[0:19],[0:19],[0:19],[0:19],[0:19],[0:19],[7:11],[0:19],[0:19],[0:19],[0:19],[0:19],[6:11],1
[0:19],[0:19],[0:19],[0:19],[0:19],[0:19],[0:19],[0:19],[0:19],[0:19],[0:19],[0:19],[0:19],[7:11],[0:19],[0:19],[0:19],[0:19],[0:19],[6:11],1
[0:19],[0:19],[0:19],[0:19],[0:19],[0:19],[0:19],[0:19],[0:19],[0:19],[0:19],[0:19],[0:19],[7:11],[0:19],[0:19],[0:19],[0:19],[0:19],[3:5],0
[0:19],[0:19],[0:19],[0:19],[0:19],[0:19],[0:19],[0:19],[0:19],[0:19],[0:19],[0:19],[0:19],[7:11],[0:19],[0:19],[0:19],[0:19],[0:19],[6:11],0
[0:19],[0:19],[0:19],[0:19],[0:19],[0:19],[0:19],[0:19],[0:19],[0:19],[0:19],[0:19],[0:19],[7:11],[0:19],[0:19],[0:19],[0:19],[0:19],[6:11],0
[0:19],[0:19],[0:19],[0:19],[0:19],[0:19],[0:19],[0:19],[0:19],[0:19],[0:19],[0:19],[0:19],[12:14],[0:19],[0:19],[0:19],[0:19],[0:19],[6:11],0
[0:19],[0:19],[0:19],[0:19],[0:19],[0:19],[0:19],[0:19],[0:19],[0:19],[0:19],[0:19],[0:19],[7:11],[0:19],[0:19],[0:19],[0:19],[0:19],[6:11],0
[0:19],[0:19],[0:19],[0:19],[0:19],[0:19],[0:19],[0:19],[0:19],[0:19],[0:19],[0:19],[0:19],[12:14],[0:19],[0:19],[0:19],[0:19],[0:19],[6:11],0
[0:19],[0:19],[0:19],[0:19],[0:19],[0:19],[0:19],[0:19],[0:19],[0:19],[0:19],[0:19],[0:19],[0:6],[0:19],[0:19],[0:19],[0:19],[0:19],[6:11],0
[0:19],[0:19],[0:19],[0:19],[0:19],[0:19],[0:19],[0:19],[0:19],[0:19],[0:19],[0:19],[0:19],[7:11],[0:19],[0:19],[0:19],[0:19],[0:19],[6:11],0
[0:19],[0:19],[0:19],[0:19],[0:19],[0:19],[0:19],[0:19],[0:19],[0:19],[0:19],[0:19],[0:19],[7:11],[0:19],[0:19],[0:19],[0:19],[0:19],[6:11],1
[0:19],[0:19],[0:19],[0:19],[0:19],[0:19],[0:19],[0:19],[0:19],[0:19],[0:19],[0:19],[0:19],[7:11],[0:19],[0:19],[0:19],[0:19],[0:19],[6:11],0
[0:19],[0:19],[0:19],[0:19],[0:19],[0:19],[0:19],[0:19],[0:19],[0:19],[0:19],[0:19],[0:19],[7:11],[0:19],[0:19],[0:19],[0:19],[0:19],[6:11],0
[0:19],[0:19],[0:19],[0:19],[0:19],[0:19],[0:19],[0:19],[0:19],[0:19],[0:19],[0:19],[0:19],[7:11],[0:19],[0:19],[0:19],[0:19],[0:19],[6:11],0
[0:19],[0:19],[0:19],[0:19],[0:19],[0:19],[0:19],[0:19],[0:19],[0:19],[0:19],[0:19],[0:19],[7:11],[0:19],[0:19],[0:19],[0:19],[0:19],[6:11],1
[0:19],[0:19],[0:19],[0:19],[0:19],[0:19],[0:19],[0:19],[0:19],[0:19],[0:19],[0:19],[0:19],[7:11],[0:19],[0:19],[0:19],[0:19],[0:19],[6:11],0
[0:19],[0:19],[0:19],[0:19],[0:19],[0:19],[0:19],[0:19],[0:19],[0:19],[0:19],[0:19],[0:19],[7:11],[0:19],[0:19],[0:19],[0:19],[0:19],[6:11],0
[0:19],[0:19],[0:19],[0:19],[0:19],[0:19],[0:19],[0:19],[0:19],[0:19],[0:19],[0:19],[0:19],[7:11],[0:19],[0:19],[0:19],[0:19],[0:19],[6:11],1
[0:19],[0:19],[0:19],[0:19],[0:19],[0:19],[0:19],[0:19],[0:19],[0:19],[0:19],[0:19],[0:19],[7:11],[0:19],[0:19],[0:19],[0:19],[0:19],[12:15],1
[0:19],[0:19],[0:19],[0:19],[0:19],[0:19],[0:19],[0:19],[0:19],[0:19],[0:19],[0:19],[0:19],[7:11],[0:19],[0:19],[0:19],[0:19],[0:19],[6:11],1
[0:19],[0:19],[0:19],[0:19],[0:19],[0:19],[0:19],[0:19],[0:19],[0:19],[0:19],[0:19],[0:19],[12:14],[0:19],[0:19],[0:19],[0:19],[0:19],[6:11],0
[0:19],[0:19],[0:19],[0:19],[0:19],[0:19],[0:19],[0:19],[0:19],[0:19],[0:19],[0:19],[0:19],[7:11],[0:19],[0:19],[0:19],[0:19],[0:19],[6:11],0
[0:19],[0:19],[0:19],[0:19],[0:19],[0:19],[0:19],[0:19],[0:19],[0:19],[0:19],[0:19],[0:19],[7:11],[0:19],[0:19],[0:19],[0:19],[0:19],[3:5],0
[0:19],[0:19],[0:19],[0:19],[0:19],[0:19],[0:19],[0:19],[0:19],[0:19],[0:19],[0:19],[0:19],[7:11],[0:19],[0:19],[0:19],[0:19],[0:19],[6:11],1
[0:19],[0:19],[0:19],[0:19],[0:19],[0:19],[0:19],[0:19],[0:19],[0:19],[0:19],[0:19],[0:19],[7:11],[0:19],[0:19],[0:19],[0:19],[0:19],[6:11],1
[0:19],[0:19],[0:19],[0:19],[0:19],[0:19],[0:19],[0:19],[0:19],[0:19],[0:19],[0:19],[0:19],[7:11],[0:19],[0:19],[0:19],[0:19],[0:19],[6:11],0
[0:19],[0:19],[0:19],[0:19],[0:19],[0:19],[0:19],[0:19],[0:19],[0:19],[0:19],[0:19],[0:19],[7:11],[0:19],[0:19],[0:19],[0:19],[0:19],[6:11],0
[0:19],[0:19],[0:19],[0:19],[0:19],[0:19],[0:19],[0:19],[0:19],[0:19],[0:19],[0:19],[0:19],[7:11],[0:19],[0:19],[0:19],[0:19],[0:19],[6:11],0
[0:19],[0:19],[0:19],[0:19],[0:19],[0:19],[0:19],[0:19],[0:19],[0:19],[0:19],[0:19],[0:19],[0:6],[0:19],[0:19],[0:19],[0:19],[0:19],[3:5],0
[0:19],[0:19],[0:19],[0:19],[0:19],[0:19],[0:19],[0:19],[0:19],[0:19],[0:19],[0:19],[0:19],[7:11],[0:19],[0:19],[0:19],[0:19],[0:19],[6:11],1
[0:19],[0:19],[0:19],[0:19],[0:19],[0:19],[0:19],[0:19],[0:19],[0:19],[0:19],[0:19],[0:19],[12:14],[0:19],[0:19],[0:19],[0:19],[0:19],[6:11],0
[0:19],[0:19],[0:19],[0:19],[0:19],[0:19],[0:19],[0:19],[0:19],[0:19],[0:19],[0:19],[0:19],[7:11],[0:19],[0:19],[0:19],[0:19],[0:19],[6:11],1
[0:19],[0:19],[0:19],[0:19],[0:19],[0:19],[0:19],[0:19],[0:19],[0:19],[0:19],[0:19],[0:19],[7:11],[0:19],[0:19],[0:19],[0:19],[0:19],[6:11],0
[0:19],[0:19],[0:19],[0:19],[0:19],[0:19],[0:19],[0:19],[0:19],[0:19],[0:19],[0:19],[0:19],[7:11],[0:19],[0:19],[0:19],[0:19],[0:19],[6:11],1
[0:19],[0:19],[0:19],[0:19],[0:19],[0:19],[0:19],[0:19],[0:19],[0:19],[0:19],[0:19],[0:19],[0:6],[0:19],[0:19],[0:19],[0:19],[0:19],[6:11],0
[0:19],[0:19],[0:19],[0:19],[0:19],[0:19],[0:19],[0:19],[0:19],[0:19],[0:19],[0:19],[0:19],[7:11],[0:19],[0:19],[0:19],[0:19],[0:19],[12:15],1
[0:19],[0:19],[0:19],[0:19],[0:19],[0:19],[0:19],[0:19],[0:19],[0:19],[0:19],[0:19],[0:19],[7:11],[0:19],[0:19],[0:19],[0:19],[0:19],[6:11],0
[0:19],[0:19],[0:19],[0:19],[0:19],[0:19],[0:19],[0:19],[0:19],[0:19],[0:19],[0:19],[0:19],[12:14],[0:19],[0:19],[0:19],[0:19],[0:19],[6:11],1
[0:19],[0:19],[0:19],[0:19],[0:19],[0:19],[0:19],[0:19],[0:19],[0:19],[0:19],[0:19],[0:19],[12:14],[0:19],[0:19],[0:19],[0:19],[0:19],[6:11],1
[0:19],[0:19],[0:19],[0:19],[0:19],[0:19],[0:19],[0:19],[0:19],[0:19],[0:19],[0:19],[0:19],[7:11],[0:19],[0:19],[0:19],[0:19],[0:19],[6:11],0
[0:19],[0:19],[0:19],[0:19],[0:19],[0:19],[0:19],[0:19],[0:19],[0:19],[0:19],[0:19],[0:19],[7:11],[0:19],[0:19],[0:19],[0:19],[0:19],[6:11],0
[0:19],[0:19],[0:19],[0:19],[0:19],[0:19],[0:19],[0:19],[0:19],[0:19],[0:19],[0:19],[0:19],[0:6],[0:19],[0:19],[0:19],[0:19],[0:19],[12:15],0
[0:19],[0:19],[0:19],[0:19],[0:19],[0:19],[0:19],[0:19],[0:19],[0:19],[0:19],[0:19],[0:19],[7:11],[0:19],[0:19],[0:19],[0:19],[0:19],[6:11],1
[0:19],[0:19],[0:19],[0:19],[0:19],[0:19],[0:19],[0:19],[0:19],[0:19],[0:19],[0:19],[0:19],[7:11],[0:19],[0:19],[0:19],[0:19],[0:19],[6:11],0
[0:19],[0:19],[0:19],[0:19],[0:19],[0:19],[0:19],[0:19],[0:19],[0:19],[0:19],[0:19],[0:19],[7:11],[0:19],[0:19],[0:19],[0:19],[0:19],[6:11],1
[0:19],[0:19],[0:19],[0:19],[0:19],[0:19],[0:19],[0:19],[0:19],[0:19],[0:19],[0:19],[0:19],[7:11],[0:19],[0:19],[0:19],[0:19],[0:19],[6:11],1
[0:19],[0:19],[0:19],[0:19],[0:19],[0:19],[0:19],[0:19],[0:19],[0:19],[0:19],[0:19],[0:19],[7:11],[0:19],[0:19],[0:19],[0:19],[0:19],[6:11],0
[0:19],[0:19],[0:19],[0:19],[0:19],[0:19],[0:19],[0:19],[0:19],[0:19],[0:19],[0:19],[0:19],[12:14],[0:19],[0:19],[0:19],[0:19],[0:19],[6:11],0
[0:19],[0:19],[0:19],[0:19],[0:19],[0:19],[0:19],[0:19],[0:19],[0:19],[0:19],[0:19],[0:19],[7:11],[0:19],[0:19],[0:19],[0:19],[0:19],[3:5],0
[0:19],[0:19],[0:19],[0:19],[0:19],[0:19],[0:19],[0:19],[0:19],[0:19],[0:19],[0:19],[0:19],[7:11],[0:19],[0:19],[0:19],[0:19],[0:19],[6:11],1
[0:19],[0:19],[0:19],[0:19],[0:19],[0:19],[0:19],[0:19],[0:19],[0:19],[0:19],[0:19],[0:19],[12:14],[0:19],[0:19],[0:19],[0:19],[0:19],[6:11],1
[0:19],[0:19],[0:19],[0:19],[0:19],[0:19],[0:19],[0:19],[0:19],[0:19],[0:19],[0:19],[0:19],[7:11],[0:19],[0:19],[0:19],[0:19],[0:19],[3:5],0
[0:19],[0:19],[0:19],[0:19],[0:19],[0:19],[0:19],[0:19],[0:19],[0:19],[0:19],[0:19],[0:19],[7:11],[0:19],[0:19],[0:19],[0:19],[0:19],[6:11],0
[0:19],[0:19],[0:19],[0:19],[0:19],[0:19],[0:19],[0:19],[0:19],[0:19],[0:19],[0:19],[0:19],[7:11],[0:19],[0:19],[0:19],[0:19],[0:19],[12:15],1
[0:19],[0:19],[0:19],[0:19],[0:19],[0:19],[0:19],[0:19],[0:19],[0:19],[0:19],[0:19],[0:19],[7:11],[0:19],[0:19],[0:19],[0:19],[0:19],[6:11],1
[0:19],[0:19],[0:19],[0:19],[0:19],[0:19],[0:19],[0:19],[0:19],[0:19],[0:19],[0:19],[0:19],[7:11],[0:19],[0:19],[0:19],[0:19],[0:19],[6:11],1
[0:19],[0:19],[0:19],[0:19],[0:19],[0:19],[0:19],[0:19],[0:19],[0:19],[0:19],[0:19],[0:19],[12:14],[0:19],[0:19],[0:19],[0:19],[0:19],[6:11],1
[0:19],[0:19],[0:19],[0:19],[0:19],[0:19],[0:19],[0:19],[0:19],[0:19],[0:19],[0:19],[0:19],[7:11],[0:19],[0:19],[0:19],[0:19],[0:19],[6:11],0
[0:19],[0:19],[0:19],[0:19],[0:19],[0:19],[0:19],[0:19],[0:19],[0:19],[0:19],[0:19],[0:19],[12:14],[0:19],[0:19],[0:19],[0:19],[0:19],[6:11],1
[0:19],[0:19],[0:19],[0:19],[0:19],[0:19],[0:19],[0:19],[0:19],[0:19],[0:19],[0:19],[0:19],[7:11],[0:19],[0:19],[0:19],[0:19],[0:19],[6:11],0
[0:19],[0:19],[0:19],[0:19],[0:19],[0:19],[0:19],[0:19],[0:19],[0:19],[0:19],[0:19],[0:19],[12:14],[0:19],[0:19],[0:19],[0:19],[0:19],[6:11],0
[0:19],[0:19],[0:19],[0:19],[0:19],[0:19],[0:19],[0:19],[0:19],[0:19],[0:19],[0:19],[0:19],[7:11],[0:19],[0:19],[0:19],[0:19],[0:19],[6:11],1
[0:19],[0:19],[0:19],[0:19],[0:19],[0:19],[0:19],[0:19],[0:19],[0:19],[0:19],[0:19],[0:19],[7:11],[0:19],[0:19],[0:19],[0:19],[0:19],[3:5],0
[0:19],[0:19],[0:19],[0:19],[0:19],[0:19],[0:19],[0:19],[0:19],[0:19],[0:19],[0:19],[0:19],[7:11],[0:19],[0:19],[0:19],[0:19],[0:19],[6:11],0
[0:19],[0:19],[0:19],[0:19],[0:19],[0:19],[0:19],[0:19],[0:19],[0:19],[0:19],[0:19],[0:19],[7:11],[0:19],[0:19],[0:19],[0:19],[0:19],[6:11],1
[0:19],[0:19],[0:19],[0:19],[0:19],[0:19],[0:19],[0:19],[0:19],[0:19],[0:19],[0:19],[0:19],[7:11],[0:19],[0:19],[0:19],[0:19],[0:19],[12:15],0
[0:19],[0:19],[0:19],[0:19],[0:19],[0:19],[0:19],[0:19],[0:19],[0:19],[0:19],[0:19],[0:19],[7:11],[0:19],[0:19],[0:19],[0:19],[0:19],[6:11],0
[0:19],[0:19],[0:19],[0:19],[0:19],[0:19],[0:19],[0:19],[0:19],[0:19],[0:19],[0:19],[0:19],[7:11],[0:19],[0:19],[0:19],[0:19],[0:19],[6:11],0
[0:19],[0:19],[0:19],[0:19],[0:19],[0:19],[0:19],[0:19],[0:19],[0:19],[0:19],[0:19],[0:19],[7:11],[0:19],[0:19],[0:19],[0:19],[0:19],[6:11],1
[0:19],[0:19],[0:19],[0:19],[0:19],[0:19],[0:19],[0:19],[0:19],[0:19],[0:19],[0:19],[0:19],[7:11],[0:19],[0:19],[0:19],[0:19],[0:19],[12:15],0
[0:19],[0:19],[0:19],[0:19],[0:19],[0:19],[0:19],[0:19],[0:19],[0:19],[0:19],[0:19],[0:19],[12:14],[0:19],[0:19],[0:19],[0:19],[0:19],[6:11],0
[0:19],[0:19],[0:19],[0:19],[0:19],[0:19],[0:19],[0:19],[0:19],[0:19],[0:19],[0:19],[0:19],[7:11],[0:19],[0:19],[0:19],[0:19],[0:19],[6:11],0
[0:19],[0:19],[0:19],[0:19],[0:19],[0:19],[0:19],[0:19],[0:19],[0:19],[0:19],[0:19],[0:19],[7:11],[0:19],[0:19],[0:19],[0:19],[0:19],[6:11],1
[0:19],[0:19],[0:19],[0:19],[0:19],[0:19],[0:19],[0:19],[0:19],[0:19],[0:19],[0:19],[0:19],[7:11],[0:19],[0:19],[0:19],[0:19],[0:19],[12:15],1
[0:19],[0:19],[0:19],[0:19],[0:19],[0:19],[0:19],[0:19],[0:19],[0:19],[0:19],[0:19],[0:19],[7:11],[0:19],[0:19],[0:19],[0:19],[0:19],[12:15],1
[0:19],[0:19],[0:19],[0:19],[0:19],[0:19],[0:19],[0:19],[0:19],[0:19],[0:19],[0:19],[0:19],[7:11],[0:19],[0:19],[0:19],[0:19],[0:19],[6:11],1
[0:19],[0:19],[0:19],[0:19],[0:19],[0:19],[0:19],[0:19],[0:19],[0:19],[0:19],[0:19],[0:19],[0:6],[0:19],[0:19],[0:19],[0:19],[0:19],[6:11],0
[0:19],[0:19],[0:19],[0:19],[0:19],[0:19],[0:19],[0:19],[0:19],[0:19],[0:19],[0:19],[0:19],[7:11],[0:19],[0:19],[0:19],[0:19],[0:19],[3:5],0
[0:19],[0:19],[0:19],[0:19],[0:19],[0:19],[0:19],[0:19],[0:19],[0:19],[0:19],[0:19],[0:19],[7:11],[0:19],[0:19],[0:19],[0:19],[0:19],[6:11],1
[0:19],[0:19],[0:19],[0:19],[0:19],[0:19],[0:19],[0:19],[0:19],[0:19],[0:19],[0:19],[0:19],[7:11],[0:19],[0:19],[0:19],[0:19],[0:19],[12:15],0
[0:19],[0:19],[0:19],[0:19],[0:19],[0:19],[0:19],[0:19],[0:19],[0:19],[0:19],[0:19],[0:19],[7:11],[0:19],[0:19],[0:19],[0:19],[0:19],[6:11],1
[0:19],[0:19],[0:19],[0:19],[0:19],[0:19],[0:19],[0:19],[0:19],[0:19],[0:19],[0:19],[0:19],[12:14],[0:19],[0:19],[0:19],[0:19],[0:19],[6:11],0
[0:19],[0:19],[0:19],[0:19],[0:19],[0:19],[0:19],[0:19],[0:19],[0:19],[0:19],[0:19],[0:19],[12:14],[0:19],[0:19],[0:19],[0:19],[0:19],[6:11],0
[0:19],[0:19],[0:19],[0:19],[0:19],[0:19],[0:19],[0:19],[0:19],[0:19],[0:19],[0:19],[0:19],[7:11],[0:19],[0:19],[0:19],[0:19],[0:19],[6:11],1
[0:19],[0:19],[0:19],[0:19],[0:19],[0:19],[0:19],[0:19],[0:19],[0:19],[0:19],[0:19],[0:19],[7:11],[0:19],[0:19],[0:19],[0:19],[0:19],[6:11],1
[0:19],[0:19],[0:19],[0:19],[0:19],[0:19],[0:19],[0:19],[0:19],[0:19],[0:19],[0:19],[0:19],[12:14],[0:19],[0:19],[0:19],[0:19],[0:19],[6:11],0
[0:19],[0:19],[0:19],[0:19],[0:19],[0:19],[0:19],[0:19],[0:19],[0:19],[0:19],[0:19],[0:19],[7:11],[0:19],[0:19],[0:19],[0:19],[0:19],[6:11],1
[0:19],[0:19],[0:19],[0:19],[0:19],[0:19],[0:19],[0:19],[0:19],[0:19],[0:19],[0:19],[0:19],[7:11],[0:19],[0:19],[0:19],[0:19],[0:19],[6:11],1
[0:19],[0:19],[0:19],[0:19],[0:19],[0:19],[0:19],[0:19],[0:19],[0:19],[0:19],[0:19],[0:19],[12:14],[0:19],[0:19],[0:19],[0:19],[0:19],[6:11],1
[0:19],[0:19],[0:19],[0:19],[0:19],[0:19],[0:19],[0:19],[0:19],[0:19],[0:19],[0:19],[0:19],[7:11],[0:19],[0:19],[0:19],[0:19],[0:19],[6:11],1
[0:19],[0:19],[0:19],[0:19],[0:19],[0:19],[0:19],[0:19],[0:19],[0:19],[0:19],[0:19],[0:19],[7:11],[0:19],[0:19],[0:19],[0:19],[0:19],[6:11],1
[0:19],[0:19],[0:19],[0:19],[0:19],[0:19],[0:19],[0:19],[0:19],[0:19],[0:19],[0:19],[0:19],[0:6],[0:19],[0:19],[0:19],[0:19],[0:19],[6:11],0
[0:19],[0:19],[0:19],[0:19],[0:19],[0:19],[0:19],[0:19],[0:19],[0:19],[0:19],[0:19],[0:19],[15:19],[0:19],[0:19],[0:19],[0:19],[0:19],[6:11],1
[0:19],[0:19],[0:19],[0:19],[0:19],[0:19],[0:19],[0:19],[0:19],[0:19],[0:19],[0:19],[0:19],[7:11],[0:19],[0:19],[0:19],[0:19],[0:19],[6:11],0
[0:19],[0:19],[0:19],[0:19],[0:19],[0:19],[0:19],[0:19],[0:19],[0:19],[0:19],[0:19],[0:19],[7:11],[0:19],[0:19],[0:19],[0:19],[0:19],[6:11],1
[0:19],[0:19],[0:19],[0:19],[0:19],[0:19],[0:19],[0:19],[0:19],[0:19],[0:19],[0:19],[0:19],[7:11],[0:19],[0:19],[0:19],[0:19],[0:19],[3:5],0
[0:19],[0:19],[0:19],[0:19],[0:19],[0:19],[0:19],[0:19],[0:19],[0:19],[0:19],[0:19],[0:19],[7:11],[0:19],[0:19],[0:19],[0:19],[0:19],[6:11],1
[0:19],[0:19],[0:19],[0:19],[0:19],[0:19],[0:19],[0:19],[0:19],[0:19],[0:19],[0:19],[0:19],[7:11],[0:19],[0:19],[0:19],[0:19],[0:19],[6:11],0
[0:19],[0:19],[0:19],[0:19],[0:19],[0:19],[0:19],[0:19],[0:19],[0:19],[0:19],[0:19],[0:19],[7:11],[0:19],[0:19],[0:19],[0:19],[0:19],[12:15],0
[0:19],[0:19],[0:19],[0:19],[0:19],[0:19],[0:19],[0:19],[0:19],[0:19],[0:19],[0:19],[0:19],[0:6],[0:19],[0:19],[0:19],[0:19],[0:19],[6:11],0
[0:19],[0:19],[0:19],[0:19],[0:19],[0:19],[0:19],[0:19],[0:19],[0:19],[0:19],[0:19],[0:19],[7:11],[0:19],[0:19],[0:19],[0:19],[0:19],[6:11],1
[0:19],[0:19],[0:19],[0:19],[0:19],[0:19],[0:19],[0:19],[0:19],[0:19],[0:19],[0:19],[0:19],[7:11],[0:19],[0:19],[0:19],[0:19],[0:19],[3:5],0
[0:19],[0:19],[0:19],[0:19],[0:19],[0:19],[0:19],[0:19],[0:19],[0:19],[0:19],[0:19],[0:19],[12:14],[0:19],[0:19],[0:19],[0:19],[0:19],[6:11],1
[0:19],[0:19],[0:19],[0:19],[0:19],[0:19],[0:19],[0:19],[0:19],[0:19],[0:19],[0:19],[0:19],[12:14],[0:19],[0:19],[0:19],[0:19],[0:19],[6:11],0
[0:19],[0:19],[0:19],[0:19],[0:19],[0:19],[0:19],[0:19],[0:19],[0:19],[0:19],[0:19],[0:19],[7:11],[0:19],[0:19],[0:19],[0:19],[0:19],[6:11],1
[0:19],[0:19],[0:19],[0:19],[0:19],[0:19],[0:19],[0:19],[0:19],[0:19],[0:19],[0:19],[0:19],[7:11],[0:19],[0:19],[0:19],[0:19],[0:19],[6:11],1
[0:19],[0:19],[0:19],[0:19],[0:19],[0:19],[0:19],[0:19],[0:19],[0:19],[0:19],[0:19],[0:19],[7:11],[0:19],[0:19],[0:19],[0:19],[0:19],[6:11],1
[0:19],[0:19],[0:19],[0:19],[0:19],[0:19],[0:19],[0:19],[0:19],[0:19],[0:19],[0:19],[0:19],[7:11],[0:19],[0:19],[0:19],[0:19],[0:19],[6:11],0
[0:19],[0:19],[0:19],[0:19],[0:19],[0:19],[0:19],[0:19],[0:19],[0:19],[0:19],[0:19],[0:19],[7:11],[0:19],[0:19],[0:19],[0:19],[0:19],[6:11],1
[0:19],[0:19],[0:19],[0:19],[0:19],[0:19],[0:19],[0:19],[0:19],[0:19],[0:19],[0:19],[0:19],[7:11],[0:19],[0:19],[0:19],[0:19],[0:19],[6:11],1
[0:19],[0:19],[0:19],[0:19],[0:19],[0:19],[0:19],[0:19],[0:19],[0:19],[0:19],[0:19],[0:19],[7:11],[0:19],[0:19],[0:19],[0:19],[0:19],[6:11],0
[0:19],[0:19],[0:19],[0:19],[0:19],[0:19],[0:19],[0:19],[0:19],[0:19],[0:19],[0:19],[0:19],[12:14],[0:19],[0:19],[0:19],[0:19],[0:19],[6:11],0
[0:19],[0:19],[0:19],[0:19],[0:19],[0:19],[0:19],[0:19],[0:19],[0:19],[0:19],[0:19],[0:19],[12:14],[0:19],[0:19],[0:19],[0:19],[0:19],[6:11],1
[0:19],[0:19],[0:19],[0:19],[0:19],[0:19],[0:19],[0:19],[0:19],[0:19],[0:19],[0:19],[0:19],[12:14],[0:19],[0:19],[0:19],[0:19],[0:19],[6:11],1
[0:19],[0:19],[0:19],[0:19],[0:19],[0:19],[0:19],[0:19],[0:19],[0:19],[0:19],[0:19],[0:19],[7:11],[0:19],[0:19],[0:19],[0:19],[0:19],[6:11],0
[0:19],[0:19],[0:19],[0:19],[0:19],[0:19],[0:19],[0:19],[0:19],[0:19],[0:19],[0:19],[0:19],[7:11],[0:19],[0:19],[0:19],[0:19],[0:19],[6:11],0
[0:19],[0:19],[0:19],[0:19],[0:19],[0:19],[0:19],[0:19],[0:19],[0:19],[0:19],[0:19],[0:19],[7:11],[0:19],[0:19],[0:19],[0:19],[0:19],[6:11],1
[0:19],[0:19],[0:19],[0:19],[0:19],[0:19],[0:19],[0:19],[0:19],[0:19],[0:19],[0:19],[0:19],[7:11],[0:19],[0:19],[0:19],[0:19],[0:19],[6:11],1
[0:19],[0:19],[0:19],[0:19],[0:19],[0:19],[0:19],[0:19],[0:19],[0:19],[0:19],[0:19],[0:19],[7:11],[0:19],[0:19],[0:19],[0:19],[0:19],[6:11],1
[0:19],[0:19],[0:19],[0:19],[0:19],[0:19],[0:19],[0:19],[0:19],[0:19],[0:19],[0:19],[0:19],[7:11],[0:19],[0:19],[0:19],[0:19],[0:19],[6:11],1
[0:19],[0:19],[0:19],[0:19],[0:19],[0:19],[0:19],[0:19],[0:19],[0:19],[0:19],[0:19],[0:19],[7:11],[0:19],[0:19],[0:19],[0:19],[0:19],[6:11],1
[0:19],[0:19],[0:19],[0:19],[0:19],[0:19],[0:19],[0:19],[0:19],[0:19],[0:19],[0:19],[0:19],[7:11],[0:19],[0:19],[0:19],[0:19],[0:19],[6:11],1
[0:19],[0:19],[0:19],[0:19],[0:19],[0:19],[0:19],[0:19],[0:19],[0:19],[0:19],[0:19],[0:19],[12:14],[0:19],[0:19],[0:19],[0:19],[0:19],[6:11],0
[0:19],[0:19],[0:19],[0:19],[0:19],[0:19],[0:19],[0:19],[0:19],[0:19],[0:19],[0:19],[0:19],[7:11],[0:19],[0:19],[0:19],[0:19],[0:19],[6:11],0
[0:19],[0:19],[0:19],[0:19],[0:19],[0:19],[0:19],[0:19],[0:19],[0:19],[0:19],[0:19],[0:19],[7:11],[0:19],[0:19],[0:19],[0:19],[0:19],[6:11],0
[0:19],[0:19],[0:19],[0:19],[0:19],[0:19],[0:19],[0:19],[0:19],[0:19],[0:19],[0:19],[0:19],[12:14],[0:19],[0:19],[0:19],[0:19],[0:19],[6:11],0
[0:19],[0:19],[0:19],[0:19],[0:19],[0:19],[0:19],[0:19],[0:19],[0:19],[0:19],[0:19],[0:19],[7:11],[0:19],[0:19],[0:19],[0:19],[0:19],[6:11],1
[0:19],[0:19],[0:19],[0:19],[0:19],[0:19],[0:19],[0:19],[0:19],[0:19],[0:19],[0:19],[0:19],[7:11],[0:19],[0:19],[0:19],[0:19],[0:19],[6:11],0
[0:19],[0:19],[0:19],[0:19],[0:19],[0:19],[0:19],[0:19],[0:19],[0:19],[0:19],[0:19],[0:19],[7:11],[0:19],[0:19],[0:19],[0:19],[0:19],[12:15],1
[0:19],[0:19],[0:19],[0:19],[0:19],[0:19],[0:19],[0:19],[0:19],[0:19],[0:19],[0:19],[0:19],[12:14],[0:19],[0:19],[0:19],[0:19],[0:19],[12:15],0
[0:19],[0:19],[0:19],[0:19],[0:19],[0:19],[0:19],[0:19],[0:19],[0:19],[0:19],[0:19],[0:19],[12:14],[0:19],[0:19],[0:19],[0:19],[0:19],[6:11],0
[0:19],[0:19],[0:19],[0:19],[0:19],[0:19],[0:19],[0:19],[0:19],[0:19],[0:19],[0:19],[0:19],[7:11],[0:19],[0:19],[0:19],[0:19],[0:19],[6:11],1
[0:19],[0:19],[0:19],[0:19],[0:19],[0:19],[0:19],[0:19],[0:19],[0:19],[0:19],[0:19],[0:19],[7:11],[0:19],[0:19],[0:19],[0:19],[0:19],[6:11],0
[0:19],[0:19],[0:19],[0:19],[0:19],[0:19],[0:19],[0:19],[0:19],[0:19],[0:19],[0:19],[0:19],[7:11],[0:19],[0:19],[0:19],[0:19],[0:19],[6:11],0
[0:19],[0:19],[0:19],[0:19],[0:19],[0:19],[0:19],[0:19],[0:19],[0:19],[0:19],[0:19],[0:19],[7:11],[0:19],[0:19],[0:19],[0:19],[0:19],[6:11],0
[0:19],[0:19],[0:19],[0:19],[0:19],[0:19],[0:19],[0:19],[0:19],[0:19],[0:19],[0:19],[0:19],[7:11],[0:19],[0:19],[0:19],[0:19],[0:19],[3:5],1
[0:19],[0:19],[0:19],[0:19],[0:19],[0:19],[0:19],[0:19],[0:19],[0:19],[0:19],[0:19],[0:19],[7:11],[0:19],[0:19],[0:19],[0:19],[0:19],[6:11],1
[0:19],[0:19],[0:19],[0:19],[0:19],[0:19],[0:19],[0:19],[0:19],[0:19],[0:19],[0:19],[0:19],[7:11],[0:19],[0:19],[0:19],[0:19],[0:19],[12:15],0
[0:19],[0:19],[0:19],[0:19],[0:19],[0:19],[0:19],[0:19],[0:19],[0:19],[0:19],[0:19],[0:19],[12:14],[0:19],[0:19],[0:19],[0:19],[0:19],[6:11],1
[0:19],[0:19],[0:19],[0:19],[0:19],[0:19],[0:19],[0:19],[0:19],[0:19],[0:19],[0:19],[0:19],[12:14],[0:19],[0:19],[0:19],[0:19],[0:19],[6:11],1
[0:19],[0:19],[0:19],[0:19],[0:19],[0:19],[0:19],[0:19],[0:19],[0:19],[0:19],[0:19],[0:19],[7:11],[0:19],[0:19],[0:19],[0:19],[0:19],[6:11],1
[0:19],[0:19],[0:19],[0:19],[0:19],[0:19],[0:19],[0:19],[0:19],[0:19],[0:19],[0:19],[0:19],[7:11],[0:19],[0:19],[0:19],[0:19],[0:19],[6:11],0
[0:19],[0:19],[0:19],[0:19],[0:19],[0:19],[0:19],[0:19],[0:19],[0:19],[0:19],[0:19],[0:19],[7:11],[0:19],[0:19],[0:19],[0:19],[0:19],[6:11],1
[0:19],[0:19],[0:19],[0:19],[0:19],[0:19],[0:19],[0:19],[0:19],[0:19],[0:19],[0:19],[0:19],[7:11],[0:19],[0:19],[0:19],[0:19],[0:19],[6:11],1
[0:19],[0:19],[0:19],[0:19],[0:19],[0:19],[0:19],[0:19],[0:19],[0:19],[0:19],[0:19],[0:19],[12:14],[0:19],[0:19],[0:19],[0:19],[0:19],[12:15],1
[0:19],[0:19],[0:19],[0:19],[0:19],[0:19],[0:19],[0:19],[0:19],[0:19],[0:19],[0:19],[0:19],[7:11],[0:19],[0:19],[0:19],[0:19],[0:19],[6:11],1
[0:19],[0:19],[0:19],[0:19],[0:19],[0:19],[0:19],[0:19],[0:19],[0:19],[0:19],[0:19],[0:19],[12:14],[0:19],[0:19],[0:19],[0:19],[0:19],[6:11],1
[0:19],[0:19],[0:19],[0:19],[0:19],[0:19],[0:19],[0:19],[0:19],[0:19],[0:19],[0:19],[0:19],[7:11],[0:19],[0:19],[0:19],[0:19],[0:19],[6:11],1
[0:19],[0:19],[0:19],[0:19],[0:19],[0:19],[0:19],[0:19],[0:19],[0:19],[0:19],[0:19],[0:19],[12:14],[0:19],[0:19],[0:19],[0:19],[0:19],[6:11],1
[0:19],[0:19],[0:19],[0:19],[0:19],[0:19],[0:19],[0:19],[0:19],[0:19],[0:19],[0:19],[0:19],[7:11],[0:19],[0:19],[0:19],[0:19],[0:19],[6:11],1
[0:19],[0:19],[0:19],[0:19],[0:19],[0:19],[0:19],[0:19],[0:19],[0:19],[0:19],[0:19],[0:19],[15:19],[0:19],[0:19],[0:19],[0:19],[0:19],[6:11],0
[0:19],[0:19],[0:19],[0:19],[0:19],[0:19],[0:19],[0:19],[0:19],[0:19],[0:19],[0:19],[0:19],[7:11],[0:19],[0:19],[0:19],[0:19],[0:19],[6:11],1
[0:19],[0:19],[0:19],[0:19],[0:19],[0:19],[0:19],[0:19],[0:19],[0:19],[0:19],[0:19],[0:19],[7:11],[0:19],[0:19],[0:19],[0:19],[0:19],[6:11],0
[0:19],[0:19],[0:19],[0:19],[0:19],[0:19],[0:19],[0:19],[0:19],[0:19],[0:19],[0:19],[0:19],[7:11],[0:19],[0:19],[0:19],[0:19],[0:19],[12:15],0
[0:19],[0:19],[0:19],[0:19],[0:19],[0:19],[0:19],[0:19],[0:19],[0:19],[0:19],[0:19],[0:19],[7:11],[0:19],[0:19],[0:19],[0:19],[0:19],[3:5],0
[0:19],[0:19],[0:19],[0:19],[0:19],[0:19],[0:19],[0:19],[0:19],[0:19],[0:19],[0:19],[0:19],[7:11],[0:19],[0:19],[0:19],[0:19],[0:19],[6:11],1
[0:19],[0:19],[0:19],[0:19],[0:19],[0:19],[0:19],[0:19],[0:19],[0:19],[0:19],[0:19],[0:19],[7:11],[0:19],[0:19],[0:19],[0:19],[0:19],[6:11],1
[0:19],[0:19],[0:19],[0:19],[0:19],[0:19],[0:19],[0:19],[0:19],[0:19],[0:19],[0:19],[0:19],[7:11],[0:19],[0:19],[0:19],[0:19],[0:19],[6:11],1
[0:19],[0:19],[0:19],[0:19],[0:19],[0:19],[0:19],[0:19],[0:19],[0:19],[0:19],[0:19],[0:19],[0:6],[0:19],[0:19],[0:19],[0:19],[0:19],[6:11],0
[0:19],[0:19],[0:19],[0:19],[0:19],[0:19],[0:19],[0:19],[0:19],[0:19],[0:19],[0:19],[0:19],[7:11],[0:19],[0:19],[0:19],[0:19],[0:19],[6:11],0
[0:19],[0:19],[0:19],[0:19],[0:19],[0:19],[0:19],[0:19],[0:19],[0:19],[0:19],[0:19],[0:19],[7:11],[0:19],[0:19],[0:19],[0:19],[0:19],[6:11],1
[0:19],[0:19],[0:19],[0:19],[0:19],[0:19],[0:19],[0:19],[0:19],[0:19],[0:19],[0:19],[0:19],[7:11],[0:19],[0:19],[0:19],[0:19],[0:19],[12:15],0
[0:19],[0:19],[0:19],[0:19],[0:19],[0:19],[0:19],[0:19],[0:19],[0:19],[0:19],[0:19],[0:19],[12:14],[0:19],[0:19],[0:19],[0:19],[0:19],[6:11],0
[0:19],[0:19],[0:19],[0:19],[0:19],[0:19],[0:19],[0:19],[0:19],[0:19],[0:19],[0:19],[0:19],[7:11],[0:19],[0:19],[0:19],[0:19],[0:19],[6:11],0
[0:19],[0:19],[0:19],[0:19],[0:19],[0:19],[0:19],[0:19],[0:19],[0:19],[0:19],[0:19],[0:19],[7:11],[0:19],[0:19],[0:19],[0:19],[0:19],[6:11],0
[0:19],[0:19],[0:19],[0:19],[0:19],[0:19],[0:19],[0:19],[0:19],[0:19],[0:19],[0:19],[0:19],[7:11],[0:19],[0:19],[0:19],[0:19],[0:19],[6:11],1
[0:19],[0:19],[0:19],[0:19],[0:19],[0:19],[0:19],[0:19],[0:19],[0:19],[0:19],[0:19],[0:19],[7:11],[0:19],[0:19],[0:19],[0:19],[0:19],[6:11],1
[0:19],[0:19],[0:19],[0:19],[0:19],[0:19],[0:19],[0:19],[0:19],[0:19],[0:19],[0:19],[0:19],[7:11],[0:19],[0:19],[0:19],[0:19],[0:19],[3:5],0
[0:19],[0:19],[0:19],[0:19],[0:19],[0:19],[0:19],[0:19],[0:19],[0:19],[0:19],[0:19],[0:19],[7:11],[0:19],[0:19],[0:19],[0:19],[0:19],[6:11],1
[0:19],[0:19],[0:19],[0:19],[0:19],[0:19],[0:19],[0:19],[0:19],[0:19],[0:19],[0:19],[0:19],[12:14],[0:19],[0:19],[0:19],[0:19],[0:19],[6:11],0
[0:19],[0:19],[0:19],[0:19],[0:19],[0:19],[0:19],[0:19],[0:19],[0:19],[0:19],[0:19],[0:19],[12:14],[0:19],[0:19],[0:19],[0:19],[0:19],[12:15],0
[0:19],[0:19],[0:19],[0:19],[0:19],[0:19],[0:19],[0:19],[0:19],[0:19],[0:19],[0:19],[0:19],[0:6],[0:19],[0:19],[0:19],[0:19],[0:19],[6:11],0
[0:19],[0:19],[0:19],[0:19],[0:19],[0:19],[0:19],[0:19],[0:19],[0:19],[0:19],[0:19],[0:19],[7:11],[0:19],[0:19],[0:19],[0:19],[0:19],[6:11],1
[0:19],[0:19],[0:19],[0:19],[0:19],[0:19],[0:19],[0:19],[0:19],[0:19],[0:19],[0:19],[0:19],[7:11],[0:19],[0:19],[0:19],[0:19],[0:19],[6:11],0
[0:19],[0:19],[0:19],[0:19],[0:19],[0:19],[0:19],[0:19],[0:19],[0:19],[0:19],[0:19],[0:19],[7:11],[0:19],[0:19],[0:19],[0:19],[0:19],[6:11],1
[0:19],[0:19],[0:19],[0:19],[0:19],[0:19],[0:19],[0:19],[0:19],[0:19],[0:19],[0:19],[0:19],[7:11],[0:19],[0:19],[0:19],[0:19],[0:19],[6:11],1
[0:19],[0:19],[0:19],[0:19],[0:19],[0:19],[0:19],[0:19],[0:19],[0:19],[0:19],[0:19],[0:19],[7:11],[0:19],[0:19],[0:19],[0:19],[0:19],[6:11],1
[0:19],[0:19],[0:19],[0:19],[0:19],[0:19],[0:19],[0:19],[0:19],[0:19],[0:19],[0:19],[0:19],[7:11],[0:19],[0:19],[0:19],[0:19],[0:19],[6:11],1
[0:19],[0:19],[0:19],[0:19],[0:19],[0:19],[0:19],[0:19],[0:19],[0:19],[0:19],[0:19],[0:19],[7:11],[0:19],[0:19],[0:19],[0:19],[0:19],[3:5],0
[0:19],[0:19],[0:19],[0:19],[0:19],[0:19],[0:19],[0:19],[0:19],[0:19],[0:19],[0:19],[0:19],[7:11],[0:19],[0:19],[0:19],[0:19],[0:19],[6:11],1
[0:19],[0:19],[0:19],[0:19],[0:19],[0:19],[0:19],[0:19],[0:19],[0:19],[0:19],[0:19],[0:19],[7:11],[0:19],[0:19],[0:19],[0:19],[0:19],[6:11],1
[0:19],[0:19],[0:19],[0:19],[0:19],[0:19],[0:19],[0:19],[0:19],[0:19],[0:19],[0:19],[0:19],[7:11],[0:19],[0:19],[0:19],[0:19],[0:19],[6:11],1
[0:19],[0:19],[0:19],[0:19],[0:19],[0:19],[0:19],[0:19],[0:19],[0:19],[0:19],[0:19],[0:19],[7:11],[0:19],[0:19],[0:19],[0:19],[0:19],[6:11],1
[0:19],[0:19],[0:19],[0:19],[0:19],[0:19],[0:19],[0:19],[0:19],[0:19],[0:19],[0:19],[0:19],[7:11],[0:19],[0:19],[0:19],[0:19],[0:19],[6:11],1
[0:19],[0:19],[0:19],[0:19],[0:19],[0:19],[0:19],[0:19],[0:19],[0:19],[0:19],[0:19],[0:19],[7:11],[0:19],[0:19],[0:19],[0:19],[0:19],[6:11],0
[0:19],[0:19],[0:19],[0:19],[0:19],[0:19],[0:19],[0:19],[0:19],[0:19],[0:19],[0:19],[0:19],[15:19],[0:19],[0:19],[0:19],[0:19],[0:19],[6:11],0
[0:19],[0:19],[0:19],[0:19],[0:19],[0:19],[0:19],[0:19],[0:19],[0:19],[0:19],[0:19],[0:19],[7:11],[0:19],[0:19],[0:19],[0:19],[0:19],[12:15],0
[0:19],[0:19],[0:19],[0:19],[0:19],[0:19],[0:19],[0:19],[0:19],[0:19],[0:19],[0:19],[0:19],[7:11],[0:19],[0:19],[0:19],[0:19],[0:19],[3:5],0
[0:19],[0:19],[0:19],[0:19],[0:19],[0:19],[0:19],[0:19],[0:19],[0:19],[0:19],[0:19],[0:19],[7:11],[0:19],[0:19],[0:19],[0:19],[0:19],[16:19],0
[0:19],[0:19],[0:19],[0:19],[0:19],[0:19],[0:19],[0:19],[0:19],[0:19],[0:19],[0:19],[0:19],[7:11],[0:19],[0:19],[0:19],[0:19],[0:19],[6:11],1
[0:19],[0:19],[0:19],[0:19],[0:19],[0:19],[0:19],[0:19],[0:19],[0:19],[0:19],[0:19],[0:19],[7:11],[0:19],[0:19],[0:19],[0:19],[0:19],[6:11],0
[0:19],[0:19],[0:19],[0:19],[0:19],[0:19],[0:19],[0:19],[0:19],[0:19],[0:19],[0:19],[0:19],[7:11],[0:19],[0:19],[0:19],[0:19],[0:19],[6:11],0
[0:19],[0:19],[0:19],[0:19],[0:19],[0:19],[0:19],[0:19],[0:19],[0:19],[0:19],[0:19],[0:19],[7:11],[0:19],[0:19],[0:19],[0:19],[0:19],[6:11],1
[0:19],[0:19],[0:19],[0:19],[0:19],[0:19],[0:19],[0:19],[0:19],[0:19],[0:19],[0:19],[0:19],[12:14],[0:19],[0:19],[0:19],[0:19],[0:19],[6:11],0
[0:19],[0:19],[0:19],[0:19],[0:19],[0:19],[0:19],[0:19],[0:19],[0:19],[0:19],[0:19],[0:19],[7:11],[0:19],[0:19],[0:19],[0:19],[0:19],[6:11],0
[0:19],[0:19],[0:19],[0:19],[0:19],[0:19],[0:19],[0:19],[0:19],[0:19],[0:19],[0:19],[0:19],[7:11],[0:19],[0:19],[0:19],[0:19],[0:19],[6:11],1
[0:19],[0:19],[0:19],[0:19],[0:19],[0:19],[0:19],[0:19],[0:19],[0:19],[0:19],[0:19],[0:19],[7:11],[0:19],[0:19],[0:19],[0:19],[0:19],[0:2],0
[0:19],[0:19],[0:19],[0:19],[0:19],[0:19],[0:19],[0:19],[0:19],[0:19],[0:19],[0:19],[0:19],[7:11],[0:19],[0:19],[0:19],[0:19],[0:19],[6:11],1
[0:19],[0:19],[0:19],[0:19],[0:19],[0:19],[0:19],[0:19],[0:19],[0:19],[0:19],[0:19],[0:19],[12:14],[0:19],[0:19],[0:19],[0:19],[0:19],[6:11],0
[0:19],[0:19],[0:19],[0:19],[0:19],[0:19],[0:19],[0:19],[0:19],[0:19],[0:19],[0:19],[0:19],[7:11],[0:19],[0:19],[0:19],[0:19],[0:19],[6:11],1
[0:19],[0:19],[0:19],[0:19],[0:19],[0:19],[0:19],[0:19],[0:19],[0:19],[0:19],[0:19],[0:19],[7:11],[0:19],[0:19],[0:19],[0:19],[0:19],[6:11],1
[0:19],[0:19],[0:19],[0:19],[0:19],[0:19],[0:19],[0:19],[0:19],[0:19],[0:19],[0:19],[0:19],[7:11],[0:19],[0:19],[0:19],[0:19],[0:19],[12:15],0
[0:19],[0:19],[0:19],[0:19],[0:19],[0:19],[0:19],[0:19],[0:19],[0:19],[0:19],[0:19],[0:19],[7:11],[0:19],[0:19],[0:19],[0:19],[0:19],[6:11],1
[0:19],[0:19],[0:19],[0:19],[0:19],[0:19],[0:19],[0:19],[0:19],[0:19],[0:19],[0:19],[0:19],[7:11],[0:19],[0:19],[0:19],[0:19],[0:19],[6:11],0
[0:19],[0:19],[0:19],[0:19],[0:19],[0:19],[0:19],[0:19],[0:19],[0:19],[0:19],[0:19],[0:19],[12:14],[0:19],[0:19],[0:19],[0:19],[0:19],[6:11],1
[0:19],[0:19],[0:19],[0:19],[0:19],[0:19],[0:19],[0:19],[0:19],[0:19],[0:19],[0:19],[0:19],[7:11],[0:19],[0:19],[0:19],[0:19],[0:19],[6:11],1
[0:19],[0:19],[0:19],[0:19],[0:19],[0:19],[0:19],[0:19],[0:19],[0:19],[0:19],[0:19],[0:19],[7:11],[0:19],[0:19],[0:19],[0:19],[0:19],[6:11],1
[0:19],[0:19],[0:19],[0:19],[0:19],[0:19],[0:19],[0:19],[0:19],[0:19],[0:19],[0:19],[0:19],[7:11],[0:19],[0:19],[0:19],[0:19],[0:19],[6:11],0
[0:19],[0:19],[0:19],[0:19],[0:19],[0:19],[0:19],[0:19],[0:19],[0:19],[0:19],[0:19],[0:19],[12:14],[0:19],[0:19],[0:19],[0:19],[0:19],[6:11],0
[0:19],[0:19],[0:19],[0:19],[0:19],[0:19],[0:19],[0:19],[0:19],[0:19],[0:19],[0:19],[0:19],[12:14],[0:19],[0:19],[0:19],[0:19],[0:19],[6:11],0
[0:19],[0:19],[0:19],[0:19],[0:19],[0:19],[0:19],[0:19],[0:19],[0:19],[0:19],[0:19],[0:19],[12:14],[0:19],[0:19],[0:19],[0:19],[0:19],[6:11],1
[0:19],[0:19],[0:19],[0:19],[0:19],[0:19],[0:19],[0:19],[0:19],[0:19],[0:19],[0:19],[0:19],[7:11],[0:19],[0:19],[0:19],[0:19],[0:19],[6:11],1
[0:19],[0:19],[0:19],[0:19],[0:19],[0:19],[0:19],[0:19],[0:19],[0:19],[0:19],[0:19],[0:19],[12:14],[0:19],[0:19],[0:19],[0:19],[0:19],[6:11],1
[0:19],[0:19],[0:19],[0:19],[0:19],[0:19],[0:19],[0:19],[0:19],[0:19],[0:19],[0:19],[0:19],[7:11],[0:19],[0:19],[0:19],[0:19],[0:19],[3:5],0
[0:19],[0:19],[0:19],[0:19],[0:19],[0:19],[0:19],[0:19],[0:19],[0:19],[0:19],[0:19],[0:19],[7:11],[0:19],[0:19],[0:19],[0:19],[0:19],[6:11],0
[0:19],[0:19],[0:19],[0:19],[0:19],[0:19],[0:19],[0:19],[0:19],[0:19],[0:19],[0:19],[0:19],[0:6],[0:19],[0:19],[0:19],[0:19],[0:19],[6:11],0
[0:19],[0:19],[0:19],[0:19],[0:19],[0:19],[0:19],[0:19],[0:19],[0:19],[0:19],[0:19],[0:19],[7:11],[0:19],[0:19],[0:19],[0:19],[0:19],[6:11],1
[0:19],[0:19],[0:19],[0:19],[0:19],[0:19],[0:19],[0:19],[0:19],[0:19],[0:19],[0:19],[0:19],[7:11],[0:19],[0:19],[0:19],[0:19],[0:19],[3:5],0
[0:19],[0:19],[0:19],[0:19],[0:19],[0:19],[0:19],[0:19],[0:19],[0:19],[0:19],[0:19],[0:19],[12:14],[0:19],[0:19],[0:19],[0:19],[0:19],[6:11],1
[0:19],[0:19],[0:19],[0:19],[0:19],[0:19],[0:19],[0:19],[0:19],[0:19],[0:19],[0:19],[0:19],[7:11],[0:19],[0:19],[0:19],[0:19],[0:19],[6:11],1
[0:19],[0:19],[0:19],[0:19],[0:19],[0:19],[0:19],[0:19],[0:19],[0:19],[0:19],[0:19],[0:19],[7:11],[0:19],[0:19],[0:19],[0:19],[0:19],[6:11],1
[0:19],[0:19],[0:19],[0:19],[0:19],[0:19],[0:19],[0:19],[0:19],[0:19],[0:19],[0:19],[0:19],[7:11],[0:19],[0:19],[0:19],[0:19],[0:19],[6:11],1
[0:19],[0:19],[0:19],[0:19],[0:19],[0:19],[0:19],[0:19],[0:19],[0:19],[0:19],[0:19],[0:19],[7:11],[0:19],[0:19],[0:19],[0:19],[0:19],[6:11],1
[0:19],[0:19],[0:19],[0:19],[0:19],[0:19],[0:19],[0:19],[0:19],[0:19],[0:19],[0:19],[0:19],[7:11],[0:19],[0:19],[0:19],[0:19],[0:19],[12:15],1
[0:19],[0:19],[0:19],[0:19],[0:19],[0:19],[0:19],[0:19],[0:19],[0:19],[0:19],[0:19],[0:19],[7:11],[0:19],[0:19],[0:19],[0:19],[0:19],[6:11],1
[0:19],[0:19],[0:19],[0:19],[0:19],[0:19],[0:19],[0:19],[0:19],[0:19],[0:19],[0:19],[0:19],[7:11],[0:19],[0:19],[0:19],[0:19],[0:19],[6:11],1
[0:19],[0:19],[0:19],[0:19],[0:19],[0:19],[0:19],[0:19],[0:19],[0:19],[0:19],[0:19],[0:19],[7:11],[0:19],[0:19],[0:19],[0:19],[0:19],[6:11],0
[0:19],[0:19],[0:19],[0:19],[0:19],[0:19],[0:19],[0:19],[0:19],[0:19],[0:19],[0:19],[0:19],[7:11],[0:19],[0:19],[0:19],[0:19],[0:19],[6:11],0
[0:19],[0:19],[0:19],[0:19],[0:19],[0:19],[0:19],[0:19],[0:19],[0:19],[0:19],[0:19],[0:19],[12:14],[0:19],[0:19],[0:19],[0:19],[0:19],[6:11],0
[0:19],[0:19],[0:19],[0:19],[0:19],[0:19],[0:19],[0:19],[0:19],[0:19],[0:19],[0:19],[0:19],[12:14],[0:19],[0:19],[0:19],[0:19],[0:19],[6:11],0
[0:19],[0:19],[0:19],[0:19],[0:19],[0:19],[0:19],[0:19],[0:19],[0:19],[0:19],[0:19],[0:19],[7:11],[0:19],[0:19],[0:19],[0:19],[0:19],[6:11],1
[0:19],[0:19],[0:19],[0:19],[0:19],[0:19],[0:19],[0:19],[0:19],[0:19],[0:19],[0:19],[0:19],[7:11],[0:19],[0:19],[0:19],[0:19],[0:19],[6:11],1
[0:19],[0:19],[0:19],[0:19],[0:19],[0:19],[0:19],[0:19],[0:19],[0:19],[0:19],[0:19],[0:19],[12:14],[0:19],[0:19],[0:19],[0:19],[0:19],[6:11],0
[0:19],[0:19],[0:19],[0:19],[0:19],[0:19],[0:19],[0:19],[0:19],[0:19],[0:19],[0:19],[0:19],[0:6],[0:19],[0:19],[0:19],[0:19],[0:19],[6:11],0
[0:19],[0:19],[0:19],[0:19],[0:19],[0:19],[0:19],[0:19],[0:19],[0:19],[0:19],[0:19],[0:19],[7:11],[0:19],[0:19],[0:19],[0:19],[0:19],[6:11],1
[0:19],[0:19],[0:19],[0:19],[0:19],[0:19],[0:19],[0:19],[0:19],[0:19],[0:19],[0:19],[0:19],[7:11],[0:19],[0:19],[0:19],[0:19],[0:19],[3:5],0
[0:19],[0:19],[0:19],[0:19],[0:19],[0:19],[0:19],[0:19],[0:19],[0:19],[0:19],[0:19],[0:19],[7:11],[0:19],[0:19],[0:19],[0:19],[0:19],[6:11],0
[0:19],[0:19],[0:19],[0:19],[0:19],[0:19],[0:19],[0:19],[0:19],[0:19],[0:19],[0:19],[0:19],[7:11],[0:19],[0:19],[0:19],[0:19],[0:19],[6:11],1
[0:19],[0:19],[0:19],[0:19],[0:19],[0:19],[0:19],[0:19],[0:19],[0:19],[0:19],[0:19],[0:19],[0:6],[0:19],[0:19],[0:19],[0:19],[0:19],[6:11],0
[0:19],[0:19],[0:19],[0:19],[0:19],[0:19],[0:19],[0:19],[0:19],[0:19],[0:19],[0:19],[0:19],[7:11],[0:19],[0:19],[0:19],[0:19],[0:19],[6:11],1
[0:19],[0:19],[0:19],[0:19],[0:19],[0:19],[0:19],[0:19],[0:19],[0:19],[0:19],[0:19],[0:19],[7:11],[0:19],[0:19],[0:19],[0:19],[0:19],[6:11],1
[0:19],[0:19],[0:19],[0:19],[0:19],[0:19],[0:19],[0:19],[0:19],[0:19],[0:19],[0:19],[0:19],[7:11],[0:19],[0:19],[0:19],[0:19],[0:19],[3:5],0
[0:19],[0:19],[0:19],[0:19],[0:19],[0:19],[0:19],[0:19],[0:19],[0:19],[0:19],[0:19],[0:19],[7:11],[0:19],[0:19],[0:19],[0:19],[0:19],[6:11],1
[0:19],[0:19],[0:19],[0:19],[0:19],[0:19],[0:19],[0:19],[0:19],[0:19],[0:19],[0:19],[0:19],[7:11],[0:19],[0:19],[0:19],[0:19],[0:19],[6:11],0
[0:19],[0:19],[0:19],[0:19],[0:19],[0:19],[0:19],[0:19],[0:19],[0:19],[0:19],[0:19],[0:19],[7:11],[0:19],[0:19],[0:19],[0:19],[0:19],[6:11],0
[0:19],[0:19],[0:19],[0:19],[0:19],[0:19],[0:19],[0:19],[0:19],[0:19],[0:19],[0:19],[0:19],[12:14],[0:19],[0:19],[0:19],[0:19],[0:19],[12:15],1
[0:19],[0:19],[0:19],[0:19],[0:19],[0:19],[0:19],[0:19],[0:19],[0:19],[0:19],[0:19],[0:19],[0:6],[0:19],[0:19],[0:19],[0:19],[0:19],[6:11],0
[0:19],[0:19],[0:19],[0:19],[0:19],[0:19],[0:19],[0:19],[0:19],[0:19],[0:19],[0:19],[0:19],[12:14],[0:19],[0:19],[0:19],[0:19],[0:19],[6:11],0
[0:19],[0:19],[0:19],[0:19],[0:19],[0:19],[0:19],[0:19],[0:19],[0:19],[0:19],[0:19],[0:19],[7:11],[0:19],[0:19],[0:19],[0:19],[0:19],[6:11],1
[0:19],[0:19],[0:19],[0:19],[0:19],[0:19],[0:19],[0:19],[0:19],[0:19],[0:19],[0:19],[0:19],[7:11],[0:19],[0:19],[0:19],[0:19],[0:19],[6:11],1
[0:19],[0:19],[0:19],[0:19],[0:19],[0:19],[0:19],[0:19],[0:19],[0:19],[0:19],[0:19],[0:19],[7:11],[0:19],[0:19],[0:19],[0:19],[0:19],[6:11],1
[0:19],[0:19],[0:19],[0:19],[0:19],[0:19],[0:19],[0:19],[0:19],[0:19],[0:19],[0:19],[0:19],[7:11],[0:19],[0:19],[0:19],[0:19],[0:19],[6:11],0
[0:19],[0:19],[0:19],[0:19],[0:19],[0:19],[0:19],[0:19],[0:19],[0:19],[0:19],[0:19],[0:19],[7:11],[0:19],[0:19],[0:19],[0:19],[0:19],[12:15],1
[0:19],[0:19],[0:19],[0:19],[0:19],[0:19],[0:19],[0:19],[0:19],[0:19],[0:19],[0:19],[0:19],[7:11],[0:19],[0:19],[0:19],[0:19],[0:19],[6:11],1
[0:19],[0:19],[0:19],[0:19],[0:19],[0:19],[0:19],[0:19],[0:19],[0:19],[0:19],[0:19],[0:19],[7:11],[0:19],[0:19],[0:19],[0:19],[0:19],[6:11],1
[0:19],[0:19],[0:19],[0:19],[0:19],[0:19],[0:19],[0:19],[0:19],[0:19],[0:19],[0:19],[0:19],[7:11],[0:19],[0:19],[0:19],[0:19],[0:19],[6:11],0
[0:19],[0:19],[0:19],[0:19],[0:19],[0:19],[0:19],[0:19],[0:19],[0:19],[0:19],[0:19],[0:19],[7:11],[0:19],[0:19],[0:19],[0:19],[0:19],[12:15],0
[0:19],[0:19],[0:19],[0:19],[0:19],[0:19],[0:19],[0:19],[0:19],[0:19],[0:19],[0:19],[0:19],[7:11],[0:19],[0:19],[0:19],[0:19],[0:19],[6:11],0
[0:19],[0:19],[0:19],[0:19],[0:19],[0:19],[0:19],[0:19],[0:19],[0:19],[0:19],[0:19],[0:19],[12:14],[0:19],[0:19],[0:19],[0:19],[0:19],[12:15],0
[0:19],[0:19],[0:19],[0:19],[0:19],[0:19],[0:19],[0:19],[0:19],[0:19],[0:19],[0:19],[0:19],[7:11],[0:19],[0:19],[0:19],[0:19],[0:19],[6:11],1
[0:19],[0:19],[0:19],[0:19],[0:19],[0:19],[0:19],[0:19],[0:19],[0:19],[0:19],[0:19],[0:19],[7:11],[0:19],[0:19],[0:19],[0:19],[0:19],[6:11],0
[0:19],[0:19],[0:19],[0:19],[0:19],[0:19],[0:19],[0:19],[0:19],[0:19],[0:19],[0:19],[0:19],[7:11],[0:19],[0:19],[0:19],[0:19],[0:19],[6:11],1
[0:19],[0:19],[0:19],[0:19],[0:19],[0:19],[0:19],[0:19],[0:19],[0:19],[0:19],[0:19],[0:19],[7:11],[0:19],[0:19],[0:19],[0:19],[0:19],[6:11],1
[0:19],[0:19],[0:19],[0:19],[0:19],[0:19],[0:19],[0:19],[0:19],[0:19],[0:19],[0:19],[0:19],[12:14],[0:19],[0:19],[0:19],[0:19],[0:19],[3:5],0
[0:19],[0:19],[0:19],[0:19],[0:19],[0:19],[0:19],[0:19],[0:19],[0:19],[0:19],[0:19],[0:19],[7:11],[0:19],[0:19],[0:19],[0:19],[0:19],[6:11],0
[0:19],[0:19],[0:19],[0:19],[0:19],[0:19],[0:19],[0:19],[0:19],[0:19],[0:19],[0:19],[0:19],[7:11],[0:19],[0:19],[0:19],[0:19],[0:19],[6:11],1
[0:19],[0:19],[0:19],[0:19],[0:19],[0:19],[0:19],[0:19],[0:19],[0:19],[0:19],[0:19],[0:19],[12:14],[0:19],[0:19],[0:19],[0:19],[0:19],[6:11],1
[0:19],[0:19],[0:19],[0:19],[0:19],[0:19],[0:19],[0:19],[0:19],[0:19],[0:19],[0:19],[0:19],[7:11],[0:19],[0:19],[0:19],[0:19],[0:19],[6:11],1
[0:19],[0:19],[0:19],[0:19],[0:19],[0:19],[0:19],[0:19],[0:19],[0:19],[0:19],[0:19],[0:19],[7:11],[0:19],[0:19],[0:19],[0:19],[0:19],[6:11],0
[0:19],[0:19],[0:19],[0:19],[0:19],[0:19],[0:19],[0:19],[0:19],[0:19],[0:19],[0:19],[0:19],[7:11],[0:19],[0:19],[0:19],[0:19],[0:19],[12:15],1
[0:19],[0:19],[0:19],[0:19],[0:19],[0:19],[0:19],[0:19],[0:19],[0:19],[0:19],[0:19],[0:19],[7:11],[0:19],[0:19],[0:19],[0:19],[0:19],[6:11],1
[0:19],[0:19],[0:19],[0:19],[0:19],[0:19],[0:19],[0:19],[0:19],[0:19],[0:19],[0:19],[0:19],[7:11],[0:19],[0:19],[0:19],[0:19],[0:19],[12:15],1
[0:19],[0:19],[0:19],[0:19],[0:19],[0:19],[0:19],[0:19],[0:19],[0:19],[0:19],[0:19],[0:19],[12:14],[0:19],[0:19],[0:19],[0:19],[0:19],[6:11],0
[0:19],[0:19],[0:19],[0:19],[0:19],[0:19],[0:19],[0:19],[0:19],[0:19],[0:19],[0:19],[0:19],[7:11],[0:19],[0:19],[0:19],[0:19],[0:19],[6:11],1
[0:19],[0:19],[0:19],[0:19],[0:19],[0:19],[0:19],[0:19],[0:19],[0:19],[0:19],[0:19],[0:19],[12:14],[0:19],[0:19],[0:19],[0:19],[0:19],[6:11],0
[0:19],[0:19],[0:19],[0:19],[0:19],[0:19],[0:19],[0:19],[0:19],[0:19],[0:19],[0:19],[0:19],[7:11],[0:19],[0:19],[0:19],[0:19],[0:19],[12:15],0
[0:19],[0:19],[0:19],[0:19],[0:19],[0:19],[0:19],[0:19],[0:19],[0:19],[0:19],[0:19],[0:19],[7:11],[0:19],[0:19],[0:19],[0:19],[0:19],[6:11],0
[0:19],[0:19],[0:19],[0:19],[0:19],[0:19],[0:19],[0:19],[0:19],[0:19],[0:19],[0:19],[0:19],[7:11],[0:19],[0:19],[0:19],[0:19],[0:19],[12:15],1
[0:19],[0:19],[0:19],[0:19],[0:19],[0:19],[0:19],[0:19],[0:19],[0:19],[0:19],[0:19],[0:19],[7:11],[0:19],[0:19],[0:19],[0:19],[0:19],[6:11],1
[0:19],[0:19],[0:19],[0:19],[0:19],[0:19],[0:19],[0:19],[0:19],[0:19],[0:19],[0:19],[0:19],[7:11],[0:19],[0:19],[0:19],[0:19],[0:19],[3:5],0
[0:19],[0:19],[0:19],[0:19],[0:19],[0:19],[0:19],[0:19],[0:19],[0:19],[0:19],[0:19],[0:19],[7:11],[0:19],[0:19],[0:19],[0:19],[0:19],[6:11],1
[0:19],[0:19],[0:19],[0:19],[0:19],[0:19],[0:19],[0:19],[0:19],[0:19],[0:19],[0:19],[0:19],[0:6],[0:19],[0:19],[0:19],[0:19],[0:19],[6:11],0
[0:19],[0:19],[0:19],[0:19],[0:19],[0:19],[0:19],[0:19],[0:19],[0:19],[0:19],[0:19],[0:19],[7:11],[0:19],[0:19],[0:19],[0:19],[0:19],[6:11],0
[0:19],[0:19],[0:19],[0:19],[0:19],[0:19],[0:19],[0:19],[0:19],[0:19],[0:19],[0:19],[0:19],[7:11],[0:19],[0:19],[0:19],[0:19],[0:19],[6:11],1
[0:19],[0:19],[0:19],[0:19],[0:19],[0:19],[0:19],[0:19],[0:19],[0:19],[0:19],[0:19],[0:19],[7:11],[0:19],[0:19],[0:19],[0:19],[0:19],[6:11],0
[0:19],[0:19],[0:19],[0:19],[0:19],[0:19],[0:19],[0:19],[0:19],[0:19],[0:19],[0:19],[0:19],[7:11],[0:19],[0:19],[0:19],[0:19],[0:19],[6:11],0
[0:19],[0:19],[0:19],[0:19],[0:19],[0:19],[0:19],[0:19],[0:19],[0:19],[0:19],[0:19],[0:19],[7:11],[0:19],[0:19],[0:19],[0:19],[0:19],[6:11],1
[0:19],[0:19],[0:19],[0:19],[0:19],[0:19],[0:19],[0:19],[0:19],[0:19],[0:19],[0:19],[0:19],[0:6],[0:19],[0:19],[0:19],[0:19],[0:19],[6:11],0
[0:19],[0:19],[0:19],[0:19],[0:19],[0:19],[0:19],[0:19],[0:19],[0:19],[0:19],[0:19],[0:19],[7:11],[0:19],[0:19],[0:19],[0:19],[0:19],[6:11],0
[0:19],[0:19],[0:19],[0:19],[0:19],[0:19],[0:19],[0:19],[0:19],[0:19],[0:19],[0:19],[0:19],[7:11],[0:19],[0:19],[0:19],[0:19],[0:19],[6:11],1
[0:19],[0:19],[0:19],[0:19],[0:19],[0:19],[0:19],[0:19],[0:19],[0:19],[0:19],[0:19],[0:19],[12:14],[0:19],[0:19],[0:19],[0:19],[0:19],[6:11],1
[0:19],[0:19],[0:19],[0:19],[0:19],[0:19],[0:19],[0:19],[0:19],[0:19],[0:19],[0:19],[0:19],[7:11],[0:19],[0:19],[0:19],[0:19],[0:19],[12:15],1
[0:19],[0:19],[0:19],[0:19],[0:19],[0:19],[0:19],[0:19],[0:19],[0:19],[0:19],[0:19],[0:19],[7:11],[0:19],[0:19],[0:19],[0:19],[0:19],[6:11],1
[0:19],[0:19],[0:19],[0:19],[0:19],[0:19],[0:19],[0:19],[0:19],[0:19],[0:19],[0:19],[0:19],[7:11],[0:19],[0:19],[0:19],[0:19],[0:19],[6:11],0
[0:19],[0:19],[0:19],[0:19],[0:19],[0:19],[0:19],[0:19],[0:19],[0:19],[0:19],[0:19],[0:19],[7:11],[0:19],[0:19],[0:19],[0:19],[0:19],[6:11],1
[0:19],[0:19],[0:19],[0:19],[0:19],[0:19],[0:19],[0:19],[0:19],[0:19],[0:19],[0:19],[0:19],[7:11],[0:19],[0:19],[0:19],[0:19],[0:19],[6:11],1
[0:19],[0:19],[0:19],[0:19],[0:19],[0:19],[0:19],[0:19],[0:19],[0:19],[0:19],[0:19],[0:19],[7:11],[0:19],[0:19],[0:19],[0:19],[0:19],[12:15],0
[0:19],[0:19],[0:19],[0:19],[0:19],[0:19],[0:19],[0:19],[0:19],[0:19],[0:19],[0:19],[0:19],[7:11],[0:19],[0:19],[0:19],[0:19],[0:19],[6:11],1
[0:19],[0:19],[0:19],[0:19],[0:19],[0:19],[0:19],[0:19],[0:19],[0:19],[0:19],[0:19],[0:19],[7:11],[0:19],[0:19],[0:19],[0:19],[0:19],[6:11],1
[0:19],[0:19],[0:19],[0:19],[0:19],[0:19],[0:19],[0:19],[0:19],[0:19],[0:19],[0:19],[0:19],[7:11],[0:19],[0:19],[0:19],[0:19],[0:19],[6:11],0
[0:19],[0:19],[0:19],[0:19],[0:19],[0:19],[0:19],[0:19],[0:19],[0:19],[0:19],[0:19],[0:19],[7:11],[0:19],[0:19],[0:19],[0:19],[0:19],[6:11],0
[0:19],[0:19],[0:19],[0:19],[0:19],[0:19],[0:19],[0:19],[0:19],[0:19],[0:19],[0:19],[0:19],[7:11],[0:19],[0:19],[0:19],[0:19],[0:19],[6:11],0
[0:19],[0:19],[0:19],[0:19],[0:19],[0:19],[0:19],[0:19],[0:19],[0:19],[0:19],[0:19],[0:19],[7:11],[0:19],[0:19],[0:19],[0:19],[0:19],[6:11],1
[0:19],[0:19],[0:19],[0:19],[0:19],[0:19],[0:19],[0:19],[0:19],[0:19],[0:19],[0:19],[0:19],[7:11],[0:19],[0:19],[0:19],[0:19],[0:19],[6:11],0
[0:19],[0:19],[0:19],[0:19],[0:19],[0:19],[0:19],[0:19],[0:19],[0:19],[0:19],[0:19],[0:19],[7:11],[0:19],[0:19],[0:19],[0:19],[0:19],[6:11],1
[0:19],[0:19],[0:19],[0:19],[0:19],[0:19],[0:19],[0:19],[0:19],[0:19],[0:19],[0:19],[0:19],[7:11],[0:19],[0:19],[0:19],[0:19],[0:19],[6:11],0
[0:19],[0:19],[0:19],[0:19],[0:19],[0:19],[0:19],[0:19],[0:19],[0:19],[0:19],[0:19],[0:19],[12:14],[0:19],[0:19],[0:19],[0:19],[0:19],[6:11],1
[0:19],[0:19],[0:19],[0:19],[0:19],[0:19],[0:19],[0:19],[0:19],[0:19],[0:19],[0:19],[0:19],[7:11],[0:19],[0:19],[0:19],[0:19],[0:19],[6:11],0
[0:19],[0:19],[0:19],[0:19],[0:19],[0:19],[0:19],[0:19],[0:19],[0:19],[0:19],[0:19],[0:19],[7:11],[0:19],[0:19],[0:19],[0:19],[0:19],[6:11],1
[0:19],[0:19],[0:19],[0:19],[0:19],[0:19],[0:19],[0:19],[0:19],[0:19],[0:19],[0:19],[0:19],[7:11],[0:19],[0:19],[0:19],[0:19],[0:19],[6:11],1
[0:19],[0:19],[0:19],[0:19],[0:19],[0:19],[0:19],[0:19],[0:19],[0:19],[0:19],[0:19],[0:19],[7:11],[0:19],[0:19],[0:19],[0:19],[0:19],[6:11],1
[0:19],[0:19],[0:19],[0:19],[0:19],[0:19],[0:19],[0:19],[0:19],[0:19],[0:19],[0:19],[0:19],[7:11],[0:19],[0:19],[0:19],[0:19],[0:19],[6:11],0
[0:19],[0:19],[0:19],[0:19],[0:19],[0:19],[0:19],[0:19],[0:19],[0:19],[0:19],[0:19],[0:19],[7:11],[0:19],[0:19],[0:19],[0:19],[0:19],[6:11],0
[0:19],[0:19],[0:19],[0:19],[0:19],[0:19],[0:19],[0:19],[0:19],[0:19],[0:19],[0:19],[0:19],[7:11],[0:19],[0:19],[0:19],[0:19],[0:19],[6:11],1
[0:19],[0:19],[0:19],[0:19],[0:19],[0:19],[0:19],[0:19],[0:19],[0:19],[0:19],[0:19],[0:19],[7:11],[0:19],[0:19],[0:19],[0:19],[0:19],[6:11],0
[0:19],[0:19],[0:19],[0:19],[0:19],[0:19],[0:19],[0:19],[0:19],[0:19],[0:19],[0:19],[0:19],[7:11],[0:19],[0:19],[0:19],[0:19],[0:19],[6:11],0
[0:19],[0:19],[0:19],[0:19],[0:19],[0:19],[0:19],[0:19],[0:19],[0:19],[0:19],[0:19],[0:19],[7:11],[0:19],[0:19],[0:19],[0:19],[0:19],[6:11],1
[0:19],[0:19],[0:19],[0:19],[0:19],[0:19],[0:19],[0:19],[0:19],[0:19],[0:19],[0:19],[0:19],[7:11],[0:19],[0:19],[0:19],[0:19],[0:19],[6:11],1
[0:19],[0:19],[0:19],[0:19],[0:19],[0:19],[0:19],[0:19],[0:19],[0:19],[0:19],[0:19],[0:19],[7:11],[0:19],[0:19],[0:19],[0:19],[0:19],[6:11],1
[0:19],[0:19],[0:19],[0:19],[0:19],[0:19],[0:19],[0:19],[0:19],[0:19],[0:19],[0:19],[0:19],[7:11],[0:19],[0:19],[0:19],[0:19],[0:19],[6:11],1
[0:19],[0:19],[0:19],[0:19],[0:19],[0:19],[0:19],[0:19],[0:19],[0:19],[0:19],[0:19],[0:19],[7:11],[0:19],[0:19],[0:19],[0:19],[0:19],[6:11],1
[0:19],[0:19],[0:19],[0:19],[0:19],[0:19],[0:19],[0:19],[0:19],[0:19],[0:19],[0:19],[0:19],[7:11],[0:19],[0:19],[0:19],[0:19],[0:19],[6:11],1
[0:19],[0:19],[0:19],[0:19],[0:19],[0:19],[0:19],[0:19],[0:19],[0:19],[0:19],[0:19],[0:19],[7:11],[0:19],[0:19],[0:19],[0:19],[0:19],[6:11],1
[0:19],[0:19],[0:19],[0:19],[0:19],[0:19],[0:19],[0:19],[0:19],[0:19],[0:19],[0:19],[0:19],[7:11],[0:19],[0:19],[0:19],[0:19],[0:19],[6:11],1
[0:19],[0:19],[0:19],[0:19],[0:19],[0:19],[0:19],[0:19],[0:19],[0:19],[0:19],[0:19],[0:19],[7:11],[0:19],[0:19],[0:19],[0:19],[0:19],[6:11],1
[0:19],[0:19],[0:19],[0:19],[0:19],[0:19],[0:19],[0:19],[0:19],[0:19],[0:19],[0:19],[0:19],[7:11],[0:19],[0:19],[0:19],[0:19],[0:19],[3:5],0
[0:19],[0:19],[0:19],[0:19],[0:19],[0:19],[0:19],[0:19],[0:19],[0:19],[0:19],[0:19],[0:19],[7:11],[0:19],[0:19],[0:19],[0:19],[0:19],[6:11],1
[0:19],[0:19],[0:19],[0:19],[0:19],[0:19],[0:19],[0:19],[0:19],[0:19],[0:19],[0:19],[0:19],[7:11],[0:19],[0:19],[0:19],[0:19],[0:19],[6:11],0
[0:19],[0:19],[0:19],[0:19],[0:19],[0:19],[0:19],[0:19],[0:19],[0:19],[0:19],[0:19],[0:19],[7:11],[0:19],[0:19],[0:19],[0:19],[0:19],[6:11],0
[0:19],[0:19],[0:19],[0:19],[0:19],[0:19],[0:19],[0:19],[0:19],[0:19],[0:19],[0:19],[0:19],[7:11],[0:19],[0:19],[0:19],[0:19],[0:19],[6:11],1
[0:19],[0:19],[0:19],[0:19],[0:19],[0:19],[0:19],[0:19],[0:19],[0:19],[0:19],[0:19],[0:19],[12:14],[0:19],[0:19],[0:19],[0:19],[0:19],[6:11],0
[0:19],[0:19],[0:19],[0:19],[0:19],[0:19],[0:19],[0:19],[0:19],[0:19],[0:19],[0:19],[0:19],[7:11],[0:19],[0:19],[0:19],[0:19],[0:19],[6:11],1
[0:19],[0:19],[0:19],[0:19],[0:19],[0:19],[0:19],[0:19],[0:19],[0:19],[0:19],[0:19],[0:19],[7:11],[0:19],[0:19],[0:19],[0:19],[0:19],[6:11],0
[0:19],[0:19],[0:19],[0:19],[0:19],[0:19],[0:19],[0:19],[0:19],[0:19],[0:19],[0:19],[0:19],[7:11],[0:19],[0:19],[0:19],[0:19],[0:19],[6:11],1
[0:19],[0:19],[0:19],[0:19],[0:19],[0:19],[0:19],[0:19],[0:19],[0:19],[0:19],[0:19],[0:19],[7:11],[0:19],[0:19],[0:19],[0:19],[0:19],[6:11],0
[0:19],[0:19],[0:19],[0:19],[0:19],[0:19],[0:19],[0:19],[0:19],[0:19],[0:19],[0:19],[0:19],[7:11],[0:19],[0:19],[0:19],[0:19],[0:19],[6:11],1
[0:19],[0:19],[0:19],[0:19],[0:19],[0:19],[0:19],[0:19],[0:19],[0:19],[0:19],[0:19],[0:19],[7:11],[0:19],[0:19],[0:19],[0:19],[0:19],[12:15],1
[0:19],[0:19],[0:19],[0:19],[0:19],[0:19],[0:19],[0:19],[0:19],[0:19],[0:19],[0:19],[0:19],[7:11],[0:19],[0:19],[0:19],[0:19],[0:19],[6:11],0
[0:19],[0:19],[0:19],[0:19],[0:19],[0:19],[0:19],[0:19],[0:19],[0:19],[0:19],[0:19],[0:19],[12:14],[0:19],[0:19],[0:19],[0:19],[0:19],[6:11],0
[0:19],[0:19],[0:19],[0:19],[0:19],[0:19],[0:19],[0:19],[0:19],[0:19],[0:19],[0:19],[0:19],[7:11],[0:19],[0:19],[0:19],[0:19],[0:19],[6:11],1
[0:19],[0:19],[0:19],[0:19],[0:19],[0:19],[0:19],[0:19],[0:19],[0:19],[0:19],[0:19],[0:19],[7:11],[0:19],[0:19],[0:19],[0:19],[0:19],[6:11],1
[0:19],[0:19],[0:19],[0:19],[0:19],[0:19],[0:19],[0:19],[0:19],[0:19],[0:19],[0:19],[0:19],[7:11],[0:19],[0:19],[0:19],[0:19],[0:19],[6:11],1
[0:19],[0:19],[0:19],[0:19],[0:19],[0:19],[0:19],[0:19],[0:19],[0:19],[0:19],[0:19],[0:19],[7:11],[0:19],[0:19],[0:19],[0:19],[0:19],[6:11],1
[0:19],[0:19],[0:19],[0:19],[0:19],[0:19],[0:19],[0:19],[0:19],[0:19],[0:19],[0:19],[0:19],[12:14],[0:19],[0:19],[0:19],[0:19],[0:19],[0:2],0
[0:19],[0:19],[0:19],[0:19],[0:19],[0:19],[0:19],[0:19],[0:19],[0:19],[0:19],[0:19],[0:19],[15:19],[0:19],[0:19],[0:19],[0:19],[0:19],[6:11],0
[0:19],[0:19],[0:19],[0:19],[0:19],[0:19],[0:19],[0:19],[0:19],[0:19],[0:19],[0:19],[0:19],[7:11],[0:19],[0:19],[0:19],[0:19],[0:19],[6:11],1
[0:19],[0:19],[0:19],[0:19],[0:19],[0:19],[0:19],[0:19],[0:19],[0:19],[0:19],[0:19],[0:19],[0:6],[0:19],[0:19],[0:19],[0:19],[0:19],[6:11],0
[0:19],[0:19],[0:19],[0:19],[0:19],[0:19],[0:19],[0:19],[0:19],[0:19],[0:19],[0:19],[0:19],[7:11],[0:19],[0:19],[0:19],[0:19],[0:19],[12:15],1
[0:19],[0:19],[0:19],[0:19],[0:19],[0:19],[0:19],[0:19],[0:19],[0:19],[0:19],[0:19],[0:19],[12:14],[0:19],[0:19],[0:19],[0:19],[0:19],[6:11],1
[0:19],[0:19],[0:19],[0:19],[0:19],[0:19],[0:19],[0:19],[0:19],[0:19],[0:19],[0:19],[0:19],[7:11],[0:19],[0:19],[0:19],[0:19],[0:19],[6:11],1
[0:19],[0:19],[0:19],[0:19],[0:19],[0:19],[0:19],[0:19],[0:19],[0:19],[0:19],[0:19],[0:19],[7:11],[0:19],[0:19],[0:19],[0:19],[0:19],[6:11],0
[0:19],[0:19],[0:19],[0:19],[0:19],[0:19],[0:19],[0:19],[0:19],[0:19],[0:19],[0:19],[0:19],[7:11],[0:19],[0:19],[0:19],[0:19],[0:19],[6:11],1
[0:19],[0:19],[0:19],[0:19],[0:19],[0:19],[0:19],[0:19],[0:19],[0:19],[0:19],[0:19],[0:19],[7:11],[0:19],[0:19],[0:19],[0:19],[0:19],[6:11],1
[0:19],[0:19],[0:19],[0:19],[0:19],[0:19],[0:19],[0:19],[0:19],[0:19],[0:19],[0:19],[0:19],[7:11],[0:19],[0:19],[0:19],[0:19],[0:19],[6:11],0
[0:19],[0:19],[0:19],[0:19],[0:19],[0:19],[0:19],[0:19],[0:19],[0:19],[0:19],[0:19],[0:19],[7:11],[0:19],[0:19],[0:19],[0:19],[0:19],[3:5],0
[0:19],[0:19],[0:19],[0:19],[0:19],[0:19],[0:19],[0:19],[0:19],[0:19],[0:19],[0:19],[0:19],[12:14],[0:19],[0:19],[0:19],[0:19],[0:19],[6:11],1
[0:19],[0:19],[0:19],[0:19],[0:19],[0:19],[0:19],[0:19],[0:19],[0:19],[0:19],[0:19],[0:19],[7:11],[0:19],[0:19],[0:19],[0:19],[0:19],[6:11],0
[0:19],[0:19],[0:19],[0:19],[0:19],[0:19],[0:19],[0:19],[0:19],[0:19],[0:19],[0:19],[0:19],[7:11],[0:19],[0:19],[0:19],[0:19],[0:19],[6:11],0
[0:19],[0:19],[0:19],[0:19],[0:19],[0:19],[0:19],[0:19],[0:19],[0:19],[0:19],[0:19],[0:19],[7:11],[0:19],[0:19],[0:19],[0:19],[0:19],[6:11],0
[0:19],[0:19],[0:19],[0:19],[0:19],[0:19],[0:19],[0:19],[0:19],[0:19],[0:19],[0:19],[0:19],[7:11],[0:19],[0:19],[0:19],[0:19],[0:19],[12:15],0
[0:19],[0:19],[0:19],[0:19],[0:19],[0:19],[0:19],[0:19],[0:19],[0:19],[0:19],[0:19],[0:19],[7:11],[0:19],[0:19],[0:19],[0:19],[0:19],[6:11],1
[0:19],[0:19],[0:19],[0:19],[0:19],[0:19],[0:19],[0:19],[0:19],[0:19],[0:19],[0:19],[0:19],[7:11],[0:19],[0:19],[0:19],[0:19],[0:19],[6:11],1
[0:19],[0:19],[0:19],[0:19],[0:19],[0:19],[0:19],[0:19],[0:19],[0:19],[0:19],[0:19],[0:19],[7:11],[0:19],[0:19],[0:19],[0:19],[0:19],[6:11],0
[0:19],[0:19],[0:19],[0:19],[0:19],[0:19],[0:19],[0:19],[0:19],[0:19],[0:19],[0:19],[0:19],[7:11],[0:19],[0:19],[0:19],[0:19],[0:19],[6:11],1
[0:19],[0:19],[0:19],[0:19],[0:19],[0:19],[0:19],[0:19],[0:19],[0:19],[0:19],[0:19],[0:19],[7:11],[0:19],[0:19],[0:19],[0:19],[0:19],[6:11],1
[0:19],[0:19],[0:19],[0:19],[0:19],[0:19],[0:19],[0:19],[0:19],[0:19],[0:19],[0:19],[0:19],[7:11],[0:19],[0:19],[0:19],[0:19],[0:19],[6:11],1
[0:19],[0:19],[0:19],[0:19],[0:19],[0:19],[0:19],[0:19],[0:19],[0:19],[0:19],[0:19],[0:19],[0:6],[0:19],[0:19],[0:19],[0:19],[0:19],[6:11],0
[0:19],[0:19],[0:19],[0:19],[0:19],[0:19],[0:19],[0:19],[0:19],[0:19],[0:19],[0:19],[0:19],[7:11],[0:19],[0:19],[0:19],[0:19],[0:19],[6:11],0
[0:19],[0:19],[0:19],[0:19],[0:19],[0:19],[0:19],[0:19],[0:19],[0:19],[0:19],[0:19],[0:19],[7:11],[0:19],[0:19],[0:19],[0:19],[0:19],[6:11],1
[0:19],[0:19],[0:19],[0:19],[0:19],[0:19],[0:19],[0:19],[0:19],[0:19],[0:19],[0:19],[0:19],[7:11],[0:19],[0:19],[0:19],[0:19],[0:19],[6:11],1
[0:19],[0:19],[0:19],[0:19],[0:19],[0:19],[0:19],[0:19],[0:19],[0:19],[0:19],[0:19],[0:19],[12:14],[0:19],[0:19],[0:19],[0:19],[0:19],[6:11],1
[0:19],[0:19],[0:19],[0:19],[0:19],[0:19],[0:19],[0:19],[0:19],[0:19],[0:19],[0:19],[0:19],[7:11],[0:19],[0:19],[0:19],[0:19],[0:19],[6:11],0
[0:19],[0:19],[0:19],[0:19],[0:19],[0:19],[0:19],[0:19],[0:19],[0:19],[0:19],[0:19],[0:19],[7:11],[0:19],[0:19],[0:19],[0:19],[0:19],[12:15],1
[0:19],[0:19],[0:19],[0:19],[0:19],[0:19],[0:19],[0:19],[0:19],[0:19],[0:19],[0:19],[0:19],[7:11],[0:19],[0:19],[0:19],[0:19],[0:19],[6:11],1
[0:19],[0:19],[0:19],[0:19],[0:19],[0:19],[0:19],[0:19],[0:19],[0:19],[0:19],[0:19],[0:19],[7:11],[0:19],[0:19],[0:19],[0:19],[0:19],[6:11],0
[0:19],[0:19],[0:19],[0:19],[0:19],[0:19],[0:19],[0:19],[0:19],[0:19],[0:19],[0:19],[0:19],[7:11],[0:19],[0:19],[0:19],[0:19],[0:19],[6:11],1
[0:19],[0:19],[0:19],[0:19],[0:19],[0:19],[0:19],[0:19],[0:19],[0:19],[0:19],[0:19],[0:19],[7:11],[0:19],[0:19],[0:19],[0:19],[0:19],[6:11],0
[0:19],[0:19],[0:19],[0:19],[0:19],[0:19],[0:19],[0:19],[0:19],[0:19],[0:19],[0:19],[0:19],[12:14],[0:19],[0:19],[0:19],[0:19],[0:19],[6:11],1
[0:19],[0:19],[0:19],[0:19],[0:19],[0:19],[0:19],[0:19],[0:19],[0:19],[0:19],[0:19],[0:19],[7:11],[0:19],[0:19],[0:19],[0:19],[0:19],[12:15],0
[0:19],[0:19],[0:19],[0:19],[0:19],[0:19],[0:19],[0:19],[0:19],[0:19],[0:19],[0:19],[0:19],[0:6],[0:19],[0:19],[0:19],[0:19],[0:19],[6:11],0
[0:19],[0:19],[0:19],[0:19],[0:19],[0:19],[0:19],[0:19],[0:19],[0:19],[0:19],[0:19],[0:19],[12:14],[0:19],[0:19],[0:19],[0:19],[0:19],[6:11],0
[0:19],[0:19],[0:19],[0:19],[0:19],[0:19],[0:19],[0:19],[0:19],[0:19],[0:19],[0:19],[0:19],[7:11],[0:19],[0:19],[0:19],[0:19],[0:19],[6:11],1
[0:19],[0:19],[0:19],[0:19],[0:19],[0:19],[0:19],[0:19],[0:19],[0:19],[0:19],[0:19],[0:19],[7:11],[0:19],[0:19],[0:19],[0:19],[0:19],[12:15],0
[0:19],[0:19],[0:19],[0:19],[0:19],[0:19],[0:19],[0:19],[0:19],[0:19],[0:19],[0:19],[0:19],[7:11],[0:19],[0:19],[0:19],[0:19],[0:19],[6:11],0
[0:19],[0:19],[0:19],[0:19],[0:19],[0:19],[0:19],[0:19],[0:19],[0:19],[0:19],[0:19],[0:19],[7:11],[0:19],[0:19],[0:19],[0:19],[0:19],[6:11],1
[0:19],[0:19],[0:19],[0:19],[0:19],[0:19],[0:19],[0:19],[0:19],[0:19],[0:19],[0:19],[0:19],[7:11],[0:19],[0:19],[0:19],[0:19],[0:19],[6:11],0
[0:19],[0:19],[0:19],[0:19],[0:19],[0:19],[0:19],[0:19],[0:19],[0:19],[0:19],[0:19],[0:19],[7:11],[0:19],[0:19],[0:19],[0:19],[0:19],[6:11],1
[0:19],[0:19],[0:19],[0:19],[0:19],[0:19],[0:19],[0:19],[0:19],[0:19],[0:19],[0:19],[0:19],[7:11],[0:19],[0:19],[0:19],[0:19],[0:19],[6:11],0
[0:19],[0:19],[0:19],[0:19],[0:19],[0:19],[0:19],[0:19],[0:19],[0:19],[0:19],[0:19],[0:19],[7:11],[0:19],[0:19],[0:19],[0:19],[0:19],[6:11],1
[0:19],[0:19],[0:19],[0:19],[0:19],[0:19],[0:19],[0:19],[0:19],[0:19],[0:19],[0:19],[0:19],[15:19],[0:19],[0:19],[0:19],[0:19],[0:19],[12:15],0
[0:19],[0:19],[0:19],[0:19],[0:19],[0:19],[0:19],[0:19],[0:19],[0:19],[0:19],[0:19],[0:19],[7:11],[0:19],[0:19],[0:19],[0:19],[0:19],[6:11],0
[0:19],[0:19],[0:19],[0:19],[0:19],[0:19],[0:19],[0:19],[0:19],[0:19],[0:19],[0:19],[0:19],[7:11],[0:19],[0:19],[0:19],[0:19],[0:19],[6:11],1
[0:19],[0:19],[0:19],[0:19],[0:19],[0:19],[0:19],[0:19],[0:19],[0:19],[0:19],[0:19],[0:19],[7:11],[0:19],[0:19],[0:19],[0:19],[0:19],[12:15],1
[0:19],[0:19],[0:19],[0:19],[0:19],[0:19],[0:19],[0:19],[0:19],[0:19],[0:19],[0:19],[0:19],[7:11],[0:19],[0:19],[0:19],[0:19],[0:19],[6:11],1
[0:19],[0:19],[0:19],[0:19],[0:19],[0:19],[0:19],[0:19],[0:19],[0:19],[0:19],[0:19],[0:19],[7:11],[0:19],[0:19],[0:19],[0:19],[0:19],[6:11],1
[0:19],[0:19],[0:19],[0:19],[0:19],[0:19],[0:19],[0:19],[0:19],[0:19],[0:19],[0:19],[0:19],[7:11],[0:19],[0:19],[0:19],[0:19],[0:19],[6:11],1
[0:19],[0:19],[0:19],[0:19],[0:19],[0:19],[0:19],[0:19],[0:19],[0:19],[0:19],[0:19],[0:19],[7:11],[0:19],[0:19],[0:19],[0:19],[0:19],[6:11],0
[0:19],[0:19],[0:19],[0:19],[0:19],[0:19],[0:19],[0:19],[0:19],[0:19],[0:19],[0:19],[0:19],[7:11],[0:19],[0:19],[0:19],[0:19],[0:19],[6:11],0
[0:19],[0:19],[0:19],[0:19],[0:19],[0:19],[0:19],[0:19],[0:19],[0:19],[0:19],[0:19],[0:19],[7:11],[0:19],[0:19],[0:19],[0:19],[0:19],[6:11],1
[0:19],[0:19],[0:19],[0:19],[0:19],[0:19],[0:19],[0:19],[0:19],[0:19],[0:19],[0:19],[0:19],[7:11],[0:19],[0:19],[0:19],[0:19],[0:19],[6:11],1
[0:19],[0:19],[0:19],[0:19],[0:19],[0:19],[0:19],[0:19],[0:19],[0:19],[0:19],[0:19],[0:19],[7:11],[0:19],[0:19],[0:19],[0:19],[0:19],[12:15],1
[0:19],[0:19],[0:19],[0:19],[0:19],[0:19],[0:19],[0:19],[0:19],[0:19],[0:19],[0:19],[0:19],[7:11],[0:19],[0:19],[0:19],[0:19],[0:19],[12:15],0
[0:19],[0:19],[0:19],[0:19],[0:19],[0:19],[0:19],[0:19],[0:19],[0:19],[0:19],[0:19],[0:19],[7:11],[0:19],[0:19],[0:19],[0:19],[0:19],[6:11],1
[0:19],[0:19],[0:19],[0:19],[0:19],[0:19],[0:19],[0:19],[0:19],[0:19],[0:19],[0:19],[0:19],[7:11],[0:19],[0:19],[0:19],[0:19],[0:19],[6:11],1
[0:19],[0:19],[0:19],[0:19],[0:19],[0:19],[0:19],[0:19],[0:19],[0:19],[0:19],[0:19],[0:19],[7:11],[0:19],[0:19],[0:19],[0:19],[0:19],[6:11],0
[0:19],[0:19],[0:19],[0:19],[0:19],[0:19],[0:19],[0:19],[0:19],[0:19],[0:19],[0:19],[0:19],[7:11],[0:19],[0:19],[0:19],[0:19],[0:19],[12:15],1
[0:19],[0:19],[0:19],[0:19],[0:19],[0:19],[0:19],[0:19],[0:19],[0:19],[0:19],[0:19],[0:19],[7:11],[0:19],[0:19],[0:19],[0:19],[0:19],[6:11],0
[0:19],[0:19],[0:19],[0:19],[0:19],[0:19],[0:19],[0:19],[0:19],[0:19],[0:19],[0:19],[0:19],[7:11],[0:19],[0:19],[0:19],[0:19],[0:19],[6:11],0
[0:19],[0:19],[0:19],[0:19],[0:19],[0:19],[0:19],[0:19],[0:19],[0:19],[0:19],[0:19],[0:19],[12:14],[0:19],[0:19],[0:19],[0:19],[0:19],[6:11],0
[0:19],[0:19],[0:19],[0:19],[0:19],[0:19],[0:19],[0:19],[0:19],[0:19],[0:19],[0:19],[0:19],[7:11],[0:19],[0:19],[0:19],[0:19],[0:19],[6:11],0
[0:19],[0:19],[0:19],[0:19],[0:19],[0:19],[0:19],[0:19],[0:19],[0:19],[0:19],[0:19],[0:19],[7:11],[0:19],[0:19],[0:19],[0:19],[0:19],[6:11],1
[0:19],[0:19],[0:19],[0:19],[0:19],[0:19],[0:19],[0:19],[0:19],[0:19],[0:19],[0:19],[0:19],[15:19],[0:19],[0:19],[0:19],[0:19],[0:19],[3:5],0
[0:19],[0:19],[0:19],[0:19],[0:19],[0:19],[0:19],[0:19],[0:19],[0:19],[0:19],[0:19],[0:19],[7:11],[0:19],[0:19],[0:19],[0:19],[0:19],[6:11],0
[0:19],[0:19],[0:19],[0:19],[0:19],[0:19],[0:19],[0:19],[0:19],[0:19],[0:19],[0:19],[0:19],[7:11],[0:19],[0:19],[0:19],[0:19],[0:19],[6:11],1
[0:19],[0:19],[0:19],[0:19],[0:19],[0:19],[0:19],[0:19],[0:19],[0:19],[0:19],[0:19],[0:19],[7:11],[0:19],[0:19],[0:19],[0:19],[0:19],[6:11],1
[0:19],[0:19],[0:19],[0:19],[0:19],[0:19],[0:19],[0:19],[0:19],[0:19],[0:19],[0:19],[0:19],[7:11],[0:19],[0:19],[0:19],[0:19],[0:19],[6:11],1
[0:19],[0:19],[0:19],[0:19],[0:19],[0:19],[0:19],[0:19],[0:19],[0:19],[0:19],[0:19],[0:19],[7:11],[0:19],[0:19],[0:19],[0:19],[0:19],[6:11],1
[0:19],[0:19],[0:19],[0:19],[0:19],[0:19],[0:19],[0:19],[0:19],[0:19],[0:19],[0:19],[0:19],[7:11],[0:19],[0:19],[0:19],[0:19],[0:19],[6:11],1
[0:19],[0:19],[0:19],[0:19],[0:19],[0:19],[0:19],[0:19],[0:19],[0:19],[0:19],[0:19],[0:19],[7:11],[0:19],[0:19],[0:19],[0:19],[0:19],[6:11],1
[0:19],[0:19],[0:19],[0:19],[0:19],[0:19],[0:19],[0:19],[0:19],[0:19],[0:19],[0:19],[0:19],[7:11],[0:19],[0:19],[0:19],[0:19],[0:19],[6:11],1
[0:19],[0:19],[0:19],[0:19],[0:19],[0:19],[0:19],[0:19],[0:19],[0:19],[0:19],[0:19],[0:19],[7:11],[0:19],[0:19],[0:19],[0:19],[0:19],[6:11],1
[0:19],[0:19],[0:19],[0:19],[0:19],[0:19],[0:19],[0:19],[0:19],[0:19],[0:19],[0:19],[0:19],[12:14],[0:19],[0:19],[0:19],[0:19],[0:19],[6:11],0
[0:19],[0:19],[0:19],[0:19],[0:19],[0:19],[0:19],[0:19],[0:19],[0:19],[0:19],[0:19],[0:19],[7:11],[0:19],[0:19],[0:19],[0:19],[0:19],[6:11],1
[0:19],[0:19],[0:19],[0:19],[0:19],[0:19],[0:19],[0:19],[0:19],[0:19],[0:19],[0:19],[0:19],[12:14],[0:19],[0:19],[0:19],[0:19],[0:19],[6:11],1
[0:19],[0:19],[0:19],[0:19],[0:19],[0:19],[0:19],[0:19],[0:19],[0:19],[0:19],[0:19],[0:19],[7:11],[0:19],[0:19],[0:19],[0:19],[0:19],[6:11],0
[0:19],[0:19],[0:19],[0:19],[0:19],[0:19],[0:19],[0:19],[0:19],[0:19],[0:19],[0:19],[0:19],[12:14],[0:19],[0:19],[0:19],[0:19],[0:19],[6:11],0
[0:19],[0:19],[0:19],[0:19],[0:19],[0:19],[0:19],[0:19],[0:19],[0:19],[0:19],[0:19],[0:19],[7:11],[0:19],[0:19],[0:19],[0:19],[0:19],[6:11],1
[0:19],[0:19],[0:19],[0:19],[0:19],[0:19],[0:19],[0:19],[0:19],[0:19],[0:19],[0:19],[0:19],[7:11],[0:19],[0:19],[0:19],[0:19],[0:19],[6:11],0
[0:19],[0:19],[0:19],[0:19],[0:19],[0:19],[0:19],[0:19],[0:19],[0:19],[0:19],[0:19],[0:19],[7:11],[0:19],[0:19],[0:19],[0:19],[0:19],[6:11],1
[0:19],[0:19],[0:19],[0:19],[0:19],[0:19],[0:19],[0:19],[0:19],[0:19],[0:19],[0:19],[0:19],[7:11],[0:19],[0:19],[0:19],[0:19],[0:19],[6:11],1
[0:19],[0:19],[0:19],[0:19],[0:19],[0:19],[0:19],[0:19],[0:19],[0:19],[0:19],[0:19],[0:19],[7:11],[0:19],[0:19],[0:19],[0:19],[0:19],[6:11],1
[0:19],[0:19],[0:19],[0:19],[0:19],[0:19],[0:19],[0:19],[0:19],[0:19],[0:19],[0:19],[0:19],[12:14],[0:19],[0:19],[0:19],[0:19],[0:19],[6:11],0
[0:19],[0:19],[0:19],[0:19],[0:19],[0:19],[0:19],[0:19],[0:19],[0:19],[0:19],[0:19],[0:19],[7:11],[0:19],[0:19],[0:19],[0:19],[0:19],[6:11],1
[0:19],[0:19],[0:19],[0:19],[0:19],[0:19],[0:19],[0:19],[0:19],[0:19],[0:19],[0:19],[0:19],[7:11],[0:19],[0:19],[0:19],[0:19],[0:19],[6:11],1
[0:19],[0:19],[0:19],[0:19],[0:19],[0:19],[0:19],[0:19],[0:19],[0:19],[0:19],[0:19],[0:19],[7:11],[0:19],[0:19],[0:19],[0:19],[0:19],[6:11],1
[0:19],[0:19],[0:19],[0:19],[0:19],[0:19],[0:19],[0:19],[0:19],[0:19],[0:19],[0:19],[0:19],[7:11],[0:19],[0:19],[0:19],[0:19],[0:19],[6:11],1
[0:19],[0:19],[0:19],[0:19],[0:19],[0:19],[0:19],[0:19],[0:19],[0:19],[0:19],[0:19],[0:19],[7:11],[0:19],[0:19],[0:19],[0:19],[0:19],[6:11],0
[0:19],[0:19],[0:19],[0:19],[0:19],[0:19],[0:19],[0:19],[0:19],[0:19],[0:19],[0:19],[0:19],[12:14],[0:19],[0:19],[0:19],[0:19],[0:19],[6:11],1
[0:19],[0:19],[0:19],[0:19],[0:19],[0:19],[0:19],[0:19],[0:19],[0:19],[0:19],[0:19],[0:19],[7:11],[0:19],[0:19],[0:19],[0:19],[0:19],[3:5],0
[0:19],[0:19],[0:19],[0:19],[0:19],[0:19],[0:19],[0:19],[0:19],[0:19],[0:19],[0:19],[0:19],[12:14],[0:19],[0:19],[0:19],[0:19],[0:19],[6:11],0
[0:19],[0:19],[0:19],[0:19],[0:19],[0:19],[0:19],[0:19],[0:19],[0:19],[0:19],[0:19],[0:19],[7:11],[0:19],[0:19],[0:19],[0:19],[0:19],[6:11],1
[0:19],[0:19],[0:19],[0:19],[0:19],[0:19],[0:19],[0:19],[0:19],[0:19],[0:19],[0:19],[0:19],[7:11],[0:19],[0:19],[0:19],[0:19],[0:19],[6:11],1
[0:19],[0:19],[0:19],[0:19],[0:19],[0:19],[0:19],[0:19],[0:19],[0:19],[0:19],[0:19],[0:19],[7:11],[0:19],[0:19],[0:19],[0:19],[0:19],[12:15],0
[0:19],[0:19],[0:19],[0:19],[0:19],[0:19],[0:19],[0:19],[0:19],[0:19],[0:19],[0:19],[0:19],[7:11],[0:19],[0:19],[0:19],[0:19],[0:19],[6:11],0
[0:19],[0:19],[0:19],[0:19],[0:19],[0:19],[0:19],[0:19],[0:19],[0:19],[0:19],[0:19],[0:19],[7:11],[0:19],[0:19],[0:19],[0:19],[0:19],[6:11],1
[0:19],[0:19],[0:19],[0:19],[0:19],[0:19],[0:19],[0:19],[0:19],[0:19],[0:19],[0:19],[0:19],[7:11],[0:19],[0:19],[0:19],[0:19],[0:19],[6:11],0
[0:19],[0:19],[0:19],[0:19],[0:19],[0:19],[0:19],[0:19],[0:19],[0:19],[0:19],[0:19],[0:19],[7:11],[0:19],[0:19],[0:19],[0:19],[0:19],[6:11],0
[0:19],[0:19],[0:19],[0:19],[0:19],[0:19],[0:19],[0:19],[0:19],[0:19],[0:19],[0:19],[0:19],[7:11],[0:19],[0:19],[0:19],[0:19],[0:19],[6:11],1
[0:19],[0:19],[0:19],[0:19],[0:19],[0:19],[0:19],[0:19],[0:19],[0:19],[0:19],[0:19],[0:19],[7:11],[0:19],[0:19],[0:19],[0:19],[0:19],[6:11],1
[0:19],[0:19],[0:19],[0:19],[0:19],[0:19],[0:19],[0:19],[0:19],[0:19],[0:19],[0:19],[0:19],[7:11],[0:19],[0:19],[0:19],[0:19],[0:19],[6:11],1
[0:19],[0:19],[0:19],[0:19],[0:19],[0:19],[0:19],[0:19],[0:19],[0:19],[0:19],[0:19],[0:19],[7:11],[0:19],[0:19],[0:19],[0:19],[0:19],[6:11],0
[0:19],[0:19],[0:19],[0:19],[0:19],[0:19],[0:19],[0:19],[0:19],[0:19],[0:19],[0:19],[0:19],[12:14],[0:19],[0:19],[0:19],[0:19],[0:19],[6:11],1
[0:19],[0:19],[0:19],[0:19],[0:19],[0:19],[0:19],[0:19],[0:19],[0:19],[0:19],[0:19],[0:19],[7:11],[0:19],[0:19],[0:19],[0:19],[0:19],[6:11],0
[0:19],[0:19],[0:19],[0:19],[0:19],[0:19],[0:19],[0:19],[0:19],[0:19],[0:19],[0:19],[0:19],[7:11],[0:19],[0:19],[0:19],[0:19],[0:19],[6:11],1
[0:19],[0:19],[0:19],[0:19],[0:19],[0:19],[0:19],[0:19],[0:19],[0:19],[0:19],[0:19],[0:19],[7:11],[0:19],[0:19],[0:19],[0:19],[0:19],[6:11],0
[0:19],[0:19],[0:19],[0:19],[0:19],[0:19],[0:19],[0:19],[0:19],[0:19],[0:19],[0:19],[0:19],[7:11],[0:19],[0:19],[0:19],[0:19],[0:19],[6:11],1
[0:19],[0:19],[0:19],[0:19],[0:19],[0:19],[0:19],[0:19],[0:19],[0:19],[0:19],[0:19],[0:19],[7:11],[0:19],[0:19],[0:19],[0:19],[0:19],[0:2],0
[0:19],[0:19],[0:19],[0:19],[0:19],[0:19],[0:19],[0:19],[0:19],[0:19],[0:19],[0:19],[0:19],[7:11],[0:19],[0:19],[0:19],[0:19],[0:19],[6:11],0
[0:19],[0:19],[0:19],[0:19],[0:19],[0:19],[0:19],[0:19],[0:19],[0:19],[0:19],[0:19],[0:19],[0:6],[0:19],[0:19],[0:19],[0:19],[0:19],[3:5],0
[0:19],[0:19],[0:19],[0:19],[0:19],[0:19],[0:19],[0:19],[0:19],[0:19],[0:19],[0:19],[0:19],[7:11],[0:19],[0:19],[0:19],[0:19],[0:19],[6:11],0
[0:19],[0:19],[0:19],[0:19],[0:19],[0:19],[0:19],[0:19],[0:19],[0:19],[0:19],[0:19],[0:19],[7:11],[0:19],[0:19],[0:19],[0:19],[0:19],[6:11],1
[0:19],[0:19],[0:19],[0:19],[0:19],[0:19],[0:19],[0:19],[0:19],[0:19],[0:19],[0:19],[0:19],[7:11],[0:19],[0:19],[0:19],[0:19],[0:19],[6:11],0
[0:19],[0:19],[0:19],[0:19],[0:19],[0:19],[0:19],[0:19],[0:19],[0:19],[0:19],[0:19],[0:19],[7:11],[0:19],[0:19],[0:19],[0:19],[0:19],[6:11],1
[0:19],[0:19],[0:19],[0:19],[0:19],[0:19],[0:19],[0:19],[0:19],[0:19],[0:19],[0:19],[0:19],[7:11],[0:19],[0:19],[0:19],[0:19],[0:19],[6:11],1
[0:19],[0:19],[0:19],[0:19],[0:19],[0:19],[0:19],[0:19],[0:19],[0:19],[0:19],[0:19],[0:19],[7:11],[0:19],[0:19],[0:19],[0:19],[0:19],[6:11],1
[0:19],[0:19],[0:19],[0:19],[0:19],[0:19],[0:19],[0:19],[0:19],[0:19],[0:19],[0:19],[0:19],[15:19],[0:19],[0:19],[0:19],[0:19],[0:19],[6:11],0
[0:19],[0:19],[0:19],[0:19],[0:19],[0:19],[0:19],[0:19],[0:19],[0:19],[0:19],[0:19],[0:19],[7:11],[0:19],[0:19],[0:19],[0:19],[0:19],[6:11],1
[0:19],[0:19],[0:19],[0:19],[0:19],[0:19],[0:19],[0:19],[0:19],[0:19],[0:19],[0:19],[0:19],[0:6],[0:19],[0:19],[0:19],[0:19],[0:19],[6:11],0
[0:19],[0:19],[0:19],[0:19],[0:19],[0:19],[0:19],[0:19],[0:19],[0:19],[0:19],[0:19],[0:19],[7:11],[0:19],[0:19],[0:19],[0:19],[0:19],[6:11],1
[0:19],[0:19],[0:19],[0:19],[0:19],[0:19],[0:19],[0:19],[0:19],[0:19],[0:19],[0:19],[0:19],[7:11],[0:19],[0:19],[0:19],[0:19],[0:19],[6:11],1
[0:19],[0:19],[0:19],[0:19],[0:19],[0:19],[0:19],[0:19],[0:19],[0:19],[0:19],[0:19],[0:19],[7:11],[0:19],[0:19],[0:19],[0:19],[0:19],[16:19],0
[0:19],[0:19],[0:19],[0:19],[0:19],[0:19],[0:19],[0:19],[0:19],[0:19],[0:19],[0:19],[0:19],[12:14],[0:19],[0:19],[0:19],[0:19],[0:19],[6:11],0
[0:19],[0:19],[0:19],[0:19],[0:19],[0:19],[0:19],[0:19],[0:19],[0:19],[0:19],[0:19],[0:19],[0:6],[0:19],[0:19],[0:19],[0:19],[0:19],[6:11],0
[0:19],[0:19],[0:19],[0:19],[0:19],[0:19],[0:19],[0:19],[0:19],[0:19],[0:19],[0:19],[0:19],[7:11],[0:19],[0:19],[0:19],[0:19],[0:19],[6:11],1
[0:19],[0:19],[0:19],[0:19],[0:19],[0:19],[0:19],[0:19],[0:19],[0:19],[0:19],[0:19],[0:19],[7:11],[0:19],[0:19],[0:19],[0:19],[0:19],[6:11],1
[0:19],[0:19],[0:19],[0:19],[0:19],[0:19],[0:19],[0:19],[0:19],[0:19],[0:19],[0:19],[0:19],[7:11],[0:19],[0:19],[0:19],[0:19],[0:19],[6:11],1
[0:19],[0:19],[0:19],[0:19],[0:19],[0:19],[0:19],[0:19],[0:19],[0:19],[0:19],[0:19],[0:19],[7:11],[0:19],[0:19],[0:19],[0:19],[0:19],[3:5],0
[0:19],[0:19],[0:19],[0:19],[0:19],[0:19],[0:19],[0:19],[0:19],[0:19],[0:19],[0:19],[0:19],[7:11],[0:19],[0:19],[0:19],[0:19],[0:19],[6:11],1
[0:19],[0:19],[0:19],[0:19],[0:19],[0:19],[0:19],[0:19],[0:19],[0:19],[0:19],[0:19],[0:19],[7:11],[0:19],[0:19],[0:19],[0:19],[0:19],[6:11],0
[0:19],[0:19],[0:19],[0:19],[0:19],[0:19],[0:19],[0:19],[0:19],[0:19],[0:19],[0:19],[0:19],[7:11],[0:19],[0:19],[0:19],[0:19],[0:19],[6:11],1
[0:19],[0:19],[0:19],[0:19],[0:19],[0:19],[0:19],[0:19],[0:19],[0:19],[0:19],[0:19],[0:19],[7:11],[0:19],[0:19],[0:19],[0:19],[0:19],[6:11],1
[0:19],[0:19],[0:19],[0:19],[0:19],[0:19],[0:19],[0:19],[0:19],[0:19],[0:19],[0:19],[0:19],[0:6],[0:19],[0:19],[0:19],[0:19],[0:19],[6:11],0
[0:19],[0:19],[0:19],[0:19],[0:19],[0:19],[0:19],[0:19],[0:19],[0:19],[0:19],[0:19],[0:19],[12:14],[0:19],[0:19],[0:19],[0:19],[0:19],[6:11],1
[0:19],[0:19],[0:19],[0:19],[0:19],[0:19],[0:19],[0:19],[0:19],[0:19],[0:19],[0:19],[0:19],[7:11],[0:19],[0:19],[0:19],[0:19],[0:19],[12:15],0
[0:19],[0:19],[0:19],[0:19],[0:19],[0:19],[0:19],[0:19],[0:19],[0:19],[0:19],[0:19],[0:19],[7:11],[0:19],[0:19],[0:19],[0:19],[0:19],[6:11],1
[0:19],[0:19],[0:19],[0:19],[0:19],[0:19],[0:19],[0:19],[0:19],[0:19],[0:19],[0:19],[0:19],[0:6],[0:19],[0:19],[0:19],[0:19],[0:19],[6:11],0
[0:19],[0:19],[0:19],[0:19],[0:19],[0:19],[0:19],[0:19],[0:19],[0:19],[0:19],[0:19],[0:19],[7:11],[0:19],[0:19],[0:19],[0:19],[0:19],[6:11],1
[0:19],[0:19],[0:19],[0:19],[0:19],[0:19],[0:19],[0:19],[0:19],[0:19],[0:19],[0:19],[0:19],[7:11],[0:19],[0:19],[0:19],[0:19],[0:19],[6:11],0
[0:19],[0:19],[0:19],[0:19],[0:19],[0:19],[0:19],[0:19],[0:19],[0:19],[0:19],[0:19],[0:19],[7:11],[0:19],[0:19],[0:19],[0:19],[0:19],[6:11],1
[0:19],[0:19],[0:19],[0:19],[0:19],[0:19],[0:19],[0:19],[0:19],[0:19],[0:19],[0:19],[0:19],[12:14],[0:19],[0:19],[0:19],[0:19],[0:19],[6:11],1
[0:19],[0:19],[0:19],[0:19],[0:19],[0:19],[0:19],[0:19],[0:19],[0:19],[0:19],[0:19],[0:19],[7:11],[0:19],[0:19],[0:19],[0:19],[0:19],[6:11],1
[0:19],[0:19],[0:19],[0:19],[0:19],[0:19],[0:19],[0:19],[0:19],[0:19],[0:19],[0:19],[0:19],[7:11],[0:19],[0:19],[0:19],[0:19],[0:19],[6:11],1
[0:19],[0:19],[0:19],[0:19],[0:19],[0:19],[0:19],[0:19],[0:19],[0:19],[0:19],[0:19],[0:19],[15:19],[0:19],[0:19],[0:19],[0:19],[0:19],[6:11],0
[0:19],[0:19],[0:19],[0:19],[0:19],[0:19],[0:19],[0:19],[0:19],[0:19],[0:19],[0:19],[0:19],[7:11],[0:19],[0:19],[0:19],[0:19],[0:19],[6:11],0
[0:19],[0:19],[0:19],[0:19],[0:19],[0:19],[0:19],[0:19],[0:19],[0:19],[0:19],[0:19],[0:19],[12:14],[0:19],[0:19],[0:19],[0:19],[0:19],[6:11],0
[0:19],[0:19],[0:19],[0:19],[0:19],[0:19],[0:19],[0:19],[0:19],[0:19],[0:19],[0:19],[0:19],[12:14],[0:19],[0:19],[0:19],[0:19],[0:19],[3:5],0
[0:19],[0:19],[0:19],[0:19],[0:19],[0:19],[0:19],[0:19],[0:19],[0:19],[0:19],[0:19],[0:19],[7:11],[0:19],[0:19],[0:19],[0:19],[0:19],[6:11],1
[0:19],[0:19],[0:19],[0:19],[0:19],[0:19],[0:19],[0:19],[0:19],[0:19],[0:19],[0:19],[0:19],[12:14],[0:19],[0:19],[0:19],[0:19],[0:19],[6:11],1
[0:19],[0:19],[0:19],[0:19],[0:19],[0:19],[0:19],[0:19],[0:19],[0:19],[0:19],[0:19],[0:19],[7:11],[0:19],[0:19],[0:19],[0:19],[0:19],[6:11],1
[0:19],[0:19],[0:19],[0:19],[0:19],[0:19],[0:19],[0:19],[0:19],[0:19],[0:19],[0:19],[0:19],[7:11],[0:19],[0:19],[0:19],[0:19],[0:19],[6:11],1
[0:19],[0:19],[0:19],[0:19],[0:19],[0:19],[0:19],[0:19],[0:19],[0:19],[0:19],[0:19],[0:19],[7:11],[0:19],[0:19],[0:19],[0:19],[0:19],[6:11],0
[0:19],[0:19],[0:19],[0:19],[0:19],[0:19],[0:19],[0:19],[0:19],[0:19],[0:19],[0:19],[0:19],[7:11],[0:19],[0:19],[0:19],[0:19],[0:19],[6:11],1
[0:19],[0:19],[0:19],[0:19],[0:19],[0:19],[0:19],[0:19],[0:19],[0:19],[0:19],[0:19],[0:19],[7:11],[0:19],[0:19],[0:19],[0:19],[0:19],[6:11],1
[0:19],[0:19],[0:19],[0:19],[0:19],[0:19],[0:19],[0:19],[0:19],[0:19],[0:19],[0:19],[0:19],[7:11],[0:19],[0:19],[0:19],[0:19],[0:19],[6:11],1
[0:19],[0:19],[0:19],[0:19],[0:19],[0:19],[0:19],[0:19],[0:19],[0:19],[0:19],[0:19],[0:19],[12:14],[0:19],[0:19],[0:19],[0:19],[0:19],[6:11],1
[0:19],[0:19],[0:19],[0:19],[0:19],[0:19],[0:19],[0:19],[0:19],[0:19],[0:19],[0:19],[0:19],[7:11],[0:19],[0:19],[0:19],[0:19],[0:19],[6:11],0
[0:19],[0:19],[0:19],[0:19],[0:19],[0:19],[0:19],[0:19],[0:19],[0:19],[0:19],[0:19],[0:19],[7:11],[0:19],[0:19],[0:19],[0:19],[0:19],[6:11],1
[0:19],[0:19],[0:19],[0:19],[0:19],[0:19],[0:19],[0:19],[0:19],[0:19],[0:19],[0:19],[0:19],[7:11],[0:19],[0:19],[0:19],[0:19],[0:19],[6:11],1
[0:19],[0:19],[0:19],[0:19],[0:19],[0:19],[0:19],[0:19],[0:19],[0:19],[0:19],[0:19],[0:19],[7:11],[0:19],[0:19],[0:19],[0:19],[0:19],[6:11],0
[0:19],[0:19],[0:19],[0:19],[0:19],[0:19],[0:19],[0:19],[0:19],[0:19],[0:19],[0:19],[0:19],[7:11],[0:19],[0:19],[0:19],[0:19],[0:19],[6:11],1
[0:19],[0:19],[0:19],[0:19],[0:19],[0:19],[0:19],[0:19],[0:19],[0:19],[0:19],[0:19],[0:19],[7:11],[0:19],[0:19],[0:19],[0:19],[0:19],[6:11],1
[0:19],[0:19],[0:19],[0:19],[0:19],[0:19],[0:19],[0:19],[0:19],[0:19],[0:19],[0:19],[0:19],[7:11],[0:19],[0:19],[0:19],[0:19],[0:19],[6:11],0
[0:19],[0:19],[0:19],[0:19],[0:19],[0:19],[0:19],[0:19],[0:19],[0:19],[0:19],[0:19],[0:19],[7:11],[0:19],[0:19],[0:19],[0:19],[0:19],[12:15],0
[0:19],[0:19],[0:19],[0:19],[0:19],[0:19],[0:19],[0:19],[0:19],[0:19],[0:19],[0:19],[0:19],[7:11],[0:19],[0:19],[0:19],[0:19],[0:19],[6:11],1
[0:19],[0:19],[0:19],[0:19],[0:19],[0:19],[0:19],[0:19],[0:19],[0:19],[0:19],[0:19],[0:19],[7:11],[0:19],[0:19],[0:19],[0:19],[0:19],[6:11],1
[0:19],[0:19],[0:19],[0:19],[0:19],[0:19],[0:19],[0:19],[0:19],[0:19],[0:19],[0:19],[0:19],[7:11],[0:19],[0:19],[0:19],[0:19],[0:19],[6:11],0
[0:19],[0:19],[0:19],[0:19],[0:19],[0:19],[0:19],[0:19],[0:19],[0:19],[0:19],[0:19],[0:19],[7:11],[0:19],[0:19],[0:19],[0:19],[0:19],[6:11],1
[0:19],[0:19],[0:19],[0:19],[0:19],[0:19],[0:19],[0:19],[0:19],[0:19],[0:19],[0:19],[0:19],[7:11],[0:19],[0:19],[0:19],[0:19],[0:19],[6:11],1
[0:19],[0:19],[0:19],[0:19],[0:19],[0:19],[0:19],[0:19],[0:19],[0:19],[0:19],[0:19],[0:19],[7:11],[0:19],[0:19],[0:19],[0:19],[0:19],[6:11],0
[0:19],[0:19],[0:19],[0:19],[0:19],[0:19],[0:19],[0:19],[0:19],[0:19],[0:19],[0:19],[0:19],[7:11],[0:19],[0:19],[0:19],[0:19],[0:19],[6:11],0
[0:19],[0:19],[0:19],[0:19],[0:19],[0:19],[0:19],[0:19],[0:19],[0:19],[0:19],[0:19],[0:19],[7:11],[0:19],[0:19],[0:19],[0:19],[0:19],[6:11],1
[0:19],[0:19],[0:19],[0:19],[0:19],[0:19],[0:19],[0:19],[0:19],[0:19],[0:19],[0:19],[0:19],[12:14],[0:19],[0:19],[0:19],[0:19],[0:19],[3:5],0
[0:19],[0:19],[0:19],[0:19],[0:19],[0:19],[0:19],[0:19],[0:19],[0:19],[0:19],[0:19],[0:19],[7:11],[0:19],[0:19],[0:19],[0:19],[0:19],[12:15],0
[0:19],[0:19],[0:19],[0:19],[0:19],[0:19],[0:19],[0:19],[0:19],[0:19],[0:19],[0:19],[0:19],[7:11],[0:19],[0:19],[0:19],[0:19],[0:19],[6:11],0
[0:19],[0:19],[0:19],[0:19],[0:19],[0:19],[0:19],[0:19],[0:19],[0:19],[0:19],[0:19],[0:19],[7:11],[0:19],[0:19],[0:19],[0:19],[0:19],[12:15],1
[0:19],[0:19],[0:19],[0:19],[0:19],[0:19],[0:19],[0:19],[0:19],[0:19],[0:19],[0:19],[0:19],[7:11],[0:19],[0:19],[0:19],[0:19],[0:19],[6:11],1
[0:19],[0:19],[0:19],[0:19],[0:19],[0:19],[0:19],[0:19],[0:19],[0:19],[0:19],[0:19],[0:19],[12:14],[0:19],[0:19],[0:19],[0:19],[0:19],[6:11],1
[0:19],[0:19],[0:19],[0:19],[0:19],[0:19],[0:19],[0:19],[0:19],[0:19],[0:19],[0:19],[0:19],[7:11],[0:19],[0:19],[0:19],[0:19],[0:19],[12:15],0
[0:19],[0:19],[0:19],[0:19],[0:19],[0:19],[0:19],[0:19],[0:19],[0:19],[0:19],[0:19],[0:19],[7:11],[0:19],[0:19],[0:19],[0:19],[0:19],[6:11],0
[0:19],[0:19],[0:19],[0:19],[0:19],[0:19],[0:19],[0:19],[0:19],[0:19],[0:19],[0:19],[0:19],[7:11],[0:19],[0:19],[0:19],[0:19],[0:19],[6:11],1
[0:19],[0:19],[0:19],[0:19],[0:19],[0:19],[0:19],[0:19],[0:19],[0:19],[0:19],[0:19],[0:19],[7:11],[0:19],[0:19],[0:19],[0:19],[0:19],[6:11],1
[0:19],[0:19],[0:19],[0:19],[0:19],[0:19],[0:19],[0:19],[0:19],[0:19],[0:19],[0:19],[0:19],[7:11],[0:19],[0:19],[0:19],[0:19],[0:19],[6:11],0
[0:19],[0:19],[0:19],[0:19],[0:19],[0:19],[0:19],[0:19],[0:19],[0:19],[0:19],[0:19],[0:19],[7:11],[0:19],[0:19],[0:19],[0:19],[0:19],[6:11],1
[0:19],[0:19],[0:19],[0:19],[0:19],[0:19],[0:19],[0:19],[0:19],[0:19],[0:19],[0:19],[0:19],[12:14],[0:19],[0:19],[0:19],[0:19],[0:19],[6:11],0
[0:19],[0:19],[0:19],[0:19],[0:19],[0:19],[0:19],[0:19],[0:19],[0:19],[0:19],[0:19],[0:19],[7:11],[0:19],[0:19],[0:19],[0:19],[0:19],[6:11],0
[0:19],[0:19],[0:19],[0:19],[0:19],[0:19],[0:19],[0:19],[0:19],[0:19],[0:19],[0:19],[0:19],[7:11],[0:19],[0:19],[0:19],[0:19],[0:19],[6:11],1
[0:19],[0:19],[0:19],[0:19],[0:19],[0:19],[0:19],[0:19],[0:19],[0:19],[0:19],[0:19],[0:19],[7:11],[0:19],[0:19],[0:19],[0:19],[0:19],[6:11],1
[0:19],[0:19],[0:19],[0:19],[0:19],[0:19],[0:19],[0:19],[0:19],[0:19],[0:19],[0:19],[0:19],[7:11],[0:19],[0:19],[0:19],[0:19],[0:19],[6:11],0
[0:19],[0:19],[0:19],[0:19],[0:19],[0:19],[0:19],[0:19],[0:19],[0:19],[0:19],[0:19],[0:19],[7:11],[0:19],[0:19],[0:19],[0:19],[0:19],[6:11],1
[0:19],[0:19],[0:19],[0:19],[0:19],[0:19],[0:19],[0:19],[0:19],[0:19],[0:19],[0:19],[0:19],[7:11],[0:19],[0:19],[0:19],[0:19],[0:19],[6:11],1
[0:19],[0:19],[0:19],[0:19],[0:19],[0:19],[0:19],[0:19],[0:19],[0:19],[0:19],[0:19],[0:19],[7:11],[0:19],[0:19],[0:19],[0:19],[0:19],[6:11],1
[0:19],[0:19],[0:19],[0:19],[0:19],[0:19],[0:19],[0:19],[0:19],[0:19],[0:19],[0:19],[0:19],[7:11],[0:19],[0:19],[0:19],[0:19],[0:19],[6:11],1
[0:19],[0:19],[0:19],[0:19],[0:19],[0:19],[0:19],[0:19],[0:19],[0:19],[0:19],[0:19],[0:19],[7:11],[0:19],[0:19],[0:19],[0:19],[0:19],[6:11],1
[0:19],[0:19],[0:19],[0:19],[0:19],[0:19],[0:19],[0:19],[0:19],[0:19],[0:19],[0:19],[0:19],[7:11],[0:19],[0:19],[0:19],[0:19],[0:19],[6:11],0
[0:19],[0:19],[0:19],[0:19],[0:19],[0:19],[0:19],[0:19],[0:19],[0:19],[0:19],[0:19],[0:19],[12:14],[0:19],[0:19],[0:19],[0:19],[0:19],[6:11],1
[0:19],[0:19],[0:19],[0:19],[0:19],[0:19],[0:19],[0:19],[0:19],[0:19],[0:19],[0:19],[0:19],[12:14],[0:19],[0:19],[0:19],[0:19],[0:19],[6:11],1
[0:19],[0:19],[0:19],[0:19],[0:19],[0:19],[0:19],[0:19],[0:19],[0:19],[0:19],[0:19],[0:19],[7:11],[0:19],[0:19],[0:19],[0:19],[0:19],[6:11],0
[0:19],[0:19],[0:19],[0:19],[0:19],[0:19],[0:19],[0:19],[0:19],[0:19],[0:19],[0:19],[0:19],[15:19],[0:19],[0:19],[0:19],[0:19],[0:19],[6:11],1
[0:19],[0:19],[0:19],[0:19],[0:19],[0:19],[0:19],[0:19],[0:19],[0:19],[0:19],[0:19],[0:19],[7:11],[0:19],[0:19],[0:19],[0:19],[0:19],[6:11],1
[0:19],[0:19],[0:19],[0:19],[0:19],[0:19],[0:19],[0:19],[0:19],[0:19],[0:19],[0:19],[0:19],[7:11],[0:19],[0:19],[0:19],[0:19],[0:19],[12:15],0
[0:19],[0:19],[0:19],[0:19],[0:19],[0:19],[0:19],[0:19],[0:19],[0:19],[0:19],[0:19],[0:19],[7:11],[0:19],[0:19],[0:19],[0:19],[0:19],[6:11],1
[0:19],[0:19],[0:19],[0:19],[0:19],[0:19],[0:19],[0:19],[0:19],[0:19],[0:19],[0:19],[0:19],[0:6],[0:19],[0:19],[0:19],[0:19],[0:19],[6:11],0
[0:19],[0:19],[0:19],[0:19],[0:19],[0:19],[0:19],[0:19],[0:19],[0:19],[0:19],[0:19],[0:19],[7:11],[0:19],[0:19],[0:19],[0:19],[0:19],[6:11],0
[0:19],[0:19],[0:19],[0:19],[0:19],[0:19],[0:19],[0:19],[0:19],[0:19],[0:19],[0:19],[0:19],[7:11],[0:19],[0:19],[0:19],[0:19],[0:19],[6:11],0
[0:19],[0:19],[0:19],[0:19],[0:19],[0:19],[0:19],[0:19],[0:19],[0:19],[0:19],[0:19],[0:19],[7:11],[0:19],[0:19],[0:19],[0:19],[0:19],[6:11],0
[0:19],[0:19],[0:19],[0:19],[0:19],[0:19],[0:19],[0:19],[0:19],[0:19],[0:19],[0:19],[0:19],[7:11],[0:19],[0:19],[0:19],[0:19],[0:19],[6:11],1
[0:19],[0:19],[0:19],[0:19],[0:19],[0:19],[0:19],[0:19],[0:19],[0:19],[0:19],[0:19],[0:19],[7:11],[0:19],[0:19],[0:19],[0:19],[0:19],[6:11],1
[0:19],[0:19],[0:19],[0:19],[0:19],[0:19],[0:19],[0:19],[0:19],[0:19],[0:19],[0:19],[0:19],[7:11],[0:19],[0:19],[0:19],[0:19],[0:19],[6:11],0
[0:19],[0:19],[0:19],[0:19],[0:19],[0:19],[0:19],[0:19],[0:19],[0:19],[0:19],[0:19],[0:19],[7:11],[0:19],[0:19],[0:19],[0:19],[0:19],[6:11],1
[0:19],[0:19],[0:19],[0:19],[0:19],[0:19],[0:19],[0:19],[0:19],[0:19],[0:19],[0:19],[0:19],[7:11],[0:19],[0:19],[0:19],[0:19],[0:19],[6:11],0
[0:19],[0:19],[0:19],[0:19],[0:19],[0:19],[0:19],[0:19],[0:19],[0:19],[0:19],[0:19],[0:19],[7:11],[0:19],[0:19],[0:19],[0:19],[0:19],[6:11],1
[0:19],[0:19],[0:19],[0:19],[0:19],[0:19],[0:19],[0:19],[0:19],[0:19],[0:19],[0:19],[0:19],[12:14],[0:19],[0:19],[0:19],[0:19],[0:19],[6:11],1
[0:19],[0:19],[0:19],[0:19],[0:19],[0:19],[0:19],[0:19],[0:19],[0:19],[0:19],[0:19],[0:19],[12:14],[0:19],[0:19],[0:19],[0:19],[0:19],[6:11],1
[0:19],[0:19],[0:19],[0:19],[0:19],[0:19],[0:19],[0:19],[0:19],[0:19],[0:19],[0:19],[0:19],[7:11],[0:19],[0:19],[0:19],[0:19],[0:19],[6:11],0
[0:19],[0:19],[0:19],[0:19],[0:19],[0:19],[0:19],[0:19],[0:19],[0:19],[0:19],[0:19],[0:19],[12:14],[0:19],[0:19],[0:19],[0:19],[0:19],[6:11],1
[0:19],[0:19],[0:19],[0:19],[0:19],[0:19],[0:19],[0:19],[0:19],[0:19],[0:19],[0:19],[0:19],[7:11],[0:19],[0:19],[0:19],[0:19],[0:19],[6:11],1
[0:19],[0:19],[0:19],[0:19],[0:19],[0:19],[0:19],[0:19],[0:19],[0:19],[0:19],[0:19],[0:19],[7:11],[0:19],[0:19],[0:19],[0:19],[0:19],[6:11],0
[0:19],[0:19],[0:19],[0:19],[0:19],[0:19],[0:19],[0:19],[0:19],[0:19],[0:19],[0:19],[0:19],[7:11],[0:19],[0:19],[0:19],[0:19],[0:19],[12:15],1
[0:19],[0:19],[0:19],[0:19],[0:19],[0:19],[0:19],[0:19],[0:19],[0:19],[0:19],[0:19],[0:19],[7:11],[0:19],[0:19],[0:19],[0:19],[0:19],[6:11],1
[0:19],[0:19],[0:19],[0:19],[0:19],[0:19],[0:19],[0:19],[0:19],[0:19],[0:19],[0:19],[0:19],[12:14],[0:19],[0:19],[0:19],[0:19],[0:19],[6:11],1
[0:19],[0:19],[0:19],[0:19],[0:19],[0:19],[0:19],[0:19],[0:19],[0:19],[0:19],[0:19],[0:19],[7:11],[0:19],[0:19],[0:19],[0:19],[0:19],[6:11],1
[0:19],[0:19],[0:19],[0:19],[0:19],[0:19],[0:19],[0:19],[0:19],[0:19],[0:19],[0:19],[0:19],[7:11],[0:19],[0:19],[0:19],[0:19],[0:19],[12:15],0
[0:19],[0:19],[0:19],[0:19],[0:19],[0:19],[0:19],[0:19],[0:19],[0:19],[0:19],[0:19],[0:19],[7:11],[0:19],[0:19],[0:19],[0:19],[0:19],[6:11],1
[0:19],[0:19],[0:19],[0:19],[0:19],[0:19],[0:19],[0:19],[0:19],[0:19],[0:19],[0:19],[0:19],[7:11],[0:19],[0:19],[0:19],[0:19],[0:19],[6:11],0
[0:19],[0:19],[0:19],[0:19],[0:19],[0:19],[0:19],[0:19],[0:19],[0:19],[0:19],[0:19],[0:19],[7:11],[0:19],[0:19],[0:19],[0:19],[0:19],[12:15],1
[0:19],[0:19],[0:19],[0:19],[0:19],[0:19],[0:19],[0:19],[0:19],[0:19],[0:19],[0:19],[0:19],[7:11],[0:19],[0:19],[0:19],[0:19],[0:19],[6:11],1
[0:19],[0:19],[0:19],[0:19],[0:19],[0:19],[0:19],[0:19],[0:19],[0:19],[0:19],[0:19],[0:19],[7:11],[0:19],[0:19],[0:19],[0:19],[0:19],[6:11],1
[0:19],[0:19],[0:19],[0:19],[0:19],[0:19],[0:19],[0:19],[0:19],[0:19],[0:19],[0:19],[0:19],[7:11],[0:19],[0:19],[0:19],[0:19],[0:19],[12:15],0
[0:19],[0:19],[0:19],[0:19],[0:19],[0:19],[0:19],[0:19],[0:19],[0:19],[0:19],[0:19],[0:19],[7:11],[0:19],[0:19],[0:19],[0:19],[0:19],[6:11],1
[0:19],[0:19],[0:19],[0:19],[0:19],[0:19],[0:19],[0:19],[0:19],[0:19],[0:19],[0:19],[0:19],[7:11],[0:19],[0:19],[0:19],[0:19],[0:19],[6:11],0
[0:19],[0:19],[0:19],[0:19],[0:19],[0:19],[0:19],[0:19],[0:19],[0:19],[0:19],[0:19],[0:19],[7:11],[0:19],[0:19],[0:19],[0:19],[0:19],[6:11],1
[0:19],[0:19],[0:19],[0:19],[0:19],[0:19],[0:19],[0:19],[0:19],[0:19],[0:19],[0:19],[0:19],[0:6],[0:19],[0:19],[0:19],[0:19],[0:19],[6:11],1
[0:19],[0:19],[0:19],[0:19],[0:19],[0:19],[0:19],[0:19],[0:19],[0:19],[0:19],[0:19],[0:19],[7:11],[0:19],[0:19],[0:19],[0:19],[0:19],[12:15],1
[0:19],[0:19],[0:19],[0:19],[0:19],[0:19],[0:19],[0:19],[0:19],[0:19],[0:19],[0:19],[0:19],[12:14],[0:19],[0:19],[0:19],[0:19],[0:19],[6:11],1
[0:19],[0:19],[0:19],[0:19],[0:19],[0:19],[0:19],[0:19],[0:19],[0:19],[0:19],[0:19],[0:19],[12:14],[0:19],[0:19],[0:19],[0:19],[0:19],[6:11],1
[0:19],[0:19],[0:19],[0:19],[0:19],[0:19],[0:19],[0:19],[0:19],[0:19],[0:19],[0:19],[0:19],[7:11],[0:19],[0:19],[0:19],[0:19],[0:19],[6:11],0
[0:19],[0:19],[0:19],[0:19],[0:19],[0:19],[0:19],[0:19],[0:19],[0:19],[0:19],[0:19],[0:19],[7:11],[0:19],[0:19],[0:19],[0:19],[0:19],[6:11],1
[0:19],[0:19],[0:19],[0:19],[0:19],[0:19],[0:19],[0:19],[0:19],[0:19],[0:19],[0:19],[0:19],[7:11],[0:19],[0:19],[0:19],[0:19],[0:19],[6:11],1
[0:19],[0:19],[0:19],[0:19],[0:19],[0:19],[0:19],[0:19],[0:19],[0:19],[0:19],[0:19],[0:19],[12:14],[0:19],[0:19],[0:19],[0:19],[0:19],[6:11],1
[0:19],[0:19],[0:19],[0:19],[0:19],[0:19],[0:19],[0:19],[0:19],[0:19],[0:19],[0:19],[0:19],[7:11],[0:19],[0:19],[0:19],[0:19],[0:19],[3:5],0
[0:19],[0:19],[0:19],[0:19],[0:19],[0:19],[0:19],[0:19],[0:19],[0:19],[0:19],[0:19],[0:19],[7:11],[0:19],[0:19],[0:19],[0:19],[0:19],[6:11],1
[0:19],[0:19],[0:19],[0:19],[0:19],[0:19],[0:19],[0:19],[0:19],[0:19],[0:19],[0:19],[0:19],[7:11],[0:19],[0:19],[0:19],[0:19],[0:19],[6:11],1
[0:19],[0:19],[0:19],[0:19],[0:19],[0:19],[0:19],[0:19],[0:19],[0:19],[0:19],[0:19],[0:19],[7:11],[0:19],[0:19],[0:19],[0:19],[0:19],[6:11],1
[0:19],[0:19],[0:19],[0:19],[0:19],[0:19],[0:19],[0:19],[0:19],[0:19],[0:19],[0:19],[0:19],[7:11],[0:19],[0:19],[0:19],[0:19],[0:19],[6:11],1
[0:19],[0:19],[0:19],[0:19],[0:19],[0:19],[0:19],[0:19],[0:19],[0:19],[0:19],[0:19],[0:19],[7:11],[0:19],[0:19],[0:19],[0:19],[0:19],[6:11],0
[0:19],[0:19],[0:19],[0:19],[0:19],[0:19],[0:19],[0:19],[0:19],[0:19],[0:19],[0:19],[0:19],[12:14],[0:19],[0:19],[0:19],[0:19],[0:19],[6:11],1
[0:19],[0:19],[0:19],[0:19],[0:19],[0:19],[0:19],[0:19],[0:19],[0:19],[0:19],[0:19],[0:19],[0:6],[0:19],[0:19],[0:19],[0:19],[0:19],[6:11],1
[0:19],[0:19],[0:19],[0:19],[0:19],[0:19],[0:19],[0:19],[0:19],[0:19],[0:19],[0:19],[0:19],[7:11],[0:19],[0:19],[0:19],[0:19],[0:19],[6:11],1
[0:19],[0:19],[0:19],[0:19],[0:19],[0:19],[0:19],[0:19],[0:19],[0:19],[0:19],[0:19],[0:19],[7:11],[0:19],[0:19],[0:19],[0:19],[0:19],[16:19],0
[0:19],[0:19],[0:19],[0:19],[0:19],[0:19],[0:19],[0:19],[0:19],[0:19],[0:19],[0:19],[0:19],[12:14],[0:19],[0:19],[0:19],[0:19],[0:19],[3:5],0
[0:19],[0:19],[0:19],[0:19],[0:19],[0:19],[0:19],[0:19],[0:19],[0:19],[0:19],[0:19],[0:19],[12:14],[0:19],[0:19],[0:19],[0:19],[0:19],[6:11],0
[0:19],[0:19],[0:19],[0:19],[0:19],[0:19],[0:19],[0:19],[0:19],[0:19],[0:19],[0:19],[0:19],[7:11],[0:19],[0:19],[0:19],[0:19],[0:19],[6:11],1
[0:19],[0:19],[0:19],[0:19],[0:19],[0:19],[0:19],[0:19],[0:19],[0:19],[0:19],[0:19],[0:19],[7:11],[0:19],[0:19],[0:19],[0:19],[0:19],[6:11],0
[0:19],[0:19],[0:19],[0:19],[0:19],[0:19],[0:19],[0:19],[0:19],[0:19],[0:19],[0:19],[0:19],[0:6],[0:19],[0:19],[0:19],[0:19],[0:19],[6:11],0
[0:19],[0:19],[0:19],[0:19],[0:19],[0:19],[0:19],[0:19],[0:19],[0:19],[0:19],[0:19],[0:19],[7:11],[0:19],[0:19],[0:19],[0:19],[0:19],[6:11],1
[0:19],[0:19],[0:19],[0:19],[0:19],[0:19],[0:19],[0:19],[0:19],[0:19],[0:19],[0:19],[0:19],[7:11],[0:19],[0:19],[0:19],[0:19],[0:19],[12:15],0
[0:19],[0:19],[0:19],[0:19],[0:19],[0:19],[0:19],[0:19],[0:19],[0:19],[0:19],[0:19],[0:19],[12:14],[0:19],[0:19],[0:19],[0:19],[0:19],[6:11],0
[0:19],[0:19],[0:19],[0:19],[0:19],[0:19],[0:19],[0:19],[0:19],[0:19],[0:19],[0:19],[0:19],[7:11],[0:19],[0:19],[0:19],[0:19],[0:19],[6:11],1
[0:19],[0:19],[0:19],[0:19],[0:19],[0:19],[0:19],[0:19],[0:19],[0:19],[0:19],[0:19],[0:19],[12:14],[0:19],[0:19],[0:19],[0:19],[0:19],[12:15],0
[0:19],[0:19],[0:19],[0:19],[0:19],[0:19],[0:19],[0:19],[0:19],[0:19],[0:19],[0:19],[0:19],[7:11],[0:19],[0:19],[0:19],[0:19],[0:19],[6:11],0
[0:19],[0:19],[0:19],[0:19],[0:19],[0:19],[0:19],[0:19],[0:19],[0:19],[0:19],[0:19],[0:19],[7:11],[0:19],[0:19],[0:19],[0:19],[0:19],[6:11],1
[0:19],[0:19],[0:19],[0:19],[0:19],[0:19],[0:19],[0:19],[0:19],[0:19],[0:19],[0:19],[0:19],[12:14],[0:19],[0:19],[0:19],[0:19],[0:19],[6:11],1
[0:19],[0:19],[0:19],[0:19],[0:19],[0:19],[0:19],[0:19],[0:19],[0:19],[0:19],[0:19],[0:19],[7:11],[0:19],[0:19],[0:19],[0:19],[0:19],[6:11],1
[0:19],[0:19],[0:19],[0:19],[0:19],[0:19],[0:19],[0:19],[0:19],[0:19],[0:19],[0:19],[0:19],[7:11],[0:19],[0:19],[0:19],[0:19],[0:19],[6:11],1
[0:19],[0:19],[0:19],[0:19],[0:19],[0:19],[0:19],[0:19],[0:19],[0:19],[0:19],[0:19],[0:19],[7:11],[0:19],[0:19],[0:19],[0:19],[0:19],[6:11],0
[0:19],[0:19],[0:19],[0:19],[0:19],[0:19],[0:19],[0:19],[0:19],[0:19],[0:19],[0:19],[0:19],[7:11],[0:19],[0:19],[0:19],[0:19],[0:19],[12:15],1
[0:19],[0:19],[0:19],[0:19],[0:19],[0:19],[0:19],[0:19],[0:19],[0:19],[0:19],[0:19],[0:19],[7:11],[0:19],[0:19],[0:19],[0:19],[0:19],[6:11],0
[0:19],[0:19],[0:19],[0:19],[0:19],[0:19],[0:19],[0:19],[0:19],[0:19],[0:19],[0:19],[0:19],[12:14],[0:19],[0:19],[0:19],[0:19],[0:19],[6:11],0
[0:19],[0:19],[0:19],[0:19],[0:19],[0:19],[0:19],[0:19],[0:19],[0:19],[0:19],[0:19],[0:19],[12:14],[0:19],[0:19],[0:19],[0:19],[0:19],[6:11],1
[0:19],[0:19],[0:19],[0:19],[0:19],[0:19],[0:19],[0:19],[0:19],[0:19],[0:19],[0:19],[0:19],[7:11],[0:19],[0:19],[0:19],[0:19],[0:19],[6:11],1
[0:19],[0:19],[0:19],[0:19],[0:19],[0:19],[0:19],[0:19],[0:19],[0:19],[0:19],[0:19],[0:19],[12:14],[0:19],[0:19],[0:19],[0:19],[0:19],[6:11],1
[0:19],[0:19],[0:19],[0:19],[0:19],[0:19],[0:19],[0:19],[0:19],[0:19],[0:19],[0:19],[0:19],[12:14],[0:19],[0:19],[0:19],[0:19],[0:19],[0:2],0
[0:19],[0:19],[0:19],[0:19],[0:19],[0:19],[0:19],[0:19],[0:19],[0:19],[0:19],[0:19],[0:19],[7:11],[0:19],[0:19],[0:19],[0:19],[0:19],[6:11],0
[0:19],[0:19],[0:19],[0:19],[0:19],[0:19],[0:19],[0:19],[0:19],[0:19],[0:19],[0:19],[0:19],[7:11],[0:19],[0:19],[0:19],[0:19],[0:19],[6:11],0
[0:19],[0:19],[0:19],[0:19],[0:19],[0:19],[0:19],[0:19],[0:19],[0:19],[0:19],[0:19],[0:19],[12:14],[0:19],[0:19],[0:19],[0:19],[0:19],[6:11],1
[0:19],[0:19],[0:19],[0:19],[0:19],[0:19],[0:19],[0:19],[0:19],[0:19],[0:19],[0:19],[0:19],[7:11],[0:19],[0:19],[0:19],[0:19],[0:19],[6:11],0
[0:19],[0:19],[0:19],[0:19],[0:19],[0:19],[0:19],[0:19],[0:19],[0:19],[0:19],[0:19],[0:19],[12:14],[0:19],[0:19],[0:19],[0:19],[0:19],[3:5],0
[0:19],[0:19],[0:19],[0:19],[0:19],[0:19],[0:19],[0:19],[0:19],[0:19],[0:19],[0:19],[0:19],[7:11],[0:19],[0:19],[0:19],[0:19],[0:19],[6:11],1
[0:19],[0:19],[0:19],[0:19],[0:19],[0:19],[0:19],[0:19],[0:19],[0:19],[0:19],[0:19],[0:19],[7:11],[0:19],[0:19],[0:19],[0:19],[0:19],[6:11],1
[0:19],[0:19],[0:19],[0:19],[0:19],[0:19],[0:19],[0:19],[0:19],[0:19],[0:19],[0:19],[0:19],[12:14],[0:19],[0:19],[0:19],[0:19],[0:19],[6:11],0
[0:19],[0:19],[0:19],[0:19],[0:19],[0:19],[0:19],[0:19],[0:19],[0:19],[0:19],[0:19],[0:19],[12:14],[0:19],[0:19],[0:19],[0:19],[0:19],[6:11],1
[0:19],[0:19],[0:19],[0:19],[0:19],[0:19],[0:19],[0:19],[0:19],[0:19],[0:19],[0:19],[0:19],[7:11],[0:19],[0:19],[0:19],[0:19],[0:19],[6:11],1
[0:19],[0:19],[0:19],[0:19],[0:19],[0:19],[0:19],[0:19],[0:19],[0:19],[0:19],[0:19],[0:19],[7:11],[0:19],[0:19],[0:19],[0:19],[0:19],[6:11],0
[0:19],[0:19],[0:19],[0:19],[0:19],[0:19],[0:19],[0:19],[0:19],[0:19],[0:19],[0:19],[0:19],[7:11],[0:19],[0:19],[0:19],[0:19],[0:19],[6:11],0
[0:19],[0:19],[0:19],[0:19],[0:19],[0:19],[0:19],[0:19],[0:19],[0:19],[0:19],[0:19],[0:19],[7:11],[0:19],[0:19],[0:19],[0:19],[0:19],[12:15],1
[0:19],[0:19],[0:19],[0:19],[0:19],[0:19],[0:19],[0:19],[0:19],[0:19],[0:19],[0:19],[0:19],[7:11],[0:19],[0:19],[0:19],[0:19],[0:19],[6:11],0
[0:19],[0:19],[0:19],[0:19],[0:19],[0:19],[0:19],[0:19],[0:19],[0:19],[0:19],[0:19],[0:19],[7:11],[0:19],[0:19],[0:19],[0:19],[0:19],[6:11],0
[0:19],[0:19],[0:19],[0:19],[0:19],[0:19],[0:19],[0:19],[0:19],[0:19],[0:19],[0:19],[0:19],[7:11],[0:19],[0:19],[0:19],[0:19],[0:19],[6:11],1
[0:19],[0:19],[0:19],[0:19],[0:19],[0:19],[0:19],[0:19],[0:19],[0:19],[0:19],[0:19],[0:19],[7:11],[0:19],[0:19],[0:19],[0:19],[0:19],[6:11],1
[0:19],[0:19],[0:19],[0:19],[0:19],[0:19],[0:19],[0:19],[0:19],[0:19],[0:19],[0:19],[0:19],[12:14],[0:19],[0:19],[0:19],[0:19],[0:19],[6:11],0
[0:19],[0:19],[0:19],[0:19],[0:19],[0:19],[0:19],[0:19],[0:19],[0:19],[0:19],[0:19],[0:19],[7:11],[0:19],[0:19],[0:19],[0:19],[0:19],[6:11],1
[0:19],[0:19],[0:19],[0:19],[0:19],[0:19],[0:19],[0:19],[0:19],[0:19],[0:19],[0:19],[0:19],[0:6],[0:19],[0:19],[0:19],[0:19],[0:19],[12:15],0
[0:19],[0:19],[0:19],[0:19],[0:19],[0:19],[0:19],[0:19],[0:19],[0:19],[0:19],[0:19],[0:19],[7:11],[0:19],[0:19],[0:19],[0:19],[0:19],[6:11],1
[0:19],[0:19],[0:19],[0:19],[0:19],[0:19],[0:19],[0:19],[0:19],[0:19],[0:19],[0:19],[0:19],[7:11],[0:19],[0:19],[0:19],[0:19],[0:19],[6:11],1
[0:19],[0:19],[0:19],[0:19],[0:19],[0:19],[0:19],[0:19],[0:19],[0:19],[0:19],[0:19],[0:19],[7:11],[0:19],[0:19],[0:19],[0:19],[0:19],[6:11],0
[0:19],[0:19],[0:19],[0:19],[0:19],[0:19],[0:19],[0:19],[0:19],[0:19],[0:19],[0:19],[0:19],[7:11],[0:19],[0:19],[0:19],[0:19],[0:19],[6:11],1
[0:19],[0:19],[0:19],[0:19],[0:19],[0:19],[0:19],[0:19],[0:19],[0:19],[0:19],[0:19],[0:19],[0:6],[0:19],[0:19],[0:19],[0:19],[0:19],[6:11],0
[0:19],[0:19],[0:19],[0:19],[0:19],[0:19],[0:19],[0:19],[0:19],[0:19],[0:19],[0:19],[0:19],[7:11],[0:19],[0:19],[0:19],[0:19],[0:19],[6:11],1
[0:19],[0:19],[0:19],[0:19],[0:19],[0:19],[0:19],[0:19],[0:19],[0:19],[0:19],[0:19],[0:19],[7:11],[0:19],[0:19],[0:19],[0:19],[0:19],[6:11],0
[0:19],[0:19],[0:19],[0:19],[0:19],[0:19],[0:19],[0:19],[0:19],[0:19],[0:19],[0:19],[0:19],[12:14],[0:19],[0:19],[0:19],[0:19],[0:19],[6:11],1
[0:19],[0:19],[0:19],[0:19],[0:19],[0:19],[0:19],[0:19],[0:19],[0:19],[0:19],[0:19],[0:19],[7:11],[0:19],[0:19],[0:19],[0:19],[0:19],[6:11],0
[0:19],[0:19],[0:19],[0:19],[0:19],[0:19],[0:19],[0:19],[0:19],[0:19],[0:19],[0:19],[0:19],[7:11],[0:19],[0:19],[0:19],[0:19],[0:19],[12:15],0
[0:19],[0:19],[0:19],[0:19],[0:19],[0:19],[0:19],[0:19],[0:19],[0:19],[0:19],[0:19],[0:19],[12:14],[0:19],[0:19],[0:19],[0:19],[0:19],[6:11],0
[0:19],[0:19],[0:19],[0:19],[0:19],[0:19],[0:19],[0:19],[0:19],[0:19],[0:19],[0:19],[0:19],[12:14],[0:19],[0:19],[0:19],[0:19],[0:19],[3:5],0
[0:19],[0:19],[0:19],[0:19],[0:19],[0:19],[0:19],[0:19],[0:19],[0:19],[0:19],[0:19],[0:19],[12:14],[0:19],[0:19],[0:19],[0:19],[0:19],[6:11],0
[0:19],[0:19],[0:19],[0:19],[0:19],[0:19],[0:19],[0:19],[0:19],[0:19],[0:19],[0:19],[0:19],[15:19],[0:19],[0:19],[0:19],[0:19],[0:19],[3:5],0
[0:19],[0:19],[0:19],[0:19],[0:19],[0:19],[0:19],[0:19],[0:19],[0:19],[0:19],[0:19],[0:19],[7:11],[0:19],[0:19],[0:19],[0:19],[0:19],[6:11],1
[0:19],[0:19],[0:19],[0:19],[0:19],[0:19],[0:19],[0:19],[0:19],[0:19],[0:19],[0:19],[0:19],[7:11],[0:19],[0:19],[0:19],[0:19],[0:19],[12:15],1
[0:19],[0:19],[0:19],[0:19],[0:19],[0:19],[0:19],[0:19],[0:19],[0:19],[0:19],[0:19],[0:19],[12:14],[0:19],[0:19],[0:19],[0:19],[0:19],[3:5],0
[0:19],[0:19],[0:19],[0:19],[0:19],[0:19],[0:19],[0:19],[0:19],[0:19],[0:19],[0:19],[0:19],[7:11],[0:19],[0:19],[0:19],[0:19],[0:19],[6:11],1
[0:19],[0:19],[0:19],[0:19],[0:19],[0:19],[0:19],[0:19],[0:19],[0:19],[0:19],[0:19],[0:19],[12:14],[0:19],[0:19],[0:19],[0:19],[0:19],[6:11],1
[0:19],[0:19],[0:19],[0:19],[0:19],[0:19],[0:19],[0:19],[0:19],[0:19],[0:19],[0:19],[0:19],[7:11],[0:19],[0:19],[0:19],[0:19],[0:19],[6:11],1
[0:19],[0:19],[0:19],[0:19],[0:19],[0:19],[0:19],[0:19],[0:19],[0:19],[0:19],[0:19],[0:19],[7:11],[0:19],[0:19],[0:19],[0:19],[0:19],[6:11],0
[0:19],[0:19],[0:19],[0:19],[0:19],[0:19],[0:19],[0:19],[0:19],[0:19],[0:19],[0:19],[0:19],[7:11],[0:19],[0:19],[0:19],[0:19],[0:19],[6:11],1
[0:19],[0:19],[0:19],[0:19],[0:19],[0:19],[0:19],[0:19],[0:19],[0:19],[0:19],[0:19],[0:19],[7:11],[0:19],[0:19],[0:19],[0:19],[0:19],[6:11],1
[0:19],[0:19],[0:19],[0:19],[0:19],[0:19],[0:19],[0:19],[0:19],[0:19],[0:19],[0:19],[0:19],[7:11],[0:19],[0:19],[0:19],[0:19],[0:19],[3:5],0
[0:19],[0:19],[0:19],[0:19],[0:19],[0:19],[0:19],[0:19],[0:19],[0:19],[0:19],[0:19],[0:19],[7:11],[0:19],[0:19],[0:19],[0:19],[0:19],[6:11],0
[0:19],[0:19],[0:19],[0:19],[0:19],[0:19],[0:19],[0:19],[0:19],[0:19],[0:19],[0:19],[0:19],[7:11],[0:19],[0:19],[0:19],[0:19],[0:19],[6:11],0
[0:19],[0:19],[0:19],[0:19],[0:19],[0:19],[0:19],[0:19],[0:19],[0:19],[0:19],[0:19],[0:19],[7:11],[0:19],[0:19],[0:19],[0:19],[0:19],[6:11],1
[0:19],[0:19],[0:19],[0:19],[0:19],[0:19],[0:19],[0:19],[0:19],[0:19],[0:19],[0:19],[0:19],[7:11],[0:19],[0:19],[0:19],[0:19],[0:19],[6:11],1
[0:19],[0:19],[0:19],[0:19],[0:19],[0:19],[0:19],[0:19],[0:19],[0:19],[0:19],[0:19],[0:19],[7:11],[0:19],[0:19],[0:19],[0:19],[0:19],[6:11],0
[0:19],[0:19],[0:19],[0:19],[0:19],[0:19],[0:19],[0:19],[0:19],[0:19],[0:19],[0:19],[0:19],[7:11],[0:19],[0:19],[0:19],[0:19],[0:19],[6:11],0
[0:19],[0:19],[0:19],[0:19],[0:19],[0:19],[0:19],[0:19],[0:19],[0:19],[0:19],[0:19],[0:19],[12:14],[0:19],[0:19],[0:19],[0:19],[0:19],[6:11],1
[0:19],[0:19],[0:19],[0:19],[0:19],[0:19],[0:19],[0:19],[0:19],[0:19],[0:19],[0:19],[0:19],[7:11],[0:19],[0:19],[0:19],[0:19],[0:19],[6:11],1
[0:19],[0:19],[0:19],[0:19],[0:19],[0:19],[0:19],[0:19],[0:19],[0:19],[0:19],[0:19],[0:19],[7:11],[0:19],[0:19],[0:19],[0:19],[0:19],[6:11],1
[0:19],[0:19],[0:19],[0:19],[0:19],[0:19],[0:19],[0:19],[0:19],[0:19],[0:19],[0:19],[0:19],[7:11],[0:19],[0:19],[0:19],[0:19],[0:19],[6:11],0
[0:19],[0:19],[0:19],[0:19],[0:19],[0:19],[0:19],[0:19],[0:19],[0:19],[0:19],[0:19],[0:19],[12:14],[0:19],[0:19],[0:19],[0:19],[0:19],[12:15],1
[0:19],[0:19],[0:19],[0:19],[0:19],[0:19],[0:19],[0:19],[0:19],[0:19],[0:19],[0:19],[0:19],[7:11],[0:19],[0:19],[0:19],[0:19],[0:19],[6:11],0
[0:19],[0:19],[0:19],[0:19],[0:19],[0:19],[0:19],[0:19],[0:19],[0:19],[0:19],[0:19],[0:19],[7:11],[0:19],[0:19],[0:19],[0:19],[0:19],[3:5],0
[0:19],[0:19],[0:19],[0:19],[0:19],[0:19],[0:19],[0:19],[0:19],[0:19],[0:19],[0:19],[0:19],[7:11],[0:19],[0:19],[0:19],[0:19],[0:19],[6:11],1
[0:19],[0:19],[0:19],[0:19],[0:19],[0:19],[0:19],[0:19],[0:19],[0:19],[0:19],[0:19],[0:19],[7:11],[0:19],[0:19],[0:19],[0:19],[0:19],[3:5],0
[0:19],[0:19],[0:19],[0:19],[0:19],[0:19],[0:19],[0:19],[0:19],[0:19],[0:19],[0:19],[0:19],[7:11],[0:19],[0:19],[0:19],[0:19],[0:19],[6:11],0
[0:19],[0:19],[0:19],[0:19],[0:19],[0:19],[0:19],[0:19],[0:19],[0:19],[0:19],[0:19],[0:19],[7:11],[0:19],[0:19],[0:19],[0:19],[0:19],[12:15],0
[0:19],[0:19],[0:19],[0:19],[0:19],[0:19],[0:19],[0:19],[0:19],[0:19],[0:19],[0:19],[0:19],[0:6],[0:19],[0:19],[0:19],[0:19],[0:19],[6:11],0
[0:19],[0:19],[0:19],[0:19],[0:19],[0:19],[0:19],[0:19],[0:19],[0:19],[0:19],[0:19],[0:19],[7:11],[0:19],[0:19],[0:19],[0:19],[0:19],[12:15],1
[0:19],[0:19],[0:19],[0:19],[0:19],[0:19],[0:19],[0:19],[0:19],[0:19],[0:19],[0:19],[0:19],[7:11],[0:19],[0:19],[0:19],[0:19],[0:19],[6:11],1
[0:19],[0:19],[0:19],[0:19],[0:19],[0:19],[0:19],[0:19],[0:19],[0:19],[0:19],[0:19],[0:19],[7:11],[0:19],[0:19],[0:19],[0:19],[0:19],[6:11],1
[0:19],[0:19],[0:19],[0:19],[0:19],[0:19],[0:19],[0:19],[0:19],[0:19],[0:19],[0:19],[0:19],[12:14],[0:19],[0:19],[0:19],[0:19],[0:19],[6:11],1
[0:19],[0:19],[0:19],[0:19],[0:19],[0:19],[0:19],[0:19],[0:19],[0:19],[0:19],[0:19],[0:19],[7:11],[0:19],[0:19],[0:19],[0:19],[0:19],[3:5],0
[0:19],[0:19],[0:19],[0:19],[0:19],[0:19],[0:19],[0:19],[0:19],[0:19],[0:19],[0:19],[0:19],[7:11],[0:19],[0:19],[0:19],[0:19],[0:19],[6:11],1
[0:19],[0:19],[0:19],[0:19],[0:19],[0:19],[0:19],[0:19],[0:19],[0:19],[0:19],[0:19],[0:19],[7:11],[0:19],[0:19],[0:19],[0:19],[0:19],[6:11],1
[0:19],[0:19],[0:19],[0:19],[0:19],[0:19],[0:19],[0:19],[0:19],[0:19],[0:19],[0:19],[0:19],[0:6],[0:19],[0:19],[0:19],[0:19],[0:19],[6:11],0
[0:19],[0:19],[0:19],[0:19],[0:19],[0:19],[0:19],[0:19],[0:19],[0:19],[0:19],[0:19],[0:19],[7:11],[0:19],[0:19],[0:19],[0:19],[0:19],[6:11],0
[0:19],[0:19],[0:19],[0:19],[0:19],[0:19],[0:19],[0:19],[0:19],[0:19],[0:19],[0:19],[0:19],[7:11],[0:19],[0:19],[0:19],[0:19],[0:19],[6:11],0
[0:19],[0:19],[0:19],[0:19],[0:19],[0:19],[0:19],[0:19],[0:19],[0:19],[0:19],[0:19],[0:19],[12:14],[0:19],[0:19],[0:19],[0:19],[0:19],[6:11],0
[0:19],[0:19],[0:19],[0:19],[0:19],[0:19],[0:19],[0:19],[0:19],[0:19],[0:19],[0:19],[0:19],[12:14],[0:19],[0:19],[0:19],[0:19],[0:19],[6:11],1
[0:19],[0:19],[0:19],[0:19],[0:19],[0:19],[0:19],[0:19],[0:19],[0:19],[0:19],[0:19],[0:19],[7:11],[0:19],[0:19],[0:19],[0:19],[0:19],[6:11],0
[0:19],[0:19],[0:19],[0:19],[0:19],[0:19],[0:19],[0:19],[0:19],[0:19],[0:19],[0:19],[0:19],[0:6],[0:19],[0:19],[0:19],[0:19],[0:19],[6:11],0
[0:19],[0:19],[0:19],[0:19],[0:19],[0:19],[0:19],[0:19],[0:19],[0:19],[0:19],[0:19],[0:19],[7:11],[0:19],[0:19],[0:19],[0:19],[0:19],[6:11],1
[0:19],[0:19],[0:19],[0:19],[0:19],[0:19],[0:19],[0:19],[0:19],[0:19],[0:19],[0:19],[0:19],[15:19],[0:19],[0:19],[0:19],[0:19],[0:19],[6:11],0
[0:19],[0:19],[0:19],[0:19],[0:19],[0:19],[0:19],[0:19],[0:19],[0:19],[0:19],[0:19],[0:19],[7:11],[0:19],[0:19],[0:19],[0:19],[0:19],[3:5],0
[0:19],[0:19],[0:19],[0:19],[0:19],[0:19],[0:19],[0:19],[0:19],[0:19],[0:19],[0:19],[0:19],[7:11],[0:19],[0:19],[0:19],[0:19],[0:19],[6:11],1
[0:19],[0:19],[0:19],[0:19],[0:19],[0:19],[0:19],[0:19],[0:19],[0:19],[0:19],[0:19],[0:19],[7:11],[0:19],[0:19],[0:19],[0:19],[0:19],[6:11],1
[0:19],[0:19],[0:19],[0:19],[0:19],[0:19],[0:19],[0:19],[0:19],[0:19],[0:19],[0:19],[0:19],[12:14],[0:19],[0:19],[0:19],[0:19],[0:19],[6:11],0
[0:19],[0:19],[0:19],[0:19],[0:19],[0:19],[0:19],[0:19],[0:19],[0:19],[0:19],[0:19],[0:19],[7:11],[0:19],[0:19],[0:19],[0:19],[0:19],[6:11],0
[0:19],[0:19],[0:19],[0:19],[0:19],[0:19],[0:19],[0:19],[0:19],[0:19],[0:19],[0:19],[0:19],[7:11],[0:19],[0:19],[0:19],[0:19],[0:19],[12:15],0
[0:19],[0:19],[0:19],[0:19],[0:19],[0:19],[0:19],[0:19],[0:19],[0:19],[0:19],[0:19],[0:19],[7:11],[0:19],[0:19],[0:19],[0:19],[0:19],[6:11],1
[0:19],[0:19],[0:19],[0:19],[0:19],[0:19],[0:19],[0:19],[0:19],[0:19],[0:19],[0:19],[0:19],[7:11],[0:19],[0:19],[0:19],[0:19],[0:19],[6:11],0
[0:19],[0:19],[0:19],[0:19],[0:19],[0:19],[0:19],[0:19],[0:19],[0:19],[0:19],[0:19],[0:19],[12:14],[0:19],[0:19],[0:19],[0:19],[0:19],[6:11],0
[0:19],[0:19],[0:19],[0:19],[0:19],[0:19],[0:19],[0:19],[0:19],[0:19],[0:19],[0:19],[0:19],[7:11],[0:19],[0:19],[0:19],[0:19],[0:19],[6:11],1
[0:19],[0:19],[0:19],[0:19],[0:19],[0:19],[0:19],[0:19],[0:19],[0:19],[0:19],[0:19],[0:19],[7:11],[0:19],[0:19],[0:19],[0:19],[0:19],[12:15],0
[0:19],[0:19],[0:19],[0:19],[0:19],[0:19],[0:19],[0:19],[0:19],[0:19],[0:19],[0:19],[0:19],[7:11],[0:19],[0:19],[0:19],[0:19],[0:19],[6:11],1
[0:19],[0:19],[0:19],[0:19],[0:19],[0:19],[0:19],[0:19],[0:19],[0:19],[0:19],[0:19],[0:19],[7:11],[0:19],[0:19],[0:19],[0:19],[0:19],[6:11],0
[0:19],[0:19],[0:19],[0:19],[0:19],[0:19],[0:19],[0:19],[0:19],[0:19],[0:19],[0:19],[0:19],[7:11],[0:19],[0:19],[0:19],[0:19],[0:19],[6:11],1
[0:19],[0:19],[0:19],[0:19],[0:19],[0:19],[0:19],[0:19],[0:19],[0:19],[0:19],[0:19],[0:19],[7:11],[0:19],[0:19],[0:19],[0:19],[0:19],[6:11],0
[0:19],[0:19],[0:19],[0:19],[0:19],[0:19],[0:19],[0:19],[0:19],[0:19],[0:19],[0:19],[0:19],[7:11],[0:19],[0:19],[0:19],[0:19],[0:19],[6:11],1
[0:19],[0:19],[0:19],[0:19],[0:19],[0:19],[0:19],[0:19],[0:19],[0:19],[0:19],[0:19],[0:19],[7:11],[0:19],[0:19],[0:19],[0:19],[0:19],[6:11],1
[0:19],[0:19],[0:19],[0:19],[0:19],[0:19],[0:19],[0:19],[0:19],[0:19],[0:19],[0:19],[0:19],[12:14],[0:19],[0:19],[0:19],[0:19],[0:19],[6:11],0
[0:19],[0:19],[0:19],[0:19],[0:19],[0:19],[0:19],[0:19],[0:19],[0:19],[0:19],[0:19],[0:19],[0:6],[0:19],[0:19],[0:19],[0:19],[0:19],[6:11],0
[0:19],[0:19],[0:19],[0:19],[0:19],[0:19],[0:19],[0:19],[0:19],[0:19],[0:19],[0:19],[0:19],[7:11],[0:19],[0:19],[0:19],[0:19],[0:19],[6:11],0
[0:19],[0:19],[0:19],[0:19],[0:19],[0:19],[0:19],[0:19],[0:19],[0:19],[0:19],[0:19],[0:19],[7:11],[0:19],[0:19],[0:19],[0:19],[0:19],[6:11],1
[0:19],[0:19],[0:19],[0:19],[0:19],[0:19],[0:19],[0:19],[0:19],[0:19],[0:19],[0:19],[0:19],[7:11],[0:19],[0:19],[0:19],[0:19],[0:19],[6:11],0
[0:19],[0:19],[0:19],[0:19],[0:19],[0:19],[0:19],[0:19],[0:19],[0:19],[0:19],[0:19],[0:19],[7:11],[0:19],[0:19],[0:19],[0:19],[0:19],[6:11],1
[0:19],[0:19],[0:19],[0:19],[0:19],[0:19],[0:19],[0:19],[0:19],[0:19],[0:19],[0:19],[0:19],[7:11],[0:19],[0:19],[0:19],[0:19],[0:19],[6:11],0
[0:19],[0:19],[0:19],[0:19],[0:19],[0:19],[0:19],[0:19],[0:19],[0:19],[0:19],[0:19],[0:19],[7:11],[0:19],[0:19],[0:19],[0:19],[0:19],[6:11],1
[0:19],[0:19],[0:19],[0:19],[0:19],[0:19],[0:19],[0:19],[0:19],[0:19],[0:19],[0:19],[0:19],[7:11],[0:19],[0:19],[0:19],[0:19],[0:19],[6:11],1
[0:19],[0:19],[0:19],[0:19],[0:19],[0:19],[0:19],[0:19],[0:19],[0:19],[0:19],[0:19],[0:19],[0:6],[0:19],[0:19],[0:19],[0:19],[0:19],[6:11],0
[0:19],[0:19],[0:19],[0:19],[0:19],[0:19],[0:19],[0:19],[0:19],[0:19],[0:19],[0:19],[0:19],[7:11],[0:19],[0:19],[0:19],[0:19],[0:19],[6:11],0
[0:19],[0:19],[0:19],[0:19],[0:19],[0:19],[0:19],[0:19],[0:19],[0:19],[0:19],[0:19],[0:19],[7:11],[0:19],[0:19],[0:19],[0:19],[0:19],[6:11],1
[0:19],[0:19],[0:19],[0:19],[0:19],[0:19],[0:19],[0:19],[0:19],[0:19],[0:19],[0:19],[0:19],[0:6],[0:19],[0:19],[0:19],[0:19],[0:19],[6:11],0
[0:19],[0:19],[0:19],[0:19],[0:19],[0:19],[0:19],[0:19],[0:19],[0:19],[0:19],[0:19],[0:19],[7:11],[0:19],[0:19],[0:19],[0:19],[0:19],[6:11],0
[0:19],[0:19],[0:19],[0:19],[0:19],[0:19],[0:19],[0:19],[0:19],[0:19],[0:19],[0:19],[0:19],[12:14],[0:19],[0:19],[0:19],[0:19],[0:19],[3:5],0
[0:19],[0:19],[0:19],[0:19],[0:19],[0:19],[0:19],[0:19],[0:19],[0:19],[0:19],[0:19],[0:19],[7:11],[0:19],[0:19],[0:19],[0:19],[0:19],[3:5],0
[0:19],[0:19],[0:19],[0:19],[0:19],[0:19],[0:19],[0:19],[0:19],[0:19],[0:19],[0:19],[0:19],[7:11],[0:19],[0:19],[0:19],[0:19],[0:19],[6:11],1
[0:19],[0:19],[0:19],[0:19],[0:19],[0:19],[0:19],[0:19],[0:19],[0:19],[0:19],[0:19],[0:19],[7:11],[0:19],[0:19],[0:19],[0:19],[0:19],[6:11],1
[0:19],[0:19],[0:19],[0:19],[0:19],[0:19],[0:19],[0:19],[0:19],[0:19],[0:19],[0:19],[0:19],[7:11],[0:19],[0:19],[0:19],[0:19],[0:19],[6:11],1
[0:19],[0:19],[0:19],[0:19],[0:19],[0:19],[0:19],[0:19],[0:19],[0:19],[0:19],[0:19],[0:19],[7:11],[0:19],[0:19],[0:19],[0:19],[0:19],[6:11],1
[0:19],[0:19],[0:19],[0:19],[0:19],[0:19],[0:19],[0:19],[0:19],[0:19],[0:19],[0:19],[0:19],[12:14],[0:19],[0:19],[0:19],[0:19],[0:19],[6:11],1
[0:19],[0:19],[0:19],[0:19],[0:19],[0:19],[0:19],[0:19],[0:19],[0:19],[0:19],[0:19],[0:19],[7:11],[0:19],[0:19],[0:19],[0:19],[0:19],[6:11],1
[0:19],[0:19],[0:19],[0:19],[0:19],[0:19],[0:19],[0:19],[0:19],[0:19],[0:19],[0:19],[0:19],[7:11],[0:19],[0:19],[0:19],[0:19],[0:19],[6:11],1
[0:19],[0:19],[0:19],[0:19],[0:19],[0:19],[0:19],[0:19],[0:19],[0:19],[0:19],[0:19],[0:19],[7:11],[0:19],[0:19],[0:19],[0:19],[0:19],[6:11],1
[0:19],[0:19],[0:19],[0:19],[0:19],[0:19],[0:19],[0:19],[0:19],[0:19],[0:19],[0:19],[0:19],[7:11],[0:19],[0:19],[0:19],[0:19],[0:19],[6:11],0
[0:19],[0:19],[0:19],[0:19],[0:19],[0:19],[0:19],[0:19],[0:19],[0:19],[0:19],[0:19],[0:19],[7:11],[0:19],[0:19],[0:19],[0:19],[0:19],[6:11],1
[0:19],[0:19],[0:19],[0:19],[0:19],[0:19],[0:19],[0:19],[0:19],[0:19],[0:19],[0:19],[0:19],[7:11],[0:19],[0:19],[0:19],[0:19],[0:19],[6:11],1
[0:19],[0:19],[0:19],[0:19],[0:19],[0:19],[0:19],[0:19],[0:19],[0:19],[0:19],[0:19],[0:19],[7:11],[0:19],[0:19],[0:19],[0:19],[0:19],[6:11],1
[0:19],[0:19],[0:19],[0:19],[0:19],[0:19],[0:19],[0:19],[0:19],[0:19],[0:19],[0:19],[0:19],[12:14],[0:19],[0:19],[0:19],[0:19],[0:19],[6:11],0
[0:19],[0:19],[0:19],[0:19],[0:19],[0:19],[0:19],[0:19],[0:19],[0:19],[0:19],[0:19],[0:19],[7:11],[0:19],[0:19],[0:19],[0:19],[0:19],[6:11],1
[0:19],[0:19],[0:19],[0:19],[0:19],[0:19],[0:19],[0:19],[0:19],[0:19],[0:19],[0:19],[0:19],[12:14],[0:19],[0:19],[0:19],[0:19],[0:19],[6:11],0
[0:19],[0:19],[0:19],[0:19],[0:19],[0:19],[0:19],[0:19],[0:19],[0:19],[0:19],[0:19],[0:19],[12:14],[0:19],[0:19],[0:19],[0:19],[0:19],[6:11],0
[0:19],[0:19],[0:19],[0:19],[0:19],[0:19],[0:19],[0:19],[0:19],[0:19],[0:19],[0:19],[0:19],[7:11],[0:19],[0:19],[0:19],[0:19],[0:19],[6:11],1
[0:19],[0:19],[0:19],[0:19],[0:19],[0:19],[0:19],[0:19],[0:19],[0:19],[0:19],[0:19],[0:19],[7:11],[0:19],[0:19],[0:19],[0:19],[0:19],[6:11],1
[0:19],[0:19],[0:19],[0:19],[0:19],[0:19],[0:19],[0:19],[0:19],[0:19],[0:19],[0:19],[0:19],[7:11],[0:19],[0:19],[0:19],[0:19],[0:19],[6:11],1
[0:19],[0:19],[0:19],[0:19],[0:19],[0:19],[0:19],[0:19],[0:19],[0:19],[0:19],[0:19],[0:19],[12:14],[0:19],[0:19],[0:19],[0:19],[0:19],[6:11],0
[0:19],[0:19],[0:19],[0:19],[0:19],[0:19],[0:19],[0:19],[0:19],[0:19],[0:19],[0:19],[0:19],[7:11],[0:19],[0:19],[0:19],[0:19],[0:19],[6:11],0
[0:19],[0:19],[0:19],[0:19],[0:19],[0:19],[0:19],[0:19],[0:19],[0:19],[0:19],[0:19],[0:19],[7:11],[0:19],[0:19],[0:19],[0:19],[0:19],[6:11],1
[0:19],[0:19],[0:19],[0:19],[0:19],[0:19],[0:19],[0:19],[0:19],[0:19],[0:19],[0:19],[0:19],[7:11],[0:19],[0:19],[0:19],[0:19],[0:19],[6:11],0
[0:19],[0:19],[0:19],[0:19],[0:19],[0:19],[0:19],[0:19],[0:19],[0:19],[0:19],[0:19],[0:19],[7:11],[0:19],[0:19],[0:19],[0:19],[0:19],[6:11],0
[0:19],[0:19],[0:19],[0:19],[0:19],[0:19],[0:19],[0:19],[0:19],[0:19],[0:19],[0:19],[0:19],[12:14],[0:19],[0:19],[0:19],[0:19],[0:19],[6:11],1
[0:19],[0:19],[0:19],[0:19],[0:19],[0:19],[0:19],[0:19],[0:19],[0:19],[0:19],[0:19],[0:19],[12:14],[0:19],[0:19],[0:19],[0:19],[0:19],[12:15],1
[0:19],[0:19],[0:19],[0:19],[0:19],[0:19],[0:19],[0:19],[0:19],[0:19],[0:19],[0:19],[0:19],[7:11],[0:19],[0:19],[0:19],[0:19],[0:19],[3:5],0
[0:19],[0:19],[0:19],[0:19],[0:19],[0:19],[0:19],[0:19],[0:19],[0:19],[0:19],[0:19],[0:19],[12:14],[0:19],[0:19],[0:19],[0:19],[0:19],[6:11],1
[0:19],[0:19],[0:19],[0:19],[0:19],[0:19],[0:19],[0:19],[0:19],[0:19],[0:19],[0:19],[0:19],[7:11],[0:19],[0:19],[0:19],[0:19],[0:19],[6:11],1
[0:19],[0:19],[0:19],[0:19],[0:19],[0:19],[0:19],[0:19],[0:19],[0:19],[0:19],[0:19],[0:19],[7:11],[0:19],[0:19],[0:19],[0:19],[0:19],[3:5],0
[0:19],[0:19],[0:19],[0:19],[0:19],[0:19],[0:19],[0:19],[0:19],[0:19],[0:19],[0:19],[0:19],[12:14],[0:19],[0:19],[0:19],[0:19],[0:19],[12:15],1
[0:19],[0:19],[0:19],[0:19],[0:19],[0:19],[0:19],[0:19],[0:19],[0:19],[0:19],[0:19],[0:19],[7:11],[0:19],[0:19],[0:19],[0:19],[0:19],[12:15],0
[0:19],[0:19],[0:19],[0:19],[0:19],[0:19],[0:19],[0:19],[0:19],[0:19],[0:19],[0:19],[0:19],[7:11],[0:19],[0:19],[0:19],[0:19],[0:19],[6:11],1
[0:19],[0:19],[0:19],[0:19],[0:19],[0:19],[0:19],[0:19],[0:19],[0:19],[0:19],[0:19],[0:19],[0:6],[0:19],[0:19],[0:19],[0:19],[0:19],[6:11],0
[0:19],[0:19],[0:19],[0:19],[0:19],[0:19],[0:19],[0:19],[0:19],[0:19],[0:19],[0:19],[0:19],[7:11],[0:19],[0:19],[0:19],[0:19],[0:19],[3:5],0
[0:19],[0:19],[0:19],[0:19],[0:19],[0:19],[0:19],[0:19],[0:19],[0:19],[0:19],[0:19],[0:19],[7:11],[0:19],[0:19],[0:19],[0:19],[0:19],[6:11],1
[0:19],[0:19],[0:19],[0:19],[0:19],[0:19],[0:19],[0:19],[0:19],[0:19],[0:19],[0:19],[0:19],[7:11],[0:19],[0:19],[0:19],[0:19],[0:19],[6:11],1
[0:19],[0:19],[0:19],[0:19],[0:19],[0:19],[0:19],[0:19],[0:19],[0:19],[0:19],[0:19],[0:19],[7:11],[0:19],[0:19],[0:19],[0:19],[0:19],[6:11],1
[0:19],[0:19],[0:19],[0:19],[0:19],[0:19],[0:19],[0:19],[0:19],[0:19],[0:19],[0:19],[0:19],[7:11],[0:19],[0:19],[0:19],[0:19],[0:19],[6:11],1
[0:19],[0:19],[0:19],[0:19],[0:19],[0:19],[0:19],[0:19],[0:19],[0:19],[0:19],[0:19],[0:19],[7:11],[0:19],[0:19],[0:19],[0:19],[0:19],[6:11],1
[0:19],[0:19],[0:19],[0:19],[0:19],[0:19],[0:19],[0:19],[0:19],[0:19],[0:19],[0:19],[0:19],[7:11],[0:19],[0:19],[0:19],[0:19],[0:19],[12:15],1
[0:19],[0:19],[0:19],[0:19],[0:19],[0:19],[0:19],[0:19],[0:19],[0:19],[0:19],[0:19],[0:19],[7:11],[0:19],[0:19],[0:19],[0:19],[0:19],[6:11],1
[0:19],[0:19],[0:19],[0:19],[0:19],[0:19],[0:19],[0:19],[0:19],[0:19],[0:19],[0:19],[0:19],[7:11],[0:19],[0:19],[0:19],[0:19],[0:19],[6:11],1
[0:19],[0:19],[0:19],[0:19],[0:19],[0:19],[0:19],[0:19],[0:19],[0:19],[0:19],[0:19],[0:19],[7:11],[0:19],[0:19],[0:19],[0:19],[0:19],[3:5],0
[0:19],[0:19],[0:19],[0:19],[0:19],[0:19],[0:19],[0:19],[0:19],[0:19],[0:19],[0:19],[0:19],[7:11],[0:19],[0:19],[0:19],[0:19],[0:19],[6:11],0
[0:19],[0:19],[0:19],[0:19],[0:19],[0:19],[0:19],[0:19],[0:19],[0:19],[0:19],[0:19],[0:19],[7:11],[0:19],[0:19],[0:19],[0:19],[0:19],[6:11],0
[0:19],[0:19],[0:19],[0:19],[0:19],[0:19],[0:19],[0:19],[0:19],[0:19],[0:19],[0:19],[0:19],[7:11],[0:19],[0:19],[0:19],[0:19],[0:19],[6:11],0
[0:19],[0:19],[0:19],[0:19],[0:19],[0:19],[0:19],[0:19],[0:19],[0:19],[0:19],[0:19],[0:19],[7:11],[0:19],[0:19],[0:19],[0:19],[0:19],[6:11],0
[0:19],[0:19],[0:19],[0:19],[0:19],[0:19],[0:19],[0:19],[0:19],[0:19],[0:19],[0:19],[0:19],[12:14],[0:19],[0:19],[0:19],[0:19],[0:19],[6:11],1
[0:19],[0:19],[0:19],[0:19],[0:19],[0:19],[0:19],[0:19],[0:19],[0:19],[0:19],[0:19],[0:19],[7:11],[0:19],[0:19],[0:19],[0:19],[0:19],[6:11],0
[0:19],[0:19],[0:19],[0:19],[0:19],[0:19],[0:19],[0:19],[0:19],[0:19],[0:19],[0:19],[0:19],[7:11],[0:19],[0:19],[0:19],[0:19],[0:19],[12:15],1
[0:19],[0:19],[0:19],[0:19],[0:19],[0:19],[0:19],[0:19],[0:19],[0:19],[0:19],[0:19],[0:19],[12:14],[0:19],[0:19],[0:19],[0:19],[0:19],[6:11],0
[0:19],[0:19],[0:19],[0:19],[0:19],[0:19],[0:19],[0:19],[0:19],[0:19],[0:19],[0:19],[0:19],[7:11],[0:19],[0:19],[0:19],[0:19],[0:19],[6:11],1
[0:19],[0:19],[0:19],[0:19],[0:19],[0:19],[0:19],[0:19],[0:19],[0:19],[0:19],[0:19],[0:19],[7:11],[0:19],[0:19],[0:19],[0:19],[0:19],[6:11],1
[0:19],[0:19],[0:19],[0:19],[0:19],[0:19],[0:19],[0:19],[0:19],[0:19],[0:19],[0:19],[0:19],[7:11],[0:19],[0:19],[0:19],[0:19],[0:19],[6:11],1
[0:19],[0:19],[0:19],[0:19],[0:19],[0:19],[0:19],[0:19],[0:19],[0:19],[0:19],[0:19],[0:19],[7:11],[0:19],[0:19],[0:19],[0:19],[0:19],[6:11],0
[0:19],[0:19],[0:19],[0:19],[0:19],[0:19],[0:19],[0:19],[0:19],[0:19],[0:19],[0:19],[0:19],[7:11],[0:19],[0:19],[0:19],[0:19],[0:19],[12:15],0
[0:19],[0:19],[0:19],[0:19],[0:19],[0:19],[0:19],[0:19],[0:19],[0:19],[0:19],[0:19],[0:19],[12:14],[0:19],[0:19],[0:19],[0:19],[0:19],[6:11],1
[0:19],[0:19],[0:19],[0:19],[0:19],[0:19],[0:19],[0:19],[0:19],[0:19],[0:19],[0:19],[0:19],[7:11],[0:19],[0:19],[0:19],[0:19],[0:19],[6:11],1
[0:19],[0:19],[0:19],[0:19],[0:19],[0:19],[0:19],[0:19],[0:19],[0:19],[0:19],[0:19],[0:19],[7:11],[0:19],[0:19],[0:19],[0:19],[0:19],[6:11],1
[0:19],[0:19],[0:19],[0:19],[0:19],[0:19],[0:19],[0:19],[0:19],[0:19],[0:19],[0:19],[0:19],[7:11],[0:19],[0:19],[0:19],[0:19],[0:19],[3:5],0
[0:19],[0:19],[0:19],[0:19],[0:19],[0:19],[0:19],[0:19],[0:19],[0:19],[0:19],[0:19],[0:19],[7:11],[0:19],[0:19],[0:19],[0:19],[0:19],[6:11],0
[0:19],[0:19],[0:19],[0:19],[0:19],[0:19],[0:19],[0:19],[0:19],[0:19],[0:19],[0:19],[0:19],[12:14],[0:19],[0:19],[0:19],[0:19],[0:19],[6:11],0
[0:19],[0:19],[0:19],[0:19],[0:19],[0:19],[0:19],[0:19],[0:19],[0:19],[0:19],[0:19],[0:19],[12:14],[0:19],[0:19],[0:19],[0:19],[0:19],[6:11],0
[0:19],[0:19],[0:19],[0:19],[0:19],[0:19],[0:19],[0:19],[0:19],[0:19],[0:19],[0:19],[0:19],[7:11],[0:19],[0:19],[0:19],[0:19],[0:19],[6:11],0
[0:19],[0:19],[0:19],[0:19],[0:19],[0:19],[0:19],[0:19],[0:19],[0:19],[0:19],[0:19],[0:19],[12:14],[0:19],[0:19],[0:19],[0:19],[0:19],[6:11],1
[0:19],[0:19],[0:19],[0:19],[0:19],[0:19],[0:19],[0:19],[0:19],[0:19],[0:19],[0:19],[0:19],[7:11],[0:19],[0:19],[0:19],[0:19],[0:19],[12:15],1
[0:19],[0:19],[0:19],[0:19],[0:19],[0:19],[0:19],[0:19],[0:19],[0:19],[0:19],[0:19],[0:19],[0:6],[0:19],[0:19],[0:19],[0:19],[0:19],[6:11],0
[0:19],[0:19],[0:19],[0:19],[0:19],[0:19],[0:19],[0:19],[0:19],[0:19],[0:19],[0:19],[0:19],[7:11],[0:19],[0:19],[0:19],[0:19],[0:19],[6:11],0
[0:19],[0:19],[0:19],[0:19],[0:19],[0:19],[0:19],[0:19],[0:19],[0:19],[0:19],[0:19],[0:19],[0:6],[0:19],[0:19],[0:19],[0:19],[0:19],[6:11],0
[0:19],[0:19],[0:19],[0:19],[0:19],[0:19],[0:19],[0:19],[0:19],[0:19],[0:19],[0:19],[0:19],[0:6],[0:19],[0:19],[0:19],[0:19],[0:19],[3:5],0
[0:19],[0:19],[0:19],[0:19],[0:19],[0:19],[0:19],[0:19],[0:19],[0:19],[0:19],[0:19],[0:19],[7:11],[0:19],[0:19],[0:19],[0:19],[0:19],[6:11],0
[0:19],[0:19],[0:19],[0:19],[0:19],[0:19],[0:19],[0:19],[0:19],[0:19],[0:19],[0:19],[0:19],[7:11],[0:19],[0:19],[0:19],[0:19],[0:19],[6:11],1
[0:19],[0:19],[0:19],[0:19],[0:19],[0:19],[0:19],[0:19],[0:19],[0:19],[0:19],[0:19],[0:19],[7:11],[0:19],[0:19],[0:19],[0:19],[0:19],[6:11],1
[0:19],[0:19],[0:19],[0:19],[0:19],[0:19],[0:19],[0:19],[0:19],[0:19],[0:19],[0:19],[0:19],[7:11],[0:19],[0:19],[0:19],[0:19],[0:19],[12:15],0
[0:19],[0:19],[0:19],[0:19],[0:19],[0:19],[0:19],[0:19],[0:19],[0:19],[0:19],[0:19],[0:19],[12:14],[0:19],[0:19],[0:19],[0:19],[0:19],[6:11],0
[0:19],[0:19],[0:19],[0:19],[0:19],[0:19],[0:19],[0:19],[0:19],[0:19],[0:19],[0:19],[0:19],[7:11],[0:19],[0:19],[0:19],[0:19],[0:19],[6:11],1
[0:19],[0:19],[0:19],[0:19],[0:19],[0:19],[0:19],[0:19],[0:19],[0:19],[0:19],[0:19],[0:19],[7:11],[0:19],[0:19],[0:19],[0:19],[0:19],[6:11],1
[0:19],[0:19],[0:19],[0:19],[0:19],[0:19],[0:19],[0:19],[0:19],[0:19],[0:19],[0:19],[0:19],[7:11],[0:19],[0:19],[0:19],[0:19],[0:19],[6:11],0
[0:19],[0:19],[0:19],[0:19],[0:19],[0:19],[0:19],[0:19],[0:19],[0:19],[0:19],[0:19],[0:19],[7:11],[0:19],[0:19],[0:19],[0:19],[0:19],[6:11],0
[0:19],[0:19],[0:19],[0:19],[0:19],[0:19],[0:19],[0:19],[0:19],[0:19],[0:19],[0:19],[0:19],[7:11],[0:19],[0:19],[0:19],[0:19],[0:19],[6:11],1
[0:19],[0:19],[0:19],[0:19],[0:19],[0:19],[0:19],[0:19],[0:19],[0:19],[0:19],[0:19],[0:19],[7:11],[0:19],[0:19],[0:19],[0:19],[0:19],[6:11],0
[0:19],[0:19],[0:19],[0:19],[0:19],[0:19],[0:19],[0:19],[0:19],[0:19],[0:19],[0:19],[0:19],[12:14],[0:19],[0:19],[0:19],[0:19],[0:19],[6:11],0
[0:19],[0:19],[0:19],[0:19],[0:19],[0:19],[0:19],[0:19],[0:19],[0:19],[0:19],[0:19],[0:19],[7:11],[0:19],[0:19],[0:19],[0:19],[0:19],[6:11],1
[0:19],[0:19],[0:19],[0:19],[0:19],[0:19],[0:19],[0:19],[0:19],[0:19],[0:19],[0:19],[0:19],[7:11],[0:19],[0:19],[0:19],[0:19],[0:19],[6:11],1
[0:19],[0:19],[0:19],[0:19],[0:19],[0:19],[0:19],[0:19],[0:19],[0:19],[0:19],[0:19],[0:19],[7:11],[0:19],[0:19],[0:19],[0:19],[0:19],[6:11],0
[0:19],[0:19],[0:19],[0:19],[0:19],[0:19],[0:19],[0:19],[0:19],[0:19],[0:19],[0:19],[0:19],[12:14],[0:19],[0:19],[0:19],[0:19],[0:19],[6:11],1
[0:19],[0:19],[0:19],[0:19],[0:19],[0:19],[0:19],[0:19],[0:19],[0:19],[0:19],[0:19],[0:19],[12:14],[0:19],[0:19],[0:19],[0:19],[0:19],[3:5],0
[0:19],[0:19],[0:19],[0:19],[0:19],[0:19],[0:19],[0:19],[0:19],[0:19],[0:19],[0:19],[0:19],[7:11],[0:19],[0:19],[0:19],[0:19],[0:19],[6:11],1
[0:19],[0:19],[0:19],[0:19],[0:19],[0:19],[0:19],[0:19],[0:19],[0:19],[0:19],[0:19],[0:19],[12:14],[0:19],[0:19],[0:19],[0:19],[0:19],[6:11],1
[0:19],[0:19],[0:19],[0:19],[0:19],[0:19],[0:19],[0:19],[0:19],[0:19],[0:19],[0:19],[0:19],[7:11],[0:19],[0:19],[0:19],[0:19],[0:19],[6:11],1
[0:19],[0:19],[0:19],[0:19],[0:19],[0:19],[0:19],[0:19],[0:19],[0:19],[0:19],[0:19],[0:19],[7:11],[0:19],[0:19],[0:19],[0:19],[0:19],[6:11],1
[0:19],[0:19],[0:19],[0:19],[0:19],[0:19],[0:19],[0:19],[0:19],[0:19],[0:19],[0:19],[0:19],[7:11],[0:19],[0:19],[0:19],[0:19],[0:19],[6:11],0
[0:19],[0:19],[0:19],[0:19],[0:19],[0:19],[0:19],[0:19],[0:19],[0:19],[0:19],[0:19],[0:19],[7:11],[0:19],[0:19],[0:19],[0:19],[0:19],[6:11],1
[0:19],[0:19],[0:19],[0:19],[0:19],[0:19],[0:19],[0:19],[0:19],[0:19],[0:19],[0:19],[0:19],[7:11],[0:19],[0:19],[0:19],[0:19],[0:19],[6:11],0
[0:19],[0:19],[0:19],[0:19],[0:19],[0:19],[0:19],[0:19],[0:19],[0:19],[0:19],[0:19],[0:19],[12:14],[0:19],[0:19],[0:19],[0:19],[0:19],[6:11],0
[0:19],[0:19],[0:19],[0:19],[0:19],[0:19],[0:19],[0:19],[0:19],[0:19],[0:19],[0:19],[0:19],[7:11],[0:19],[0:19],[0:19],[0:19],[0:19],[6:11],0
[0:19],[0:19],[0:19],[0:19],[0:19],[0:19],[0:19],[0:19],[0:19],[0:19],[0:19],[0:19],[0:19],[7:11],[0:19],[0:19],[0:19],[0:19],[0:19],[6:11],0
[0:19],[0:19],[0:19],[0:19],[0:19],[0:19],[0:19],[0:19],[0:19],[0:19],[0:19],[0:19],[0:19],[7:11],[0:19],[0:19],[0:19],[0:19],[0:19],[6:11],0
[0:19],[0:19],[0:19],[0:19],[0:19],[0:19],[0:19],[0:19],[0:19],[0:19],[0:19],[0:19],[0:19],[12:14],[0:19],[0:19],[0:19],[0:19],[0:19],[6:11],1
[0:19],[0:19],[0:19],[0:19],[0:19],[0:19],[0:19],[0:19],[0:19],[0:19],[0:19],[0:19],[0:19],[12:14],[0:19],[0:19],[0:19],[0:19],[0:19],[12:15],0
[0:19],[0:19],[0:19],[0:19],[0:19],[0:19],[0:19],[0:19],[0:19],[0:19],[0:19],[0:19],[0:19],[7:11],[0:19],[0:19],[0:19],[0:19],[0:19],[6:11],0
[0:19],[0:19],[0:19],[0:19],[0:19],[0:19],[0:19],[0:19],[0:19],[0:19],[0:19],[0:19],[0:19],[0:6],[0:19],[0:19],[0:19],[0:19],[0:19],[6:11],0
[0:19],[0:19],[0:19],[0:19],[0:19],[0:19],[0:19],[0:19],[0:19],[0:19],[0:19],[0:19],[0:19],[12:14],[0:19],[0:19],[0:19],[0:19],[0:19],[6:11],1
[0:19],[0:19],[0:19],[0:19],[0:19],[0:19],[0:19],[0:19],[0:19],[0:19],[0:19],[0:19],[0:19],[7:11],[0:19],[0:19],[0:19],[0:19],[0:19],[6:11],0
[0:19],[0:19],[0:19],[0:19],[0:19],[0:19],[0:19],[0:19],[0:19],[0:19],[0:19],[0:19],[0:19],[7:11],[0:19],[0:19],[0:19],[0:19],[0:19],[6:11],0
[0:19],[0:19],[0:19],[0:19],[0:19],[0:19],[0:19],[0:19],[0:19],[0:19],[0:19],[0:19],[0:19],[7:11],[0:19],[0:19],[0:19],[0:19],[0:19],[6:11],0
[0:19],[0:19],[0:19],[0:19],[0:19],[0:19],[0:19],[0:19],[0:19],[0:19],[0:19],[0:19],[0:19],[12:14],[0:19],[0:19],[0:19],[0:19],[0:19],[6:11],0
[0:19],[0:19],[0:19],[0:19],[0:19],[0:19],[0:19],[0:19],[0:19],[0:19],[0:19],[0:19],[0:19],[7:11],[0:19],[0:19],[0:19],[0:19],[0:19],[6:11],1
[0:19],[0:19],[0:19],[0:19],[0:19],[0:19],[0:19],[0:19],[0:19],[0:19],[0:19],[0:19],[0:19],[7:11],[0:19],[0:19],[0:19],[0:19],[0:19],[6:11],0
[0:19],[0:19],[0:19],[0:19],[0:19],[0:19],[0:19],[0:19],[0:19],[0:19],[0:19],[0:19],[0:19],[7:11],[0:19],[0:19],[0:19],[0:19],[0:19],[6:11],0
[0:19],[0:19],[0:19],[0:19],[0:19],[0:19],[0:19],[0:19],[0:19],[0:19],[0:19],[0:19],[0:19],[7:11],[0:19],[0:19],[0:19],[0:19],[0:19],[6:11],1
[0:19],[0:19],[0:19],[0:19],[0:19],[0:19],[0:19],[0:19],[0:19],[0:19],[0:19],[0:19],[0:19],[12:14],[0:19],[0:19],[0:19],[0:19],[0:19],[6:11],1
[0:19],[0:19],[0:19],[0:19],[0:19],[0:19],[0:19],[0:19],[0:19],[0:19],[0:19],[0:19],[0:19],[7:11],[0:19],[0:19],[0:19],[0:19],[0:19],[6:11],1
[0:19],[0:19],[0:19],[0:19],[0:19],[0:19],[0:19],[0:19],[0:19],[0:19],[0:19],[0:19],[0:19],[7:11],[0:19],[0:19],[0:19],[0:19],[0:19],[6:11],1
[0:19],[0:19],[0:19],[0:19],[0:19],[0:19],[0:19],[0:19],[0:19],[0:19],[0:19],[0:19],[0:19],[7:11],[0:19],[0:19],[0:19],[0:19],[0:19],[6:11],1
[0:19],[0:19],[0:19],[0:19],[0:19],[0:19],[0:19],[0:19],[0:19],[0:19],[0:19],[0:19],[0:19],[7:11],[0:19],[0:19],[0:19],[0:19],[0:19],[6:11],1
[0:19],[0:19],[0:19],[0:19],[0:19],[0:19],[0:19],[0:19],[0:19],[0:19],[0:19],[0:19],[0:19],[7:11],[0:19],[0:19],[0:19],[0:19],[0:19],[3:5],0
[0:19],[0:19],[0:19],[0:19],[0:19],[0:19],[0:19],[0:19],[0:19],[0:19],[0:19],[0:19],[0:19],[7:11],[0:19],[0:19],[0:19],[0:19],[0:19],[6:11],0
[0:19],[0:19],[0:19],[0:19],[0:19],[0:19],[0:19],[0:19],[0:19],[0:19],[0:19],[0:19],[0:19],[7:11],[0:19],[0:19],[0:19],[0:19],[0:19],[3:5],0
[0:19],[0:19],[0:19],[0:19],[0:19],[0:19],[0:19],[0:19],[0:19],[0:19],[0:19],[0:19],[0:19],[7:11],[0:19],[0:19],[0:19],[0:19],[0:19],[6:11],1
[0:19],[0:19],[0:19],[0:19],[0:19],[0:19],[0:19],[0:19],[0:19],[0:19],[0:19],[0:19],[0:19],[7:11],[0:19],[0:19],[0:19],[0:19],[0:19],[6:11],1
[0:19],[0:19],[0:19],[0:19],[0:19],[0:19],[0:19],[0:19],[0:19],[0:19],[0:19],[0:19],[0:19],[7:11],[0:19],[0:19],[0:19],[0:19],[0:19],[6:11],0
[0:19],[0:19],[0:19],[0:19],[0:19],[0:19],[0:19],[0:19],[0:19],[0:19],[0:19],[0:19],[0:19],[7:11],[0:19],[0:19],[0:19],[0:19],[0:19],[6:11],0
[0:19],[0:19],[0:19],[0:19],[0:19],[0:19],[0:19],[0:19],[0:19],[0:19],[0:19],[0:19],[0:19],[7:11],[0:19],[0:19],[0:19],[0:19],[0:19],[12:15],1
[0:19],[0:19],[0:19],[0:19],[0:19],[0:19],[0:19],[0:19],[0:19],[0:19],[0:19],[0:19],[0:19],[7:11],[0:19],[0:19],[0:19],[0:19],[0:19],[6:11],0
[0:19],[0:19],[0:19],[0:19],[0:19],[0:19],[0:19],[0:19],[0:19],[0:19],[0:19],[0:19],[0:19],[7:11],[0:19],[0:19],[0:19],[0:19],[0:19],[6:11],0
[0:19],[0:19],[0:19],[0:19],[0:19],[0:19],[0:19],[0:19],[0:19],[0:19],[0:19],[0:19],[0:19],[7:11],[0:19],[0:19],[0:19],[0:19],[0:19],[6:11],0
[0:19],[0:19],[0:19],[0:19],[0:19],[0:19],[0:19],[0:19],[0:19],[0:19],[0:19],[0:19],[0:19],[7:11],[0:19],[0:19],[0:19],[0:19],[0:19],[6:11],1
[0:19],[0:19],[0:19],[0:19],[0:19],[0:19],[0:19],[0:19],[0:19],[0:19],[0:19],[0:19],[0:19],[7:11],[0:19],[0:19],[0:19],[0:19],[0:19],[6:11],0
[0:19],[0:19],[0:19],[0:19],[0:19],[0:19],[0:19],[0:19],[0:19],[0:19],[0:19],[0:19],[0:19],[12:14],[0:19],[0:19],[0:19],[0:19],[0:19],[6:11],0
[0:19],[0:19],[0:19],[0:19],[0:19],[0:19],[0:19],[0:19],[0:19],[0:19],[0:19],[0:19],[0:19],[0:6],[0:19],[0:19],[0:19],[0:19],[0:19],[6:11],0
[0:19],[0:19],[0:19],[0:19],[0:19],[0:19],[0:19],[0:19],[0:19],[0:19],[0:19],[0:19],[0:19],[7:11],[0:19],[0:19],[0:19],[0:19],[0:19],[6:11],0
[0:19],[0:19],[0:19],[0:19],[0:19],[0:19],[0:19],[0:19],[0:19],[0:19],[0:19],[0:19],[0:19],[7:11],[0:19],[0:19],[0:19],[0:19],[0:19],[6:11],1
[0:19],[0:19],[0:19],[0:19],[0:19],[0:19],[0:19],[0:19],[0:19],[0:19],[0:19],[0:19],[0:19],[15:19],[0:19],[0:19],[0:19],[0:19],[0:19],[6:11],0
[0:19],[0:19],[0:19],[0:19],[0:19],[0:19],[0:19],[0:19],[0:19],[0:19],[0:19],[0:19],[0:19],[15:19],[0:19],[0:19],[0:19],[0:19],[0:19],[6:11],0
[0:19],[0:19],[0:19],[0:19],[0:19],[0:19],[0:19],[0:19],[0:19],[0:19],[0:19],[0:19],[0:19],[7:11],[0:19],[0:19],[0:19],[0:19],[0:19],[6:11],0
[0:19],[0:19],[0:19],[0:19],[0:19],[0:19],[0:19],[0:19],[0:19],[0:19],[0:19],[0:19],[0:19],[12:14],[0:19],[0:19],[0:19],[0:19],[0:19],[6:11],0
[0:19],[0:19],[0:19],[0:19],[0:19],[0:19],[0:19],[0:19],[0:19],[0:19],[0:19],[0:19],[0:19],[7:11],[0:19],[0:19],[0:19],[0:19],[0:19],[6:11],0
[0:19],[0:19],[0:19],[0:19],[0:19],[0:19],[0:19],[0:19],[0:19],[0:19],[0:19],[0:19],[0:19],[7:11],[0:19],[0:19],[0:19],[0:19],[0:19],[6:11],0
[0:19],[0:19],[0:19],[0:19],[0:19],[0:19],[0:19],[0:19],[0:19],[0:19],[0:19],[0:19],[0:19],[7:11],[0:19],[0:19],[0:19],[0:19],[0:19],[6:11],1
[0:19],[0:19],[0:19],[0:19],[0:19],[0:19],[0:19],[0:19],[0:19],[0:19],[0:19],[0:19],[0:19],[7:11],[0:19],[0:19],[0:19],[0:19],[0:19],[6:11],0
[0:19],[0:19],[0:19],[0:19],[0:19],[0:19],[0:19],[0:19],[0:19],[0:19],[0:19],[0:19],[0:19],[7:11],[0:19],[0:19],[0:19],[0:19],[0:19],[6:11],1
[0:19],[0:19],[0:19],[0:19],[0:19],[0:19],[0:19],[0:19],[0:19],[0:19],[0:19],[0:19],[0:19],[7:11],[0:19],[0:19],[0:19],[0:19],[0:19],[6:11],1
[0:19],[0:19],[0:19],[0:19],[0:19],[0:19],[0:19],[0:19],[0:19],[0:19],[0:19],[0:19],[0:19],[7:11],[0:19],[0:19],[0:19],[0:19],[0:19],[6:11],1
[0:19],[0:19],[0:19],[0:19],[0:19],[0:19],[0:19],[0:19],[0:19],[0:19],[0:19],[0:19],[0:19],[0:6],[0:19],[0:19],[0:19],[0:19],[0:19],[0:2],0
[0:19],[0:19],[0:19],[0:19],[0:19],[0:19],[0:19],[0:19],[0:19],[0:19],[0:19],[0:19],[0:19],[7:11],[0:19],[0:19],[0:19],[0:19],[0:19],[6:11],0
[0:19],[0:19],[0:19],[0:19],[0:19],[0:19],[0:19],[0:19],[0:19],[0:19],[0:19],[0:19],[0:19],[12:14],[0:19],[0:19],[0:19],[0:19],[0:19],[6:11],0
[0:19],[0:19],[0:19],[0:19],[0:19],[0:19],[0:19],[0:19],[0:19],[0:19],[0:19],[0:19],[0:19],[7:11],[0:19],[0:19],[0:19],[0:19],[0:19],[6:11],1
[0:19],[0:19],[0:19],[0:19],[0:19],[0:19],[0:19],[0:19],[0:19],[0:19],[0:19],[0:19],[0:19],[7:11],[0:19],[0:19],[0:19],[0:19],[0:19],[6:11],1
[0:19],[0:19],[0:19],[0:19],[0:19],[0:19],[0:19],[0:19],[0:19],[0:19],[0:19],[0:19],[0:19],[12:14],[0:19],[0:19],[0:19],[0:19],[0:19],[6:11],1
[0:19],[0:19],[0:19],[0:19],[0:19],[0:19],[0:19],[0:19],[0:19],[0:19],[0:19],[0:19],[0:19],[7:11],[0:19],[0:19],[0:19],[0:19],[0:19],[6:11],1
[0:19],[0:19],[0:19],[0:19],[0:19],[0:19],[0:19],[0:19],[0:19],[0:19],[0:19],[0:19],[0:19],[7:11],[0:19],[0:19],[0:19],[0:19],[0:19],[6:11],0
[0:19],[0:19],[0:19],[0:19],[0:19],[0:19],[0:19],[0:19],[0:19],[0:19],[0:19],[0:19],[0:19],[7:11],[0:19],[0:19],[0:19],[0:19],[0:19],[6:11],1
[0:19],[0:19],[0:19],[0:19],[0:19],[0:19],[0:19],[0:19],[0:19],[0:19],[0:19],[0:19],[0:19],[7:11],[0:19],[0:19],[0:19],[0:19],[0:19],[6:11],1
[0:19],[0:19],[0:19],[0:19],[0:19],[0:19],[0:19],[0:19],[0:19],[0:19],[0:19],[0:19],[0:19],[7:11],[0:19],[0:19],[0:19],[0:19],[0:19],[6:11],0
[0:19],[0:19],[0:19],[0:19],[0:19],[0:19],[0:19],[0:19],[0:19],[0:19],[0:19],[0:19],[0:19],[7:11],[0:19],[0:19],[0:19],[0:19],[0:19],[6:11],1
[0:19],[0:19],[0:19],[0:19],[0:19],[0:19],[0:19],[0:19],[0:19],[0:19],[0:19],[0:19],[0:19],[7:11],[0:19],[0:19],[0:19],[0:19],[0:19],[6:11],1
[0:19],[0:19],[0:19],[0:19],[0:19],[0:19],[0:19],[0:19],[0:19],[0:19],[0:19],[0:19],[0:19],[7:11],[0:19],[0:19],[0:19],[0:19],[0:19],[12:15],0
[0:19],[0:19],[0:19],[0:19],[0:19],[0:19],[0:19],[0:19],[0:19],[0:19],[0:19],[0:19],[0:19],[7:11],[0:19],[0:19],[0:19],[0:19],[0:19],[6:11],0
[0:19],[0:19],[0:19],[0:19],[0:19],[0:19],[0:19],[0:19],[0:19],[0:19],[0:19],[0:19],[0:19],[0:6],[0:19],[0:19],[0:19],[0:19],[0:19],[6:11],0
[0:19],[0:19],[0:19],[0:19],[0:19],[0:19],[0:19],[0:19],[0:19],[0:19],[0:19],[0:19],[0:19],[0:6],[0:19],[0:19],[0:19],[0:19],[0:19],[6:11],0
[0:19],[0:19],[0:19],[0:19],[0:19],[0:19],[0:19],[0:19],[0:19],[0:19],[0:19],[0:19],[0:19],[7:11],[0:19],[0:19],[0:19],[0:19],[0:19],[12:15],0
[0:19],[0:19],[0:19],[0:19],[0:19],[0:19],[0:19],[0:19],[0:19],[0:19],[0:19],[0:19],[0:19],[7:11],[0:19],[0:19],[0:19],[0:19],[0:19],[6:11],1
[0:19],[0:19],[0:19],[0:19],[0:19],[0:19],[0:19],[0:19],[0:19],[0:19],[0:19],[0:19],[0:19],[7:11],[0:19],[0:19],[0:19],[0:19],[0:19],[6:11],1
[0:19],[0:19],[0:19],[0:19],[0:19],[0:19],[0:19],[0:19],[0:19],[0:19],[0:19],[0:19],[0:19],[7:11],[0:19],[0:19],[0:19],[0:19],[0:19],[6:11],1
[0:19],[0:19],[0:19],[0:19],[0:19],[0:19],[0:19],[0:19],[0:19],[0:19],[0:19],[0:19],[0:19],[0:6],[0:19],[0:19],[0:19],[0:19],[0:19],[3:5],0
[0:19],[0:19],[0:19],[0:19],[0:19],[0:19],[0:19],[0:19],[0:19],[0:19],[0:19],[0:19],[0:19],[7:11],[0:19],[0:19],[0:19],[0:19],[0:19],[12:15],0
[0:19],[0:19],[0:19],[0:19],[0:19],[0:19],[0:19],[0:19],[0:19],[0:19],[0:19],[0:19],[0:19],[7:11],[0:19],[0:19],[0:19],[0:19],[0:19],[6:11],1
[0:19],[0:19],[0:19],[0:19],[0:19],[0:19],[0:19],[0:19],[0:19],[0:19],[0:19],[0:19],[0:19],[7:11],[0:19],[0:19],[0:19],[0:19],[0:19],[6:11],1
[0:19],[0:19],[0:19],[0:19],[0:19],[0:19],[0:19],[0:19],[0:19],[0:19],[0:19],[0:19],[0:19],[15:19],[0:19],[0:19],[0:19],[0:19],[0:19],[6:11],0
[0:19],[0:19],[0:19],[0:19],[0:19],[0:19],[0:19],[0:19],[0:19],[0:19],[0:19],[0:19],[0:19],[7:11],[0:19],[0:19],[0:19],[0:19],[0:19],[6:11],1
[0:19],[0:19],[0:19],[0:19],[0:19],[0:19],[0:19],[0:19],[0:19],[0:19],[0:19],[0:19],[0:19],[7:11],[0:19],[0:19],[0:19],[0:19],[0:19],[12:15],0
[0:19],[0:19],[0:19],[0:19],[0:19],[0:19],[0:19],[0:19],[0:19],[0:19],[0:19],[0:19],[0:19],[7:11],[0:19],[0:19],[0:19],[0:19],[0:19],[6:11],1
[0:19],[0:19],[0:19],[0:19],[0:19],[0:19],[0:19],[0:19],[0:19],[0:19],[0:19],[0:19],[0:19],[7:11],[0:19],[0:19],[0:19],[0:19],[0:19],[6:11],1
[0:19],[0:19],[0:19],[0:19],[0:19],[0:19],[0:19],[0:19],[0:19],[0:19],[0:19],[0:19],[0:19],[7:11],[0:19],[0:19],[0:19],[0:19],[0:19],[6:11],0
[0:19],[0:19],[0:19],[0:19],[0:19],[0:19],[0:19],[0:19],[0:19],[0:19],[0:19],[0:19],[0:19],[7:11],[0:19],[0:19],[0:19],[0:19],[0:19],[6:11],1
[0:19],[0:19],[0:19],[0:19],[0:19],[0:19],[0:19],[0:19],[0:19],[0:19],[0:19],[0:19],[0:19],[7:11],[0:19],[0:19],[0:19],[0:19],[0:19],[6:11],1
[0:19],[0:19],[0:19],[0:19],[0:19],[0:19],[0:19],[0:19],[0:19],[0:19],[0:19],[0:19],[0:19],[7:11],[0:19],[0:19],[0:19],[0:19],[0:19],[6:11],0
[0:19],[0:19],[0:19],[0:19],[0:19],[0:19],[0:19],[0:19],[0:19],[0:19],[0:19],[0:19],[0:19],[7:11],[0:19],[0:19],[0:19],[0:19],[0:19],[6:11],0
[0:19],[0:19],[0:19],[0:19],[0:19],[0:19],[0:19],[0:19],[0:19],[0:19],[0:19],[0:19],[0:19],[7:11],[0:19],[0:19],[0:19],[0:19],[0:19],[6:11],1
[0:19],[0:19],[0:19],[0:19],[0:19],[0:19],[0:19],[0:19],[0:19],[0:19],[0:19],[0:19],[0:19],[7:11],[0:19],[0:19],[0:19],[0:19],[0:19],[6:11],0
[0:19],[0:19],[0:19],[0:19],[0:19],[0:19],[0:19],[0:19],[0:19],[0:19],[0:19],[0:19],[0:19],[7:11],[0:19],[0:19],[0:19],[0:19],[0:19],[6:11],1
[0:19],[0:19],[0:19],[0:19],[0:19],[0:19],[0:19],[0:19],[0:19],[0:19],[0:19],[0:19],[0:19],[12:14],[0:19],[0:19],[0:19],[0:19],[0:19],[6:11],0
[0:19],[0:19],[0:19],[0:19],[0:19],[0:19],[0:19],[0:19],[0:19],[0:19],[0:19],[0:19],[0:19],[7:11],[0:19],[0:19],[0:19],[0:19],[0:19],[6:11],0
[0:19],[0:19],[0:19],[0:19],[0:19],[0:19],[0:19],[0:19],[0:19],[0:19],[0:19],[0:19],[0:19],[7:11],[0:19],[0:19],[0:19],[0:19],[0:19],[6:11],1
[0:19],[0:19],[0:19],[0:19],[0:19],[0:19],[0:19],[0:19],[0:19],[0:19],[0:19],[0:19],[0:19],[7:11],[0:19],[0:19],[0:19],[0:19],[0:19],[6:11],1
[0:19],[0:19],[0:19],[0:19],[0:19],[0:19],[0:19],[0:19],[0:19],[0:19],[0:19],[0:19],[0:19],[12:14],[0:19],[0:19],[0:19],[0:19],[0:19],[6:11],1
[0:19],[0:19],[0:19],[0:19],[0:19],[0:19],[0:19],[0:19],[0:19],[0:19],[0:19],[0:19],[0:19],[7:11],[0:19],[0:19],[0:19],[0:19],[0:19],[12:15],1
[0:19],[0:19],[0:19],[0:19],[0:19],[0:19],[0:19],[0:19],[0:19],[0:19],[0:19],[0:19],[0:19],[7:11],[0:19],[0:19],[0:19],[0:19],[0:19],[12:15],0
[0:19],[0:19],[0:19],[0:19],[0:19],[0:19],[0:19],[0:19],[0:19],[0:19],[0:19],[0:19],[0:19],[12:14],[0:19],[0:19],[0:19],[0:19],[0:19],[6:11],0
[0:19],[0:19],[0:19],[0:19],[0:19],[0:19],[0:19],[0:19],[0:19],[0:19],[0:19],[0:19],[0:19],[7:11],[0:19],[0:19],[0:19],[0:19],[0:19],[6:11],1
[0:19],[0:19],[0:19],[0:19],[0:19],[0:19],[0:19],[0:19],[0:19],[0:19],[0:19],[0:19],[0:19],[12:14],[0:19],[0:19],[0:19],[0:19],[0:19],[6:11],1
[0:19],[0:19],[0:19],[0:19],[0:19],[0:19],[0:19],[0:19],[0:19],[0:19],[0:19],[0:19],[0:19],[7:11],[0:19],[0:19],[0:19],[0:19],[0:19],[6:11],1
[0:19],[0:19],[0:19],[0:19],[0:19],[0:19],[0:19],[0:19],[0:19],[0:19],[0:19],[0:19],[0:19],[7:11],[0:19],[0:19],[0:19],[0:19],[0:19],[6:11],1
[0:19],[0:19],[0:19],[0:19],[0:19],[0:19],[0:19],[0:19],[0:19],[0:19],[0:19],[0:19],[0:19],[7:11],[0:19],[0:19],[0:19],[0:19],[0:19],[6:11],1
[0:19],[0:19],[0:19],[0:19],[0:19],[0:19],[0:19],[0:19],[0:19],[0:19],[0:19],[0:19],[0:19],[7:11],[0:19],[0:19],[0:19],[0:19],[0:19],[6:11],1
[0:19],[0:19],[0:19],[0:19],[0:19],[0:19],[0:19],[0:19],[0:19],[0:19],[0:19],[0:19],[0:19],[7:11],[0:19],[0:19],[0:19],[0:19],[0:19],[6:11],1
[0:19],[0:19],[0:19],[0:19],[0:19],[0:19],[0:19],[0:19],[0:19],[0:19],[0:19],[0:19],[0:19],[7:11],[0:19],[0:19],[0:19],[0:19],[0:19],[6:11],1
[0:19],[0:19],[0:19],[0:19],[0:19],[0:19],[0:19],[0:19],[0:19],[0:19],[0:19],[0:19],[0:19],[7:11],[0:19],[0:19],[0:19],[0:19],[0:19],[6:11],1
[0:19],[0:19],[0:19],[0:19],[0:19],[0:19],[0:19],[0:19],[0:19],[0:19],[0:19],[0:19],[0:19],[15:19],[0:19],[0:19],[0:19],[0:19],[0:19],[6:11],0
[0:19],[0:19],[0:19],[0:19],[0:19],[0:19],[0:19],[0:19],[0:19],[0:19],[0:19],[0:19],[0:19],[7:11],[0:19],[0:19],[0:19],[0:19],[0:19],[12:15],0
[0:19],[0:19],[0:19],[0:19],[0:19],[0:19],[0:19],[0:19],[0:19],[0:19],[0:19],[0:19],[0:19],[7:11],[0:19],[0:19],[0:19],[0:19],[0:19],[6:11],1
[0:19],[0:19],[0:19],[0:19],[0:19],[0:19],[0:19],[0:19],[0:19],[0:19],[0:19],[0:19],[0:19],[7:11],[0:19],[0:19],[0:19],[0:19],[0:19],[6:11],0
[0:19],[0:19],[0:19],[0:19],[0:19],[0:19],[0:19],[0:19],[0:19],[0:19],[0:19],[0:19],[0:19],[7:11],[0:19],[0:19],[0:19],[0:19],[0:19],[6:11],0
[0:19],[0:19],[0:19],[0:19],[0:19],[0:19],[0:19],[0:19],[0:19],[0:19],[0:19],[0:19],[0:19],[12:14],[0:19],[0:19],[0:19],[0:19],[0:19],[6:11],1
[0:19],[0:19],[0:19],[0:19],[0:19],[0:19],[0:19],[0:19],[0:19],[0:19],[0:19],[0:19],[0:19],[7:11],[0:19],[0:19],[0:19],[0:19],[0:19],[6:11],0
[0:19],[0:19],[0:19],[0:19],[0:19],[0:19],[0:19],[0:19],[0:19],[0:19],[0:19],[0:19],[0:19],[12:14],[0:19],[0:19],[0:19],[0:19],[0:19],[6:11],1
[0:19],[0:19],[0:19],[0:19],[0:19],[0:19],[0:19],[0:19],[0:19],[0:19],[0:19],[0:19],[0:19],[7:11],[0:19],[0:19],[0:19],[0:19],[0:19],[6:11],1
[0:19],[0:19],[0:19],[0:19],[0:19],[0:19],[0:19],[0:19],[0:19],[0:19],[0:19],[0:19],[0:19],[0:6],[0:19],[0:19],[0:19],[0:19],[0:19],[6:11],0
[0:19],[0:19],[0:19],[0:19],[0:19],[0:19],[0:19],[0:19],[0:19],[0:19],[0:19],[0:19],[0:19],[7:11],[0:19],[0:19],[0:19],[0:19],[0:19],[16:19],0
[0:19],[0:19],[0:19],[0:19],[0:19],[0:19],[0:19],[0:19],[0:19],[0:19],[0:19],[0:19],[0:19],[7:11],[0:19],[0:19],[0:19],[0:19],[0:19],[6:11],1
[0:19],[0:19],[0:19],[0:19],[0:19],[0:19],[0:19],[0:19],[0:19],[0:19],[0:19],[0:19],[0:19],[7:11],[0:19],[0:19],[0:19],[0:19],[0:19],[6:11],0
[0:19],[0:19],[0:19],[0:19],[0:19],[0:19],[0:19],[0:19],[0:19],[0:19],[0:19],[0:19],[0:19],[7:11],[0:19],[0:19],[0:19],[0:19],[0:19],[6:11],0
[0:19],[0:19],[0:19],[0:19],[0:19],[0:19],[0:19],[0:19],[0:19],[0:19],[0:19],[0:19],[0:19],[7:11],[0:19],[0:19],[0:19],[0:19],[0:19],[12:15],1
[0:19],[0:19],[0:19],[0:19],[0:19],[0:19],[0:19],[0:19],[0:19],[0:19],[0:19],[0:19],[0:19],[7:11],[0:19],[0:19],[0:19],[0:19],[0:19],[6:11],1
[0:19],[0:19],[0:19],[0:19],[0:19],[0:19],[0:19],[0:19],[0:19],[0:19],[0:19],[0:19],[0:19],[7:11],[0:19],[0:19],[0:19],[0:19],[0:19],[6:11],0
[0:19],[0:19],[0:19],[0:19],[0:19],[0:19],[0:19],[0:19],[0:19],[0:19],[0:19],[0:19],[0:19],[7:11],[0:19],[0:19],[0:19],[0:19],[0:19],[6:11],1
[0:19],[0:19],[0:19],[0:19],[0:19],[0:19],[0:19],[0:19],[0:19],[0:19],[0:19],[0:19],[0:19],[0:6],[0:19],[0:19],[0:19],[0:19],[0:19],[6:11],0
[0:19],[0:19],[0:19],[0:19],[0:19],[0:19],[0:19],[0:19],[0:19],[0:19],[0:19],[0:19],[0:19],[7:11],[0:19],[0:19],[0:19],[0:19],[0:19],[3:5],0
[0:19],[0:19],[0:19],[0:19],[0:19],[0:19],[0:19],[0:19],[0:19],[0:19],[0:19],[0:19],[0:19],[7:11],[0:19],[0:19],[0:19],[0:19],[0:19],[6:11],0
[0:19],[0:19],[0:19],[0:19],[0:19],[0:19],[0:19],[0:19],[0:19],[0:19],[0:19],[0:19],[0:19],[7:11],[0:19],[0:19],[0:19],[0:19],[0:19],[6:11],1
[0:19],[0:19],[0:19],[0:19],[0:19],[0:19],[0:19],[0:19],[0:19],[0:19],[0:19],[0:19],[0:19],[7:11],[0:19],[0:19],[0:19],[0:19],[0:19],[6:11],0
[0:19],[0:19],[0:19],[0:19],[0:19],[0:19],[0:19],[0:19],[0:19],[0:19],[0:19],[0:19],[0:19],[12:14],[0:19],[0:19],[0:19],[0:19],[0:19],[6:11],0
[0:19],[0:19],[0:19],[0:19],[0:19],[0:19],[0:19],[0:19],[0:19],[0:19],[0:19],[0:19],[0:19],[7:11],[0:19],[0:19],[0:19],[0:19],[0:19],[6:11],1
[0:19],[0:19],[0:19],[0:19],[0:19],[0:19],[0:19],[0:19],[0:19],[0:19],[0:19],[0:19],[0:19],[7:11],[0:19],[0:19],[0:19],[0:19],[0:19],[6:11],0
[0:19],[0:19],[0:19],[0:19],[0:19],[0:19],[0:19],[0:19],[0:19],[0:19],[0:19],[0:19],[0:19],[0:6],[0:19],[0:19],[0:19],[0:19],[0:19],[3:5],0
[0:19],[0:19],[0:19],[0:19],[0:19],[0:19],[0:19],[0:19],[0:19],[0:19],[0:19],[0:19],[0:19],[7:11],[0:19],[0:19],[0:19],[0:19],[0:19],[6:11],1
[0:19],[0:19],[0:19],[0:19],[0:19],[0:19],[0:19],[0:19],[0:19],[0:19],[0:19],[0:19],[0:19],[7:11],[0:19],[0:19],[0:19],[0:19],[0:19],[3:5],0
[0:19],[0:19],[0:19],[0:19],[0:19],[0:19],[0:19],[0:19],[0:19],[0:19],[0:19],[0:19],[0:19],[7:11],[0:19],[0:19],[0:19],[0:19],[0:19],[6:11],1
[0:19],[0:19],[0:19],[0:19],[0:19],[0:19],[0:19],[0:19],[0:19],[0:19],[0:19],[0:19],[0:19],[7:11],[0:19],[0:19],[0:19],[0:19],[0:19],[6:11],1
[0:19],[0:19],[0:19],[0:19],[0:19],[0:19],[0:19],[0:19],[0:19],[0:19],[0:19],[0:19],[0:19],[7:11],[0:19],[0:19],[0:19],[0:19],[0:19],[6:11],0
[0:19],[0:19],[0:19],[0:19],[0:19],[0:19],[0:19],[0:19],[0:19],[0:19],[0:19],[0:19],[0:19],[7:11],[0:19],[0:19],[0:19],[0:19],[0:19],[6:11],1
[0:19],[0:19],[0:19],[0:19],[0:19],[0:19],[0:19],[0:19],[0:19],[0:19],[0:19],[0:19],[0:19],[7:11],[0:19],[0:19],[0:19],[0:19],[0:19],[6:11],1
[0:19],[0:19],[0:19],[0:19],[0:19],[0:19],[0:19],[0:19],[0:19],[0:19],[0:19],[0:19],[0:19],[7:11],[0:19],[0:19],[0:19],[0:19],[0:19],[6:11],1
[0:19],[0:19],[0:19],[0:19],[0:19],[0:19],[0:19],[0:19],[0:19],[0:19],[0:19],[0:19],[0:19],[7:11],[0:19],[0:19],[0:19],[0:19],[0:19],[6:11],0
[0:19],[0:19],[0:19],[0:19],[0:19],[0:19],[0:19],[0:19],[0:19],[0:19],[0:19],[0:19],[0:19],[7:11],[0:19],[0:19],[0:19],[0:19],[0:19],[6:11],0
[0:19],[0:19],[0:19],[0:19],[0:19],[0:19],[0:19],[0:19],[0:19],[0:19],[0:19],[0:19],[0:19],[12:14],[0:19],[0:19],[0:19],[0:19],[0:19],[6:11],0
[0:19],[0:19],[0:19],[0:19],[0:19],[0:19],[0:19],[0:19],[0:19],[0:19],[0:19],[0:19],[0:19],[7:11],[0:19],[0:19],[0:19],[0:19],[0:19],[6:11],1
[0:19],[0:19],[0:19],[0:19],[0:19],[0:19],[0:19],[0:19],[0:19],[0:19],[0:19],[0:19],[0:19],[7:11],[0:19],[0:19],[0:19],[0:19],[0:19],[6:11],1
[0:19],[0:19],[0:19],[0:19],[0:19],[0:19],[0:19],[0:19],[0:19],[0:19],[0:19],[0:19],[0:19],[7:11],[0:19],[0:19],[0:19],[0:19],[0:19],[6:11],1
[0:19],[0:19],[0:19],[0:19],[0:19],[0:19],[0:19],[0:19],[0:19],[0:19],[0:19],[0:19],[0:19],[7:11],[0:19],[0:19],[0:19],[0:19],[0:19],[6:11],0
[0:19],[0:19],[0:19],[0:19],[0:19],[0:19],[0:19],[0:19],[0:19],[0:19],[0:19],[0:19],[0:19],[7:11],[0:19],[0:19],[0:19],[0:19],[0:19],[12:15],0
[0:19],[0:19],[0:19],[0:19],[0:19],[0:19],[0:19],[0:19],[0:19],[0:19],[0:19],[0:19],[0:19],[7:11],[0:19],[0:19],[0:19],[0:19],[0:19],[6:11],1
[0:19],[0:19],[0:19],[0:19],[0:19],[0:19],[0:19],[0:19],[0:19],[0:19],[0:19],[0:19],[0:19],[7:11],[0:19],[0:19],[0:19],[0:19],[0:19],[6:11],1
[0:19],[0:19],[0:19],[0:19],[0:19],[0:19],[0:19],[0:19],[0:19],[0:19],[0:19],[0:19],[0:19],[12:14],[0:19],[0:19],[0:19],[0:19],[0:19],[6:11],1
[0:19],[0:19],[0:19],[0:19],[0:19],[0:19],[0:19],[0:19],[0:19],[0:19],[0:19],[0:19],[0:19],[7:11],[0:19],[0:19],[0:19],[0:19],[0:19],[6:11],1
[0:19],[0:19],[0:19],[0:19],[0:19],[0:19],[0:19],[0:19],[0:19],[0:19],[0:19],[0:19],[0:19],[7:11],[0:19],[0:19],[0:19],[0:19],[0:19],[6:11],1
[0:19],[0:19],[0:19],[0:19],[0:19],[0:19],[0:19],[0:19],[0:19],[0:19],[0:19],[0:19],[0:19],[12:14],[0:19],[0:19],[0:19],[0:19],[0:19],[6:11],1
[0:19],[0:19],[0:19],[0:19],[0:19],[0:19],[0:19],[0:19],[0:19],[0:19],[0:19],[0:19],[0:19],[7:11],[0:19],[0:19],[0:19],[0:19],[0:19],[6:11],1
[0:19],[0:19],[0:19],[0:19],[0:19],[0:19],[0:19],[0:19],[0:19],[0:19],[0:19],[0:19],[0:19],[7:11],[0:19],[0:19],[0:19],[0:19],[0:19],[6:11],0
[0:19],[0:19],[0:19],[0:19],[0:19],[0:19],[0:19],[0:19],[0:19],[0:19],[0:19],[0:19],[0:19],[12:14],[0:19],[0:19],[0:19],[0:19],[0:19],[6:11],1
[0:19],[0:19],[0:19],[0:19],[0:19],[0:19],[0:19],[0:19],[0:19],[0:19],[0:19],[0:19],[0:19],[7:11],[0:19],[0:19],[0:19],[0:19],[0:19],[6:11],1
[0:19],[0:19],[0:19],[0:19],[0:19],[0:19],[0:19],[0:19],[0:19],[0:19],[0:19],[0:19],[0:19],[12:14],[0:19],[0:19],[0:19],[0:19],[0:19],[6:11],1
[0:19],[0:19],[0:19],[0:19],[0:19],[0:19],[0:19],[0:19],[0:19],[0:19],[0:19],[0:19],[0:19],[7:11],[0:19],[0:19],[0:19],[0:19],[0:19],[6:11],1
[0:19],[0:19],[0:19],[0:19],[0:19],[0:19],[0:19],[0:19],[0:19],[0:19],[0:19],[0:19],[0:19],[12:14],[0:19],[0:19],[0:19],[0:19],[0:19],[6:11],1
[0:19],[0:19],[0:19],[0:19],[0:19],[0:19],[0:19],[0:19],[0:19],[0:19],[0:19],[0:19],[0:19],[7:11],[0:19],[0:19],[0:19],[0:19],[0:19],[6:11],0
[0:19],[0:19],[0:19],[0:19],[0:19],[0:19],[0:19],[0:19],[0:19],[0:19],[0:19],[0:19],[0:19],[7:11],[0:19],[0:19],[0:19],[0:19],[0:19],[6:11],1
[0:19],[0:19],[0:19],[0:19],[0:19],[0:19],[0:19],[0:19],[0:19],[0:19],[0:19],[0:19],[0:19],[7:11],[0:19],[0:19],[0:19],[0:19],[0:19],[6:11],0
[0:19],[0:19],[0:19],[0:19],[0:19],[0:19],[0:19],[0:19],[0:19],[0:19],[0:19],[0:19],[0:19],[7:11],[0:19],[0:19],[0:19],[0:19],[0:19],[6:11],1
[0:19],[0:19],[0:19],[0:19],[0:19],[0:19],[0:19],[0:19],[0:19],[0:19],[0:19],[0:19],[0:19],[12:14],[0:19],[0:19],[0:19],[0:19],[0:19],[6:11],0
[0:19],[0:19],[0:19],[0:19],[0:19],[0:19],[0:19],[0:19],[0:19],[0:19],[0:19],[0:19],[0:19],[7:11],[0:19],[0:19],[0:19],[0:19],[0:19],[6:11],0
[0:19],[0:19],[0:19],[0:19],[0:19],[0:19],[0:19],[0:19],[0:19],[0:19],[0:19],[0:19],[0:19],[7:11],[0:19],[0:19],[0:19],[0:19],[0:19],[6:11],1
[0:19],[0:19],[0:19],[0:19],[0:19],[0:19],[0:19],[0:19],[0:19],[0:19],[0:19],[0:19],[0:19],[12:14],[0:19],[0:19],[0:19],[0:19],[0:19],[3:5],0
[0:19],[0:19],[0:19],[0:19],[0:19],[0:19],[0:19],[0:19],[0:19],[0:19],[0:19],[0:19],[0:19],[12:14],[0:19],[0:19],[0:19],[0:19],[0:19],[6:11],0
[0:19],[0:19],[0:19],[0:19],[0:19],[0:19],[0:19],[0:19],[0:19],[0:19],[0:19],[0:19],[0:19],[7:11],[0:19],[0:19],[0:19],[0:19],[0:19],[6:11],1
[0:19],[0:19],[0:19],[0:19],[0:19],[0:19],[0:19],[0:19],[0:19],[0:19],[0:19],[0:19],[0:19],[7:11],[0:19],[0:19],[0:19],[0:19],[0:19],[6:11],1
[0:19],[0:19],[0:19],[0:19],[0:19],[0:19],[0:19],[0:19],[0:19],[0:19],[0:19],[0:19],[0:19],[12:14],[0:19],[0:19],[0:19],[0:19],[0:19],[6:11],1
[0:19],[0:19],[0:19],[0:19],[0:19],[0:19],[0:19],[0:19],[0:19],[0:19],[0:19],[0:19],[0:19],[7:11],[0:19],[0:19],[0:19],[0:19],[0:19],[0:2],0
[0:19],[0:19],[0:19],[0:19],[0:19],[0:19],[0:19],[0:19],[0:19],[0:19],[0:19],[0:19],[0:19],[12:14],[0:19],[0:19],[0:19],[0:19],[0:19],[12:15],1
[0:19],[0:19],[0:19],[0:19],[0:19],[0:19],[0:19],[0:19],[0:19],[0:19],[0:19],[0:19],[0:19],[7:11],[0:19],[0:19],[0:19],[0:19],[0:19],[12:15],0
[0:19],[0:19],[0:19],[0:19],[0:19],[0:19],[0:19],[0:19],[0:19],[0:19],[0:19],[0:19],[0:19],[7:11],[0:19],[0:19],[0:19],[0:19],[0:19],[6:11],1
[0:19],[0:19],[0:19],[0:19],[0:19],[0:19],[0:19],[0:19],[0:19],[0:19],[0:19],[0:19],[0:19],[7:11],[0:19],[0:19],[0:19],[0:19],[0:19],[6:11],0
[0:19],[0:19],[0:19],[0:19],[0:19],[0:19],[0:19],[0:19],[0:19],[0:19],[0:19],[0:19],[0:19],[7:11],[0:19],[0:19],[0:19],[0:19],[0:19],[6:11],1
[0:19],[0:19],[0:19],[0:19],[0:19],[0:19],[0:19],[0:19],[0:19],[0:19],[0:19],[0:19],[0:19],[7:11],[0:19],[0:19],[0:19],[0:19],[0:19],[6:11],0
[0:19],[0:19],[0:19],[0:19],[0:19],[0:19],[0:19],[0:19],[0:19],[0:19],[0:19],[0:19],[0:19],[7:11],[0:19],[0:19],[0:19],[0:19],[0:19],[12:15],0
[0:19],[0:19],[0:19],[0:19],[0:19],[0:19],[0:19],[0:19],[0:19],[0:19],[0:19],[0:19],[0:19],[7:11],[0:19],[0:19],[0:19],[0:19],[0:19],[12:15],1
[0:19],[0:19],[0:19],[0:19],[0:19],[0:19],[0:19],[0:19],[0:19],[0:19],[0:19],[0:19],[0:19],[12:14],[0:19],[0:19],[0:19],[0:19],[0:19],[6:11],1
[0:19],[0:19],[0:19],[0:19],[0:19],[0:19],[0:19],[0:19],[0:19],[0:19],[0:19],[0:19],[0:19],[12:14],[0:19],[0:19],[0:19],[0:19],[0:19],[6:11],0
[0:19],[0:19],[0:19],[0:19],[0:19],[0:19],[0:19],[0:19],[0:19],[0:19],[0:19],[0:19],[0:19],[7:11],[0:19],[0:19],[0:19],[0:19],[0:19],[6:11],1
[0:19],[0:19],[0:19],[0:19],[0:19],[0:19],[0:19],[0:19],[0:19],[0:19],[0:19],[0:19],[0:19],[7:11],[0:19],[0:19],[0:19],[0:19],[0:19],[6:11],1
[0:19],[0:19],[0:19],[0:19],[0:19],[0:19],[0:19],[0:19],[0:19],[0:19],[0:19],[0:19],[0:19],[7:11],[0:19],[0:19],[0:19],[0:19],[0:19],[6:11],1
[0:19],[0:19],[0:19],[0:19],[0:19],[0:19],[0:19],[0:19],[0:19],[0:19],[0:19],[0:19],[0:19],[7:11],[0:19],[0:19],[0:19],[0:19],[0:19],[6:11],0
[0:19],[0:19],[0:19],[0:19],[0:19],[0:19],[0:19],[0:19],[0:19],[0:19],[0:19],[0:19],[0:19],[7:11],[0:19],[0:19],[0:19],[0:19],[0:19],[6:11],1
[0:19],[0:19],[0:19],[0:19],[0:19],[0:19],[0:19],[0:19],[0:19],[0:19],[0:19],[0:19],[0:19],[7:11],[0:19],[0:19],[0:19],[0:19],[0:19],[6:11],1
[0:19],[0:19],[0:19],[0:19],[0:19],[0:19],[0:19],[0:19],[0:19],[0:19],[0:19],[0:19],[0:19],[7:11],[0:19],[0:19],[0:19],[0:19],[0:19],[6:11],0
[0:19],[0:19],[0:19],[0:19],[0:19],[0:19],[0:19],[0:19],[0:19],[0:19],[0:19],[0:19],[0:19],[7:11],[0:19],[0:19],[0:19],[0:19],[0:19],[6:11],1
[0:19],[0:19],[0:19],[0:19],[0:19],[0:19],[0:19],[0:19],[0:19],[0:19],[0:19],[0:19],[0:19],[7:11],[0:19],[0:19],[0:19],[0:19],[0:19],[6:11],1
[0:19],[0:19],[0:19],[0:19],[0:19],[0:19],[0:19],[0:19],[0:19],[0:19],[0:19],[0:19],[0:19],[7:11],[0:19],[0:19],[0:19],[0:19],[0:19],[6:11],1
[0:19],[0:19],[0:19],[0:19],[0:19],[0:19],[0:19],[0:19],[0:19],[0:19],[0:19],[0:19],[0:19],[7:11],[0:19],[0:19],[0:19],[0:19],[0:19],[6:11],0
[0:19],[0:19],[0:19],[0:19],[0:19],[0:19],[0:19],[0:19],[0:19],[0:19],[0:19],[0:19],[0:19],[7:11],[0:19],[0:19],[0:19],[0:19],[0:19],[6:11],0
[0:19],[0:19],[0:19],[0:19],[0:19],[0:19],[0:19],[0:19],[0:19],[0:19],[0:19],[0:19],[0:19],[7:11],[0:19],[0:19],[0:19],[0:19],[0:19],[6:11],1
[0:19],[0:19],[0:19],[0:19],[0:19],[0:19],[0:19],[0:19],[0:19],[0:19],[0:19],[0:19],[0:19],[7:11],[0:19],[0:19],[0:19],[0:19],[0:19],[12:15],0
[0:19],[0:19],[0:19],[0:19],[0:19],[0:19],[0:19],[0:19],[0:19],[0:19],[0:19],[0:19],[0:19],[7:11],[0:19],[0:19],[0:19],[0:19],[0:19],[6:11],0
[0:19],[0:19],[0:19],[0:19],[0:19],[0:19],[0:19],[0:19],[0:19],[0:19],[0:19],[0:19],[0:19],[7:11],[0:19],[0:19],[0:19],[0:19],[0:19],[6:11],0
[0:19],[0:19],[0:19],[0:19],[0:19],[0:19],[0:19],[0:19],[0:19],[0:19],[0:19],[0:19],[0:19],[7:11],[0:19],[0:19],[0:19],[0:19],[0:19],[6:11],0
[0:19],[0:19],[0:19],[0:19],[0:19],[0:19],[0:19],[0:19],[0:19],[0:19],[0:19],[0:19],[0:19],[7:11],[0:19],[0:19],[0:19],[0:19],[0:19],[6:11],1
[0:19],[0:19],[0:19],[0:19],[0:19],[0:19],[0:19],[0:19],[0:19],[0:19],[0:19],[0:19],[0:19],[7:11],[0:19],[0:19],[0:19],[0:19],[0:19],[6:11],1
[0:19],[0:19],[0:19],[0:19],[0:19],[0:19],[0:19],[0:19],[0:19],[0:19],[0:19],[0:19],[0:19],[12:14],[0:19],[0:19],[0:19],[0:19],[0:19],[6:11],0
[0:19],[0:19],[0:19],[0:19],[0:19],[0:19],[0:19],[0:19],[0:19],[0:19],[0:19],[0:19],[0:19],[7:11],[0:19],[0:19],[0:19],[0:19],[0:19],[12:15],0
[0:19],[0:19],[0:19],[0:19],[0:19],[0:19],[0:19],[0:19],[0:19],[0:19],[0:19],[0:19],[0:19],[7:11],[0:19],[0:19],[0:19],[0:19],[0:19],[6:11],1
[0:19],[0:19],[0:19],[0:19],[0:19],[0:19],[0:19],[0:19],[0:19],[0:19],[0:19],[0:19],[0:19],[7:11],[0:19],[0:19],[0:19],[0:19],[0:19],[6:11],0
[0:19],[0:19],[0:19],[0:19],[0:19],[0:19],[0:19],[0:19],[0:19],[0:19],[0:19],[0:19],[0:19],[7:11],[0:19],[0:19],[0:19],[0:19],[0:19],[6:11],1
[0:19],[0:19],[0:19],[0:19],[0:19],[0:19],[0:19],[0:19],[0:19],[0:19],[0:19],[0:19],[0:19],[7:11],[0:19],[0:19],[0:19],[0:19],[0:19],[6:11],1
[0:19],[0:19],[0:19],[0:19],[0:19],[0:19],[0:19],[0:19],[0:19],[0:19],[0:19],[0:19],[0:19],[15:19],[0:19],[0:19],[0:19],[0:19],[0:19],[3:5],0
[0:19],[0:19],[0:19],[0:19],[0:19],[0:19],[0:19],[0:19],[0:19],[0:19],[0:19],[0:19],[0:19],[7:11],[0:19],[0:19],[0:19],[0:19],[0:19],[6:11],1
[0:19],[0:19],[0:19],[0:19],[0:19],[0:19],[0:19],[0:19],[0:19],[0:19],[0:19],[0:19],[0:19],[7:11],[0:19],[0:19],[0:19],[0:19],[0:19],[6:11],1
[0:19],[0:19],[0:19],[0:19],[0:19],[0:19],[0:19],[0:19],[0:19],[0:19],[0:19],[0:19],[0:19],[7:11],[0:19],[0:19],[0:19],[0:19],[0:19],[3:5],0
[0:19],[0:19],[0:19],[0:19],[0:19],[0:19],[0:19],[0:19],[0:19],[0:19],[0:19],[0:19],[0:19],[7:11],[0:19],[0:19],[0:19],[0:19],[0:19],[6:11],0
[0:19],[0:19],[0:19],[0:19],[0:19],[0:19],[0:19],[0:19],[0:19],[0:19],[0:19],[0:19],[0:19],[7:11],[0:19],[0:19],[0:19],[0:19],[0:19],[6:11],1
[0:19],[0:19],[0:19],[0:19],[0:19],[0:19],[0:19],[0:19],[0:19],[0:19],[0:19],[0:19],[0:19],[7:11],[0:19],[0:19],[0:19],[0:19],[0:19],[6:11],1
[0:19],[0:19],[0:19],[0:19],[0:19],[0:19],[0:19],[0:19],[0:19],[0:19],[0:19],[0:19],[0:19],[7:11],[0:19],[0:19],[0:19],[0:19],[0:19],[6:11],0
[0:19],[0:19],[0:19],[0:19],[0:19],[0:19],[0:19],[0:19],[0:19],[0:19],[0:19],[0:19],[0:19],[7:11],[0:19],[0:19],[0:19],[0:19],[0:19],[6:11],1
[0:19],[0:19],[0:19],[0:19],[0:19],[0:19],[0:19],[0:19],[0:19],[0:19],[0:19],[0:19],[0:19],[7:11],[0:19],[0:19],[0:19],[0:19],[0:19],[6:11],0
[0:19],[0:19],[0:19],[0:19],[0:19],[0:19],[0:19],[0:19],[0:19],[0:19],[0:19],[0:19],[0:19],[7:11],[0:19],[0:19],[0:19],[0:19],[0:19],[3:5],0
[0:19],[0:19],[0:19],[0:19],[0:19],[0:19],[0:19],[0:19],[0:19],[0:19],[0:19],[0:19],[0:19],[7:11],[0:19],[0:19],[0:19],[0:19],[0:19],[6:11],1
[0:19],[0:19],[0:19],[0:19],[0:19],[0:19],[0:19],[0:19],[0:19],[0:19],[0:19],[0:19],[0:19],[7:11],[0:19],[0:19],[0:19],[0:19],[0:19],[12:15],0
[0:19],[0:19],[0:19],[0:19],[0:19],[0:19],[0:19],[0:19],[0:19],[0:19],[0:19],[0:19],[0:19],[12:14],[0:19],[0:19],[0:19],[0:19],[0:19],[6:11],1
[0:19],[0:19],[0:19],[0:19],[0:19],[0:19],[0:19],[0:19],[0:19],[0:19],[0:19],[0:19],[0:19],[7:11],[0:19],[0:19],[0:19],[0:19],[0:19],[6:11],0
[0:19],[0:19],[0:19],[0:19],[0:19],[0:19],[0:19],[0:19],[0:19],[0:19],[0:19],[0:19],[0:19],[12:14],[0:19],[0:19],[0:19],[0:19],[0:19],[6:11],1
[0:19],[0:19],[0:19],[0:19],[0:19],[0:19],[0:19],[0:19],[0:19],[0:19],[0:19],[0:19],[0:19],[7:11],[0:19],[0:19],[0:19],[0:19],[0:19],[6:11],0
[0:19],[0:19],[0:19],[0:19],[0:19],[0:19],[0:19],[0:19],[0:19],[0:19],[0:19],[0:19],[0:19],[12:14],[0:19],[0:19],[0:19],[0:19],[0:19],[6:11],0
[0:19],[0:19],[0:19],[0:19],[0:19],[0:19],[0:19],[0:19],[0:19],[0:19],[0:19],[0:19],[0:19],[7:11],[0:19],[0:19],[0:19],[0:19],[0:19],[6:11],1
[0:19],[0:19],[0:19],[0:19],[0:19],[0:19],[0:19],[0:19],[0:19],[0:19],[0:19],[0:19],[0:19],[7:11],[0:19],[0:19],[0:19],[0:19],[0:19],[6:11],0
[0:19],[0:19],[0:19],[0:19],[0:19],[0:19],[0:19],[0:19],[0:19],[0:19],[0:19],[0:19],[0:19],[12:14],[0:19],[0:19],[0:19],[0:19],[0:19],[6:11],0
[0:19],[0:19],[0:19],[0:19],[0:19],[0:19],[0:19],[0:19],[0:19],[0:19],[0:19],[0:19],[0:19],[7:11],[0:19],[0:19],[0:19],[0:19],[0:19],[6:11],1
[0:19],[0:19],[0:19],[0:19],[0:19],[0:19],[0:19],[0:19],[0:19],[0:19],[0:19],[0:19],[0:19],[7:11],[0:19],[0:19],[0:19],[0:19],[0:19],[6:11],1
[0:19],[0:19],[0:19],[0:19],[0:19],[0:19],[0:19],[0:19],[0:19],[0:19],[0:19],[0:19],[0:19],[7:11],[0:19],[0:19],[0:19],[0:19],[0:19],[6:11],0
[0:19],[0:19],[0:19],[0:19],[0:19],[0:19],[0:19],[0:19],[0:19],[0:19],[0:19],[0:19],[0:19],[7:11],[0:19],[0:19],[0:19],[0:19],[0:19],[12:15],0
[0:19],[0:19],[0:19],[0:19],[0:19],[0:19],[0:19],[0:19],[0:19],[0:19],[0:19],[0:19],[0:19],[12:14],[0:19],[0:19],[0:19],[0:19],[0:19],[3:5],0
[0:19],[0:19],[0:19],[0:19],[0:19],[0:19],[0:19],[0:19],[0:19],[0:19],[0:19],[0:19],[0:19],[7:11],[0:19],[0:19],[0:19],[0:19],[0:19],[12:15],0
[0:19],[0:19],[0:19],[0:19],[0:19],[0:19],[0:19],[0:19],[0:19],[0:19],[0:19],[0:19],[0:19],[7:11],[0:19],[0:19],[0:19],[0:19],[0:19],[6:11],0
[0:19],[0:19],[0:19],[0:19],[0:19],[0:19],[0:19],[0:19],[0:19],[0:19],[0:19],[0:19],[0:19],[7:11],[0:19],[0:19],[0:19],[0:19],[0:19],[6:11],0
[0:19],[0:19],[0:19],[0:19],[0:19],[0:19],[0:19],[0:19],[0:19],[0:19],[0:19],[0:19],[0:19],[7:11],[0:19],[0:19],[0:19],[0:19],[0:19],[6:11],1
[0:19],[0:19],[0:19],[0:19],[0:19],[0:19],[0:19],[0:19],[0:19],[0:19],[0:19],[0:19],[0:19],[7:11],[0:19],[0:19],[0:19],[0:19],[0:19],[6:11],1
[0:19],[0:19],[0:19],[0:19],[0:19],[0:19],[0:19],[0:19],[0:19],[0:19],[0:19],[0:19],[0:19],[7:11],[0:19],[0:19],[0:19],[0:19],[0:19],[6:11],0
[0:19],[0:19],[0:19],[0:19],[0:19],[0:19],[0:19],[0:19],[0:19],[0:19],[0:19],[0:19],[0:19],[7:11],[0:19],[0:19],[0:19],[0:19],[0:19],[6:11],1
[0:19],[0:19],[0:19],[0:19],[0:19],[0:19],[0:19],[0:19],[0:19],[0:19],[0:19],[0:19],[0:19],[7:11],[0:19],[0:19],[0:19],[0:19],[0:19],[6:11],1
[0:19],[0:19],[0:19],[0:19],[0:19],[0:19],[0:19],[0:19],[0:19],[0:19],[0:19],[0:19],[0:19],[15:19],[0:19],[0:19],[0:19],[0:19],[0:19],[6:11],0
[0:19],[0:19],[0:19],[0:19],[0:19],[0:19],[0:19],[0:19],[0:19],[0:19],[0:19],[0:19],[0:19],[7:11],[0:19],[0:19],[0:19],[0:19],[0:19],[6:11],1
[0:19],[0:19],[0:19],[0:19],[0:19],[0:19],[0:19],[0:19],[0:19],[0:19],[0:19],[0:19],[0:19],[0:6],[0:19],[0:19],[0:19],[0:19],[0:19],[6:11],1
[0:19],[0:19],[0:19],[0:19],[0:19],[0:19],[0:19],[0:19],[0:19],[0:19],[0:19],[0:19],[0:19],[7:11],[0:19],[0:19],[0:19],[0:19],[0:19],[6:11],1
[0:19],[0:19],[0:19],[0:19],[0:19],[0:19],[0:19],[0:19],[0:19],[0:19],[0:19],[0:19],[0:19],[7:11],[0:19],[0:19],[0:19],[0:19],[0:19],[6:11],1
[0:19],[0:19],[0:19],[0:19],[0:19],[0:19],[0:19],[0:19],[0:19],[0:19],[0:19],[0:19],[0:19],[7:11],[0:19],[0:19],[0:19],[0:19],[0:19],[6:11],1
[0:19],[0:19],[0:19],[0:19],[0:19],[0:19],[0:19],[0:19],[0:19],[0:19],[0:19],[0:19],[0:19],[7:11],[0:19],[0:19],[0:19],[0:19],[0:19],[6:11],1
[0:19],[0:19],[0:19],[0:19],[0:19],[0:19],[0:19],[0:19],[0:19],[0:19],[0:19],[0:19],[0:19],[7:11],[0:19],[0:19],[0:19],[0:19],[0:19],[6:11],1
[0:19],[0:19],[0:19],[0:19],[0:19],[0:19],[0:19],[0:19],[0:19],[0:19],[0:19],[0:19],[0:19],[12:14],[0:19],[0:19],[0:19],[0:19],[0:19],[6:11],0
[0:19],[0:19],[0:19],[0:19],[0:19],[0:19],[0:19],[0:19],[0:19],[0:19],[0:19],[0:19],[0:19],[7:11],[0:19],[0:19],[0:19],[0:19],[0:19],[6:11],0
[0:19],[0:19],[0:19],[0:19],[0:19],[0:19],[0:19],[0:19],[0:19],[0:19],[0:19],[0:19],[0:19],[7:11],[0:19],[0:19],[0:19],[0:19],[0:19],[12:15],0
[0:19],[0:19],[0:19],[0:19],[0:19],[0:19],[0:19],[0:19],[0:19],[0:19],[0:19],[0:19],[0:19],[7:11],[0:19],[0:19],[0:19],[0:19],[0:19],[6:11],1
[0:19],[0:19],[0:19],[0:19],[0:19],[0:19],[0:19],[0:19],[0:19],[0:19],[0:19],[0:19],[0:19],[7:11],[0:19],[0:19],[0:19],[0:19],[0:19],[6:11],1
[0:19],[0:19],[0:19],[0:19],[0:19],[0:19],[0:19],[0:19],[0:19],[0:19],[0:19],[0:19],[0:19],[12:14],[0:19],[0:19],[0:19],[0:19],[0:19],[6:11],0
[0:19],[0:19],[0:19],[0:19],[0:19],[0:19],[0:19],[0:19],[0:19],[0:19],[0:19],[0:19],[0:19],[7:11],[0:19],[0:19],[0:19],[0:19],[0:19],[6:11],1
[0:19],[0:19],[0:19],[0:19],[0:19],[0:19],[0:19],[0:19],[0:19],[0:19],[0:19],[0:19],[0:19],[12:14],[0:19],[0:19],[0:19],[0:19],[0:19],[6:11],1
[0:19],[0:19],[0:19],[0:19],[0:19],[0:19],[0:19],[0:19],[0:19],[0:19],[0:19],[0:19],[0:19],[7:11],[0:19],[0:19],[0:19],[0:19],[0:19],[6:11],1
[0:19],[0:19],[0:19],[0:19],[0:19],[0:19],[0:19],[0:19],[0:19],[0:19],[0:19],[0:19],[0:19],[7:11],[0:19],[0:19],[0:19],[0:19],[0:19],[6:11],1
[0:19],[0:19],[0:19],[0:19],[0:19],[0:19],[0:19],[0:19],[0:19],[0:19],[0:19],[0:19],[0:19],[7:11],[0:19],[0:19],[0:19],[0:19],[0:19],[6:11],1
[0:19],[0:19],[0:19],[0:19],[0:19],[0:19],[0:19],[0:19],[0:19],[0:19],[0:19],[0:19],[0:19],[7:11],[0:19],[0:19],[0:19],[0:19],[0:19],[6:11],0
[0:19],[0:19],[0:19],[0:19],[0:19],[0:19],[0:19],[0:19],[0:19],[0:19],[0:19],[0:19],[0:19],[7:11],[0:19],[0:19],[0:19],[0:19],[0:19],[6:11],0
[0:19],[0:19],[0:19],[0:19],[0:19],[0:19],[0:19],[0:19],[0:19],[0:19],[0:19],[0:19],[0:19],[12:14],[0:19],[0:19],[0:19],[0:19],[0:19],[12:15],1
[0:19],[0:19],[0:19],[0:19],[0:19],[0:19],[0:19],[0:19],[0:19],[0:19],[0:19],[0:19],[0:19],[12:14],[0:19],[0:19],[0:19],[0:19],[0:19],[12:15],1
[0:19],[0:19],[0:19],[0:19],[0:19],[0:19],[0:19],[0:19],[0:19],[0:19],[0:19],[0:19],[0:19],[12:14],[0:19],[0:19],[0:19],[0:19],[0:19],[6:11],1
[0:19],[0:19],[0:19],[0:19],[0:19],[0:19],[0:19],[0:19],[0:19],[0:19],[0:19],[0:19],[0:19],[7:11],[0:19],[0:19],[0:19],[0:19],[0:19],[6:11],1
[0:19],[0:19],[0:19],[0:19],[0:19],[0:19],[0:19],[0:19],[0:19],[0:19],[0:19],[0:19],[0:19],[7:11],[0:19],[0:19],[0:19],[0:19],[0:19],[6:11],0
[0:19],[0:19],[0:19],[0:19],[0:19],[0:19],[0:19],[0:19],[0:19],[0:19],[0:19],[0:19],[0:19],[7:11],[0:19],[0:19],[0:19],[0:19],[0:19],[6:11],1
[0:19],[0:19],[0:19],[0:19],[0:19],[0:19],[0:19],[0:19],[0:19],[0:19],[0:19],[0:19],[0:19],[7:11],[0:19],[0:19],[0:19],[0:19],[0:19],[6:11],1
[0:19],[0:19],[0:19],[0:19],[0:19],[0:19],[0:19],[0:19],[0:19],[0:19],[0:19],[0:19],[0:19],[7:11],[0:19],[0:19],[0:19],[0:19],[0:19],[6:11],1
[0:19],[0:19],[0:19],[0:19],[0:19],[0:19],[0:19],[0:19],[0:19],[0:19],[0:19],[0:19],[0:19],[7:11],[0:19],[0:19],[0:19],[0:19],[0:19],[6:11],0
[0:19],[0:19],[0:19],[0:19],[0:19],[0:19],[0:19],[0:19],[0:19],[0:19],[0:19],[0:19],[0:19],[7:11],[0:19],[0:19],[0:19],[0:19],[0:19],[12:15],0
[0:19],[0:19],[0:19],[0:19],[0:19],[0:19],[0:19],[0:19],[0:19],[0:19],[0:19],[0:19],[0:19],[12:14],[0:19],[0:19],[0:19],[0:19],[0:19],[6:11],1
[0:19],[0:19],[0:19],[0:19],[0:19],[0:19],[0:19],[0:19],[0:19],[0:19],[0:19],[0:19],[0:19],[12:14],[0:19],[0:19],[0:19],[0:19],[0:19],[6:11],1
[0:19],[0:19],[0:19],[0:19],[0:19],[0:19],[0:19],[0:19],[0:19],[0:19],[0:19],[0:19],[0:19],[12:14],[0:19],[0:19],[0:19],[0:19],[0:19],[6:11],1
[0:19],[0:19],[0:19],[0:19],[0:19],[0:19],[0:19],[0:19],[0:19],[0:19],[0:19],[0:19],[0:19],[7:11],[0:19],[0:19],[0:19],[0:19],[0:19],[3:5],0
[0:19],[0:19],[0:19],[0:19],[0:19],[0:19],[0:19],[0:19],[0:19],[0:19],[0:19],[0:19],[0:19],[7:11],[0:19],[0:19],[0:19],[0:19],[0:19],[6:11],0
[0:19],[0:19],[0:19],[0:19],[0:19],[0:19],[0:19],[0:19],[0:19],[0:19],[0:19],[0:19],[0:19],[7:11],[0:19],[0:19],[0:19],[0:19],[0:19],[6:11],1
[0:19],[0:19],[0:19],[0:19],[0:19],[0:19],[0:19],[0:19],[0:19],[0:19],[0:19],[0:19],[0:19],[7:11],[0:19],[0:19],[0:19],[0:19],[0:19],[6:11],1
[0:19],[0:19],[0:19],[0:19],[0:19],[0:19],[0:19],[0:19],[0:19],[0:19],[0:19],[0:19],[0:19],[7:11],[0:19],[0:19],[0:19],[0:19],[0:19],[6:11],0
[0:19],[0:19],[0:19],[0:19],[0:19],[0:19],[0:19],[0:19],[0:19],[0:19],[0:19],[0:19],[0:19],[7:11],[0:19],[0:19],[0:19],[0:19],[0:19],[6:11],1
[0:19],[0:19],[0:19],[0:19],[0:19],[0:19],[0:19],[0:19],[0:19],[0:19],[0:19],[0:19],[0:19],[7:11],[0:19],[0:19],[0:19],[0:19],[0:19],[6:11],1
[0:19],[0:19],[0:19],[0:19],[0:19],[0:19],[0:19],[0:19],[0:19],[0:19],[0:19],[0:19],[0:19],[0:6],[0:19],[0:19],[0:19],[0:19],[0:19],[6:11],0
[0:19],[0:19],[0:19],[0:19],[0:19],[0:19],[0:19],[0:19],[0:19],[0:19],[0:19],[0:19],[0:19],[7:11],[0:19],[0:19],[0:19],[0:19],[0:19],[6:11],1
[0:19],[0:19],[0:19],[0:19],[0:19],[0:19],[0:19],[0:19],[0:19],[0:19],[0:19],[0:19],[0:19],[7:11],[0:19],[0:19],[0:19],[0:19],[0:19],[6:11],1
[0:19],[0:19],[0:19],[0:19],[0:19],[0:19],[0:19],[0:19],[0:19],[0:19],[0:19],[0:19],[0:19],[7:11],[0:19],[0:19],[0:19],[0:19],[0:19],[12:15],0
[0:19],[0:19],[0:19],[0:19],[0:19],[0:19],[0:19],[0:19],[0:19],[0:19],[0:19],[0:19],[0:19],[0:6],[0:19],[0:19],[0:19],[0:19],[0:19],[12:15],0
[0:19],[0:19],[0:19],[0:19],[0:19],[0:19],[0:19],[0:19],[0:19],[0:19],[0:19],[0:19],[0:19],[7:11],[0:19],[0:19],[0:19],[0:19],[0:19],[12:15],0
[0:19],[0:19],[0:19],[0:19],[0:19],[0:19],[0:19],[0:19],[0:19],[0:19],[0:19],[0:19],[0:19],[7:11],[0:19],[0:19],[0:19],[0:19],[0:19],[12:15],1
[0:19],[0:19],[0:19],[0:19],[0:19],[0:19],[0:19],[0:19],[0:19],[0:19],[0:19],[0:19],[0:19],[7:11],[0:19],[0:19],[0:19],[0:19],[0:19],[6:11],0
[0:19],[0:19],[0:19],[0:19],[0:19],[0:19],[0:19],[0:19],[0:19],[0:19],[0:19],[0:19],[0:19],[7:11],[0:19],[0:19],[0:19],[0:19],[0:19],[6:11],0
[0:19],[0:19],[0:19],[0:19],[0:19],[0:19],[0:19],[0:19],[0:19],[0:19],[0:19],[0:19],[0:19],[7:11],[0:19],[0:19],[0:19],[0:19],[0:19],[12:15],0
[0:19],[0:19],[0:19],[0:19],[0:19],[0:19],[0:19],[0:19],[0:19],[0:19],[0:19],[0:19],[0:19],[12:14],[0:19],[0:19],[0:19],[0:19],[0:19],[6:11],0
[0:19],[0:19],[0:19],[0:19],[0:19],[0:19],[0:19],[0:19],[0:19],[0:19],[0:19],[0:19],[0:19],[7:11],[0:19],[0:19],[0:19],[0:19],[0:19],[6:11],0
[0:19],[0:19],[0:19],[0:19],[0:19],[0:19],[0:19],[0:19],[0:19],[0:19],[0:19],[0:19],[0:19],[7:11],[0:19],[0:19],[0:19],[0:19],[0:19],[6:11],1
[0:19],[0:19],[0:19],[0:19],[0:19],[0:19],[0:19],[0:19],[0:19],[0:19],[0:19],[0:19],[0:19],[7:11],[0:19],[0:19],[0:19],[0:19],[0:19],[6:11],1
[0:19],[0:19],[0:19],[0:19],[0:19],[0:19],[0:19],[0:19],[0:19],[0:19],[0:19],[0:19],[0:19],[7:11],[0:19],[0:19],[0:19],[0:19],[0:19],[6:11],0
[0:19],[0:19],[0:19],[0:19],[0:19],[0:19],[0:19],[0:19],[0:19],[0:19],[0:19],[0:19],[0:19],[7:11],[0:19],[0:19],[0:19],[0:19],[0:19],[12:15],0
[0:19],[0:19],[0:19],[0:19],[0:19],[0:19],[0:19],[0:19],[0:19],[0:19],[0:19],[0:19],[0:19],[7:11],[0:19],[0:19],[0:19],[0:19],[0:19],[6:11],1
[0:19],[0:19],[0:19],[0:19],[0:19],[0:19],[0:19],[0:19],[0:19],[0:19],[0:19],[0:19],[0:19],[7:11],[0:19],[0:19],[0:19],[0:19],[0:19],[6:11],1
[0:19],[0:19],[0:19],[0:19],[0:19],[0:19],[0:19],[0:19],[0:19],[0:19],[0:19],[0:19],[0:19],[12:14],[0:19],[0:19],[0:19],[0:19],[0:19],[6:11],0
[0:19],[0:19],[0:19],[0:19],[0:19],[0:19],[0:19],[0:19],[0:19],[0:19],[0:19],[0:19],[0:19],[7:11],[0:19],[0:19],[0:19],[0:19],[0:19],[6:11],1
[0:19],[0:19],[0:19],[0:19],[0:19],[0:19],[0:19],[0:19],[0:19],[0:19],[0:19],[0:19],[0:19],[12:14],[0:19],[0:19],[0:19],[0:19],[0:19],[6:11],0
[0:19],[0:19],[0:19],[0:19],[0:19],[0:19],[0:19],[0:19],[0:19],[0:19],[0:19],[0:19],[0:19],[7:11],[0:19],[0:19],[0:19],[0:19],[0:19],[6:11],1
[0:19],[0:19],[0:19],[0:19],[0:19],[0:19],[0:19],[0:19],[0:19],[0:19],[0:19],[0:19],[0:19],[7:11],[0:19],[0:19],[0:19],[0:19],[0:19],[6:11],0
[0:19],[0:19],[0:19],[0:19],[0:19],[0:19],[0:19],[0:19],[0:19],[0:19],[0:19],[0:19],[0:19],[7:11],[0:19],[0:19],[0:19],[0:19],[0:19],[6:11],0
[0:19],[0:19],[0:19],[0:19],[0:19],[0:19],[0:19],[0:19],[0:19],[0:19],[0:19],[0:19],[0:19],[7:11],[0:19],[0:19],[0:19],[0:19],[0:19],[6:11],1
[0:19],[0:19],[0:19],[0:19],[0:19],[0:19],[0:19],[0:19],[0:19],[0:19],[0:19],[0:19],[0:19],[7:11],[0:19],[0:19],[0:19],[0:19],[0:19],[6:11],0
[0:19],[0:19],[0:19],[0:19],[0:19],[0:19],[0:19],[0:19],[0:19],[0:19],[0:19],[0:19],[0:19],[7:11],[0:19],[0:19],[0:19],[0:19],[0:19],[6:11],1
[0:19],[0:19],[0:19],[0:19],[0:19],[0:19],[0:19],[0:19],[0:19],[0:19],[0:19],[0:19],[0:19],[12:14],[0:19],[0:19],[0:19],[0:19],[0:19],[6:11],0
[0:19],[0:19],[0:19],[0:19],[0:19],[0:19],[0:19],[0:19],[0:19],[0:19],[0:19],[0:19],[0:19],[7:11],[0:19],[0:19],[0:19],[0:19],[0:19],[6:11],1
[0:19],[0:19],[0:19],[0:19],[0:19],[0:19],[0:19],[0:19],[0:19],[0:19],[0:19],[0:19],[0:19],[12:14],[0:19],[0:19],[0:19],[0:19],[0:19],[6:11],1
[0:19],[0:19],[0:19],[0:19],[0:19],[0:19],[0:19],[0:19],[0:19],[0:19],[0:19],[0:19],[0:19],[7:11],[0:19],[0:19],[0:19],[0:19],[0:19],[6:11],0
[0:19],[0:19],[0:19],[0:19],[0:19],[0:19],[0:19],[0:19],[0:19],[0:19],[0:19],[0:19],[0:19],[7:11],[0:19],[0:19],[0:19],[0:19],[0:19],[6:11],0
[0:19],[0:19],[0:19],[0:19],[0:19],[0:19],[0:19],[0:19],[0:19],[0:19],[0:19],[0:19],[0:19],[7:11],[0:19],[0:19],[0:19],[0:19],[0:19],[6:11],0
[0:19],[0:19],[0:19],[0:19],[0:19],[0:19],[0:19],[0:19],[0:19],[0:19],[0:19],[0:19],[0:19],[7:11],[0:19],[0:19],[0:19],[0:19],[0:19],[6:11],1
[0:19],[0:19],[0:19],[0:19],[0:19],[0:19],[0:19],[0:19],[0:19],[0:19],[0:19],[0:19],[0:19],[7:11],[0:19],[0:19],[0:19],[0:19],[0:19],[12:15],0
[0:19],[0:19],[0:19],[0:19],[0:19],[0:19],[0:19],[0:19],[0:19],[0:19],[0:19],[0:19],[0:19],[7:11],[0:19],[0:19],[0:19],[0:19],[0:19],[6:11],0
[0:19],[0:19],[0:19],[0:19],[0:19],[0:19],[0:19],[0:19],[0:19],[0:19],[0:19],[0:19],[0:19],[7:11],[0:19],[0:19],[0:19],[0:19],[0:19],[6:11],0
[0:19],[0:19],[0:19],[0:19],[0:19],[0:19],[0:19],[0:19],[0:19],[0:19],[0:19],[0:19],[0:19],[7:11],[0:19],[0:19],[0:19],[0:19],[0:19],[6:11],1
[0:19],[0:19],[0:19],[0:19],[0:19],[0:19],[0:19],[0:19],[0:19],[0:19],[0:19],[0:19],[0:19],[7:11],[0:19],[0:19],[0:19],[0:19],[0:19],[6:11],0
[0:19],[0:19],[0:19],[0:19],[0:19],[0:19],[0:19],[0:19],[0:19],[0:19],[0:19],[0:19],[0:19],[7:11],[0:19],[0:19],[0:19],[0:19],[0:19],[6:11],0
[0:19],[0:19],[0:19],[0:19],[0:19],[0:19],[0:19],[0:19],[0:19],[0:19],[0:19],[0:19],[0:19],[7:11],[0:19],[0:19],[0:19],[0:19],[0:19],[12:15],1
[0:19],[0:19],[0:19],[0:19],[0:19],[0:19],[0:19],[0:19],[0:19],[0:19],[0:19],[0:19],[0:19],[7:11],[0:19],[0:19],[0:19],[0:19],[0:19],[6:11],1
[0:19],[0:19],[0:19],[0:19],[0:19],[0:19],[0:19],[0:19],[0:19],[0:19],[0:19],[0:19],[0:19],[15:19],[0:19],[0:19],[0:19],[0:19],[0:19],[6:11],0
[0:19],[0:19],[0:19],[0:19],[0:19],[0:19],[0:19],[0:19],[0:19],[0:19],[0:19],[0:19],[0:19],[7:11],[0:19],[0:19],[0:19],[0:19],[0:19],[6:11],0
[0:19],[0:19],[0:19],[0:19],[0:19],[0:19],[0:19],[0:19],[0:19],[0:19],[0:19],[0:19],[0:19],[12:14],[0:19],[0:19],[0:19],[0:19],[0:19],[6:11],1
[0:19],[0:19],[0:19],[0:19],[0:19],[0:19],[0:19],[0:19],[0:19],[0:19],[0:19],[0:19],[0:19],[12:14],[0:19],[0:19],[0:19],[0:19],[0:19],[12:15],0
[0:19],[0:19],[0:19],[0:19],[0:19],[0:19],[0:19],[0:19],[0:19],[0:19],[0:19],[0:19],[0:19],[7:11],[0:19],[0:19],[0:19],[0:19],[0:19],[6:11],1
[0:19],[0:19],[0:19],[0:19],[0:19],[0:19],[0:19],[0:19],[0:19],[0:19],[0:19],[0:19],[0:19],[7:11],[0:19],[0:19],[0:19],[0:19],[0:19],[6:11],1
[0:19],[0:19],[0:19],[0:19],[0:19],[0:19],[0:19],[0:19],[0:19],[0:19],[0:19],[0:19],[0:19],[0:6],[0:19],[0:19],[0:19],[0:19],[0:19],[6:11],0
[0:19],[0:19],[0:19],[0:19],[0:19],[0:19],[0:19],[0:19],[0:19],[0:19],[0:19],[0:19],[0:19],[12:14],[0:19],[0:19],[0:19],[0:19],[0:19],[6:11],1
[0:19],[0:19],[0:19],[0:19],[0:19],[0:19],[0:19],[0:19],[0:19],[0:19],[0:19],[0:19],[0:19],[7:11],[0:19],[0:19],[0:19],[0:19],[0:19],[6:11],1
[0:19],[0:19],[0:19],[0:19],[0:19],[0:19],[0:19],[0:19],[0:19],[0:19],[0:19],[0:19],[0:19],[7:11],[0:19],[0:19],[0:19],[0:19],[0:19],[6:11],1
[0:19],[0:19],[0:19],[0:19],[0:19],[0:19],[0:19],[0:19],[0:19],[0:19],[0:19],[0:19],[0:19],[7:11],[0:19],[0:19],[0:19],[0:19],[0:19],[6:11],0
[0:19],[0:19],[0:19],[0:19],[0:19],[0:19],[0:19],[0:19],[0:19],[0:19],[0:19],[0:19],[0:19],[12:14],[0:19],[0:19],[0:19],[0:19],[0:19],[6:11],0
[0:19],[0:19],[0:19],[0:19],[0:19],[0:19],[0:19],[0:19],[0:19],[0:19],[0:19],[0:19],[0:19],[12:14],[0:19],[0:19],[0:19],[0:19],[0:19],[6:11],1
[0:19],[0:19],[0:19],[0:19],[0:19],[0:19],[0:19],[0:19],[0:19],[0:19],[0:19],[0:19],[0:19],[7:11],[0:19],[0:19],[0:19],[0:19],[0:19],[6:11],1
[0:19],[0:19],[0:19],[0:19],[0:19],[0:19],[0:19],[0:19],[0:19],[0:19],[0:19],[0:19],[0:19],[7:11],[0:19],[0:19],[0:19],[0:19],[0:19],[6:11],1
[0:19],[0:19],[0:19],[0:19],[0:19],[0:19],[0:19],[0:19],[0:19],[0:19],[0:19],[0:19],[0:19],[7:11],[0:19],[0:19],[0:19],[0:19],[0:19],[6:11],0
[0:19],[0:19],[0:19],[0:19],[0:19],[0:19],[0:19],[0:19],[0:19],[0:19],[0:19],[0:19],[0:19],[7:11],[0:19],[0:19],[0:19],[0:19],[0:19],[6:11],0
[0:19],[0:19],[0:19],[0:19],[0:19],[0:19],[0:19],[0:19],[0:19],[0:19],[0:19],[0:19],[0:19],[12:14],[0:19],[0:19],[0:19],[0:19],[0:19],[6:11],1
[0:19],[0:19],[0:19],[0:19],[0:19],[0:19],[0:19],[0:19],[0:19],[0:19],[0:19],[0:19],[0:19],[7:11],[0:19],[0:19],[0:19],[0:19],[0:19],[12:15],0
[0:19],[0:19],[0:19],[0:19],[0:19],[0:19],[0:19],[0:19],[0:19],[0:19],[0:19],[0:19],[0:19],[7:11],[0:19],[0:19],[0:19],[0:19],[0:19],[6:11],1
[0:19],[0:19],[0:19],[0:19],[0:19],[0:19],[0:19],[0:19],[0:19],[0:19],[0:19],[0:19],[0:19],[7:11],[0:19],[0:19],[0:19],[0:19],[0:19],[6:11],0
[0:19],[0:19],[0:19],[0:19],[0:19],[0:19],[0:19],[0:19],[0:19],[0:19],[0:19],[0:19],[0:19],[7:11],[0:19],[0:19],[0:19],[0:19],[0:19],[6:11],1
[0:19],[0:19],[0:19],[0:19],[0:19],[0:19],[0:19],[0:19],[0:19],[0:19],[0:19],[0:19],[0:19],[7:11],[0:19],[0:19],[0:19],[0:19],[0:19],[6:11],1
[0:19],[0:19],[0:19],[0:19],[0:19],[0:19],[0:19],[0:19],[0:19],[0:19],[0:19],[0:19],[0:19],[7:11],[0:19],[0:19],[0:19],[0:19],[0:19],[6:11],0
[0:19],[0:19],[0:19],[0:19],[0:19],[0:19],[0:19],[0:19],[0:19],[0:19],[0:19],[0:19],[0:19],[7:11],[0:19],[0:19],[0:19],[0:19],[0:19],[6:11],1
[0:19],[0:19],[0:19],[0:19],[0:19],[0:19],[0:19],[0:19],[0:19],[0:19],[0:19],[0:19],[0:19],[7:11],[0:19],[0:19],[0:19],[0:19],[0:19],[6:11],1
[0:19],[0:19],[0:19],[0:19],[0:19],[0:19],[0:19],[0:19],[0:19],[0:19],[0:19],[0:19],[0:19],[0:6],[0:19],[0:19],[0:19],[0:19],[0:19],[6:11],0
[0:19],[0:19],[0:19],[0:19],[0:19],[0:19],[0:19],[0:19],[0:19],[0:19],[0:19],[0:19],[0:19],[7:11],[0:19],[0:19],[0:19],[0:19],[0:19],[6:11],1
[0:19],[0:19],[0:19],[0:19],[0:19],[0:19],[0:19],[0:19],[0:19],[0:19],[0:19],[0:19],[0:19],[7:11],[0:19],[0:19],[0:19],[0:19],[0:19],[3:5],0
[0:19],[0:19],[0:19],[0:19],[0:19],[0:19],[0:19],[0:19],[0:19],[0:19],[0:19],[0:19],[0:19],[7:11],[0:19],[0:19],[0:19],[0:19],[0:19],[6:11],0
[0:19],[0:19],[0:19],[0:19],[0:19],[0:19],[0:19],[0:19],[0:19],[0:19],[0:19],[0:19],[0:19],[7:11],[0:19],[0:19],[0:19],[0:19],[0:19],[6:11],0
[0:19],[0:19],[0:19],[0:19],[0:19],[0:19],[0:19],[0:19],[0:19],[0:19],[0:19],[0:19],[0:19],[7:11],[0:19],[0:19],[0:19],[0:19],[0:19],[6:11],0
[0:19],[0:19],[0:19],[0:19],[0:19],[0:19],[0:19],[0:19],[0:19],[0:19],[0:19],[0:19],[0:19],[12:14],[0:19],[0:19],[0:19],[0:19],[0:19],[6:11],0
[0:19],[0:19],[0:19],[0:19],[0:19],[0:19],[0:19],[0:19],[0:19],[0:19],[0:19],[0:19],[0:19],[12:14],[0:19],[0:19],[0:19],[0:19],[0:19],[6:11],1
[0:19],[0:19],[0:19],[0:19],[0:19],[0:19],[0:19],[0:19],[0:19],[0:19],[0:19],[0:19],[0:19],[7:11],[0:19],[0:19],[0:19],[0:19],[0:19],[6:11],0
[0:19],[0:19],[0:19],[0:19],[0:19],[0:19],[0:19],[0:19],[0:19],[0:19],[0:19],[0:19],[0:19],[7:11],[0:19],[0:19],[0:19],[0:19],[0:19],[6:11],0
[0:19],[0:19],[0:19],[0:19],[0:19],[0:19],[0:19],[0:19],[0:19],[0:19],[0:19],[0:19],[0:19],[7:11],[0:19],[0:19],[0:19],[0:19],[0:19],[6:11],0
[0:19],[0:19],[0:19],[0:19],[0:19],[0:19],[0:19],[0:19],[0:19],[0:19],[0:19],[0:19],[0:19],[7:11],[0:19],[0:19],[0:19],[0:19],[0:19],[6:11],1
[0:19],[0:19],[0:19],[0:19],[0:19],[0:19],[0:19],[0:19],[0:19],[0:19],[0:19],[0:19],[0:19],[7:11],[0:19],[0:19],[0:19],[0:19],[0:19],[6:11],0
[0:19],[0:19],[0:19],[0:19],[0:19],[0:19],[0:19],[0:19],[0:19],[0:19],[0:19],[0:19],[0:19],[0:6],[0:19],[0:19],[0:19],[0:19],[0:19],[12:15],0
[0:19],[0:19],[0:19],[0:19],[0:19],[0:19],[0:19],[0:19],[0:19],[0:19],[0:19],[0:19],[0:19],[7:11],[0:19],[0:19],[0:19],[0:19],[0:19],[3:5],0
[0:19],[0:19],[0:19],[0:19],[0:19],[0:19],[0:19],[0:19],[0:19],[0:19],[0:19],[0:19],[0:19],[7:11],[0:19],[0:19],[0:19],[0:19],[0:19],[6:11],0
[0:19],[0:19],[0:19],[0:19],[0:19],[0:19],[0:19],[0:19],[0:19],[0:19],[0:19],[0:19],[0:19],[12:14],[0:19],[0:19],[0:19],[0:19],[0:19],[6:11],0
[0:19],[0:19],[0:19],[0:19],[0:19],[0:19],[0:19],[0:19],[0:19],[0:19],[0:19],[0:19],[0:19],[7:11],[0:19],[0:19],[0:19],[0:19],[0:19],[6:11],0
[0:19],[0:19],[0:19],[0:19],[0:19],[0:19],[0:19],[0:19],[0:19],[0:19],[0:19],[0:19],[0:19],[12:14],[0:19],[0:19],[0:19],[0:19],[0:19],[12:15],0
[0:19],[0:19],[0:19],[0:19],[0:19],[0:19],[0:19],[0:19],[0:19],[0:19],[0:19],[0:19],[0:19],[12:14],[0:19],[0:19],[0:19],[0:19],[0:19],[6:11],1
[0:19],[0:19],[0:19],[0:19],[0:19],[0:19],[0:19],[0:19],[0:19],[0:19],[0:19],[0:19],[0:19],[7:11],[0:19],[0:19],[0:19],[0:19],[0:19],[6:11],1
[0:19],[0:19],[0:19],[0:19],[0:19],[0:19],[0:19],[0:19],[0:19],[0:19],[0:19],[0:19],[0:19],[7:11],[0:19],[0:19],[0:19],[0:19],[0:19],[6:11],0
[0:19],[0:19],[0:19],[0:19],[0:19],[0:19],[0:19],[0:19],[0:19],[0:19],[0:19],[0:19],[0:19],[12:14],[0:19],[0:19],[0:19],[0:19],[0:19],[6:11],1
[0:19],[0:19],[0:19],[0:19],[0:19],[0:19],[0:19],[0:19],[0:19],[0:19],[0:19],[0:19],[0:19],[7:11],[0:19],[0:19],[0:19],[0:19],[0:19],[6:11],0
[0:19],[0:19],[0:19],[0:19],[0:19],[0:19],[0:19],[0:19],[0:19],[0:19],[0:19],[0:19],[0:19],[7:11],[0:19],[0:19],[0:19],[0:19],[0:19],[6:11],1
[0:19],[0:19],[0:19],[0:19],[0:19],[0:19],[0:19],[0:19],[0:19],[0:19],[0:19],[0:19],[0:19],[15:19],[0:19],[0:19],[0:19],[0:19],[0:19],[6:11],0
[0:19],[0:19],[0:19],[0:19],[0:19],[0:19],[0:19],[0:19],[0:19],[0:19],[0:19],[0:19],[0:19],[7:11],[0:19],[0:19],[0:19],[0:19],[0:19],[12:15],0
[0:19],[0:19],[0:19],[0:19],[0:19],[0:19],[0:19],[0:19],[0:19],[0:19],[0:19],[0:19],[0:19],[7:11],[0:19],[0:19],[0:19],[0:19],[0:19],[6:11],0
[0:19],[0:19],[0:19],[0:19],[0:19],[0:19],[0:19],[0:19],[0:19],[0:19],[0:19],[0:19],[0:19],[12:14],[0:19],[0:19],[0:19],[0:19],[0:19],[12:15],0
[0:19],[0:19],[0:19],[0:19],[0:19],[0:19],[0:19],[0:19],[0:19],[0:19],[0:19],[0:19],[0:19],[12:14],[0:19],[0:19],[0:19],[0:19],[0:19],[6:11],0
[0:19],[0:19],[0:19],[0:19],[0:19],[0:19],[0:19],[0:19],[0:19],[0:19],[0:19],[0:19],[0:19],[7:11],[0:19],[0:19],[0:19],[0:19],[0:19],[6:11],0
[0:19],[0:19],[0:19],[0:19],[0:19],[0:19],[0:19],[0:19],[0:19],[0:19],[0:19],[0:19],[0:19],[7:11],[0:19],[0:19],[0:19],[0:19],[0:19],[6:11],0
[0:19],[0:19],[0:19],[0:19],[0:19],[0:19],[0:19],[0:19],[0:19],[0:19],[0:19],[0:19],[0:19],[12:14],[0:19],[0:19],[0:19],[0:19],[0:19],[6:11],0
[0:19],[0:19],[0:19],[0:19],[0:19],[0:19],[0:19],[0:19],[0:19],[0:19],[0:19],[0:19],[0:19],[7:11],[0:19],[0:19],[0:19],[0:19],[0:19],[6:11],0
[0:19],[0:19],[0:19],[0:19],[0:19],[0:19],[0:19],[0:19],[0:19],[0:19],[0:19],[0:19],[0:19],[7:11],[0:19],[0:19],[0:19],[0:19],[0:19],[6:11],1
[0:19],[0:19],[0:19],[0:19],[0:19],[0:19],[0:19],[0:19],[0:19],[0:19],[0:19],[0:19],[0:19],[7:11],[0:19],[0:19],[0:19],[0:19],[0:19],[12:15],1
[0:19],[0:19],[0:19],[0:19],[0:19],[0:19],[0:19],[0:19],[0:19],[0:19],[0:19],[0:19],[0:19],[7:11],[0:19],[0:19],[0:19],[0:19],[0:19],[6:11],1
[0:19],[0:19],[0:19],[0:19],[0:19],[0:19],[0:19],[0:19],[0:19],[0:19],[0:19],[0:19],[0:19],[7:11],[0:19],[0:19],[0:19],[0:19],[0:19],[6:11],0
[0:19],[0:19],[0:19],[0:19],[0:19],[0:19],[0:19],[0:19],[0:19],[0:19],[0:19],[0:19],[0:19],[7:11],[0:19],[0:19],[0:19],[0:19],[0:19],[6:11],0
[0:19],[0:19],[0:19],[0:19],[0:19],[0:19],[0:19],[0:19],[0:19],[0:19],[0:19],[0:19],[0:19],[7:11],[0:19],[0:19],[0:19],[0:19],[0:19],[6:11],1
[0:19],[0:19],[0:19],[0:19],[0:19],[0:19],[0:19],[0:19],[0:19],[0:19],[0:19],[0:19],[0:19],[7:11],[0:19],[0:19],[0:19],[0:19],[0:19],[6:11],1
[0:19],[0:19],[0:19],[0:19],[0:19],[0:19],[0:19],[0:19],[0:19],[0:19],[0:19],[0:19],[0:19],[7:11],[0:19],[0:19],[0:19],[0:19],[0:19],[6:11],1
[0:19],[0:19],[0:19],[0:19],[0:19],[0:19],[0:19],[0:19],[0:19],[0:19],[0:19],[0:19],[0:19],[7:11],[0:19],[0:19],[0:19],[0:19],[0:19],[6:11],1
[0:19],[0:19],[0:19],[0:19],[0:19],[0:19],[0:19],[0:19],[0:19],[0:19],[0:19],[0:19],[0:19],[7:11],[0:19],[0:19],[0:19],[0:19],[0:19],[12:15],0
[0:19],[0:19],[0:19],[0:19],[0:19],[0:19],[0:19],[0:19],[0:19],[0:19],[0:19],[0:19],[0:19],[7:11],[0:19],[0:19],[0:19],[0:19],[0:19],[6:11],1
[0:19],[0:19],[0:19],[0:19],[0:19],[0:19],[0:19],[0:19],[0:19],[0:19],[0:19],[0:19],[0:19],[0:6],[0:19],[0:19],[0:19],[0:19],[0:19],[12:15],0
[0:19],[0:19],[0:19],[0:19],[0:19],[0:19],[0:19],[0:19],[0:19],[0:19],[0:19],[0:19],[0:19],[7:11],[0:19],[0:19],[0:19],[0:19],[0:19],[6:11],1
[0:19],[0:19],[0:19],[0:19],[0:19],[0:19],[0:19],[0:19],[0:19],[0:19],[0:19],[0:19],[0:19],[15:19],[0:19],[0:19],[0:19],[0:19],[0:19],[6:11],0
[0:19],[0:19],[0:19],[0:19],[0:19],[0:19],[0:19],[0:19],[0:19],[0:19],[0:19],[0:19],[0:19],[7:11],[0:19],[0:19],[0:19],[0:19],[0:19],[12:15],1
[0:19],[0:19],[0:19],[0:19],[0:19],[0:19],[0:19],[0:19],[0:19],[0:19],[0:19],[0:19],[0:19],[7:11],[0:19],[0:19],[0:19],[0:19],[0:19],[6:11],1
[0:19],[0:19],[0:19],[0:19],[0:19],[0:19],[0:19],[0:19],[0:19],[0:19],[0:19],[0:19],[0:19],[0:6],[0:19],[0:19],[0:19],[0:19],[0:19],[6:11],0
[0:19],[0:19],[0:19],[0:19],[0:19],[0:19],[0:19],[0:19],[0:19],[0:19],[0:19],[0:19],[0:19],[7:11],[0:19],[0:19],[0:19],[0:19],[0:19],[6:11],0
[0:19],[0:19],[0:19],[0:19],[0:19],[0:19],[0:19],[0:19],[0:19],[0:19],[0:19],[0:19],[0:19],[12:14],[0:19],[0:19],[0:19],[0:19],[0:19],[6:11],1
[0:19],[0:19],[0:19],[0:19],[0:19],[0:19],[0:19],[0:19],[0:19],[0:19],[0:19],[0:19],[0:19],[7:11],[0:19],[0:19],[0:19],[0:19],[0:19],[6:11],1
[0:19],[0:19],[0:19],[0:19],[0:19],[0:19],[0:19],[0:19],[0:19],[0:19],[0:19],[0:19],[0:19],[7:11],[0:19],[0:19],[0:19],[0:19],[0:19],[3:5],0
[0:19],[0:19],[0:19],[0:19],[0:19],[0:19],[0:19],[0:19],[0:19],[0:19],[0:19],[0:19],[0:19],[7:11],[0:19],[0:19],[0:19],[0:19],[0:19],[3:5],0
[0:19],[0:19],[0:19],[0:19],[0:19],[0:19],[0:19],[0:19],[0:19],[0:19],[0:19],[0:19],[0:19],[12:14],[0:19],[0:19],[0:19],[0:19],[0:19],[6:11],0
[0:19],[0:19],[0:19],[0:19],[0:19],[0:19],[0:19],[0:19],[0:19],[0:19],[0:19],[0:19],[0:19],[7:11],[0:19],[0:19],[0:19],[0:19],[0:19],[6:11],0
[0:19],[0:19],[0:19],[0:19],[0:19],[0:19],[0:19],[0:19],[0:19],[0:19],[0:19],[0:19],[0:19],[7:11],[0:19],[0:19],[0:19],[0:19],[0:19],[6:11],1
[0:19],[0:19],[0:19],[0:19],[0:19],[0:19],[0:19],[0:19],[0:19],[0:19],[0:19],[0:19],[0:19],[12:14],[0:19],[0:19],[0:19],[0:19],[0:19],[6:11],1
[0:19],[0:19],[0:19],[0:19],[0:19],[0:19],[0:19],[0:19],[0:19],[0:19],[0:19],[0:19],[0:19],[7:11],[0:19],[0:19],[0:19],[0:19],[0:19],[6:11],1
[0:19],[0:19],[0:19],[0:19],[0:19],[0:19],[0:19],[0:19],[0:19],[0:19],[0:19],[0:19],[0:19],[0:6],[0:19],[0:19],[0:19],[0:19],[0:19],[3:5],0
[0:19],[0:19],[0:19],[0:19],[0:19],[0:19],[0:19],[0:19],[0:19],[0:19],[0:19],[0:19],[0:19],[7:11],[0:19],[0:19],[0:19],[0:19],[0:19],[6:11],1
[0:19],[0:19],[0:19],[0:19],[0:19],[0:19],[0:19],[0:19],[0:19],[0:19],[0:19],[0:19],[0:19],[7:11],[0:19],[0:19],[0:19],[0:19],[0:19],[6:11],1
[0:19],[0:19],[0:19],[0:19],[0:19],[0:19],[0:19],[0:19],[0:19],[0:19],[0:19],[0:19],[0:19],[0:6],[0:19],[0:19],[0:19],[0:19],[0:19],[6:11],0
[0:19],[0:19],[0:19],[0:19],[0:19],[0:19],[0:19],[0:19],[0:19],[0:19],[0:19],[0:19],[0:19],[7:11],[0:19],[0:19],[0:19],[0:19],[0:19],[6:11],1
[0:19],[0:19],[0:19],[0:19],[0:19],[0:19],[0:19],[0:19],[0:19],[0:19],[0:19],[0:19],[0:19],[12:14],[0:19],[0:19],[0:19],[0:19],[0:19],[6:11],0
[0:19],[0:19],[0:19],[0:19],[0:19],[0:19],[0:19],[0:19],[0:19],[0:19],[0:19],[0:19],[0:19],[7:11],[0:19],[0:19],[0:19],[0:19],[0:19],[12:15],0
[0:19],[0:19],[0:19],[0:19],[0:19],[0:19],[0:19],[0:19],[0:19],[0:19],[0:19],[0:19],[0:19],[7:11],[0:19],[0:19],[0:19],[0:19],[0:19],[6:11],1
[0:19],[0:19],[0:19],[0:19],[0:19],[0:19],[0:19],[0:19],[0:19],[0:19],[0:19],[0:19],[0:19],[0:6],[0:19],[0:19],[0:19],[0:19],[0:19],[6:11],0
[0:19],[0:19],[0:19],[0:19],[0:19],[0:19],[0:19],[0:19],[0:19],[0:19],[0:19],[0:19],[0:19],[7:11],[0:19],[0:19],[0:19],[0:19],[0:19],[6:11],1
[0:19],[0:19],[0:19],[0:19],[0:19],[0:19],[0:19],[0:19],[0:19],[0:19],[0:19],[0:19],[0:19],[12:14],[0:19],[0:19],[0:19],[0:19],[0:19],[6:11],1
[0:19],[0:19],[0:19],[0:19],[0:19],[0:19],[0:19],[0:19],[0:19],[0:19],[0:19],[0:19],[0:19],[12:14],[0:19],[0:19],[0:19],[0:19],[0:19],[6:11],0
[0:19],[0:19],[0:19],[0:19],[0:19],[0:19],[0:19],[0:19],[0:19],[0:19],[0:19],[0:19],[0:19],[7:11],[0:19],[0:19],[0:19],[0:19],[0:19],[6:11],1
[0:19],[0:19],[0:19],[0:19],[0:19],[0:19],[0:19],[0:19],[0:19],[0:19],[0:19],[0:19],[0:19],[7:11],[0:19],[0:19],[0:19],[0:19],[0:19],[6:11],1
[0:19],[0:19],[0:19],[0:19],[0:19],[0:19],[0:19],[0:19],[0:19],[0:19],[0:19],[0:19],[0:19],[7:11],[0:19],[0:19],[0:19],[0:19],[0:19],[6:11],0
[0:19],[0:19],[0:19],[0:19],[0:19],[0:19],[0:19],[0:19],[0:19],[0:19],[0:19],[0:19],[0:19],[7:11],[0:19],[0:19],[0:19],[0:19],[0:19],[6:11],1
[0:19],[0:19],[0:19],[0:19],[0:19],[0:19],[0:19],[0:19],[0:19],[0:19],[0:19],[0:19],[0:19],[7:11],[0:19],[0:19],[0:19],[0:19],[0:19],[3:5],0
[0:19],[0:19],[0:19],[0:19],[0:19],[0:19],[0:19],[0:19],[0:19],[0:19],[0:19],[0:19],[0:19],[7:11],[0:19],[0:19],[0:19],[0:19],[0:19],[6:11],0
[0:19],[0:19],[0:19],[0:19],[0:19],[0:19],[0:19],[0:19],[0:19],[0:19],[0:19],[0:19],[0:19],[7:11],[0:19],[0:19],[0:19],[0:19],[0:19],[6:11],1
[0:19],[0:19],[0:19],[0:19],[0:19],[0:19],[0:19],[0:19],[0:19],[0:19],[0:19],[0:19],[0:19],[7:11],[0:19],[0:19],[0:19],[0:19],[0:19],[6:11],1
[0:19],[0:19],[0:19],[0:19],[0:19],[0:19],[0:19],[0:19],[0:19],[0:19],[0:19],[0:19],[0:19],[7:11],[0:19],[0:19],[0:19],[0:19],[0:19],[6:11],1
[0:19],[0:19],[0:19],[0:19],[0:19],[0:19],[0:19],[0:19],[0:19],[0:19],[0:19],[0:19],[0:19],[7:11],[0:19],[0:19],[0:19],[0:19],[0:19],[6:11],1
[0:19],[0:19],[0:19],[0:19],[0:19],[0:19],[0:19],[0:19],[0:19],[0:19],[0:19],[0:19],[0:19],[7:11],[0:19],[0:19],[0:19],[0:19],[0:19],[6:11],0
[0:19],[0:19],[0:19],[0:19],[0:19],[0:19],[0:19],[0:19],[0:19],[0:19],[0:19],[0:19],[0:19],[7:11],[0:19],[0:19],[0:19],[0:19],[0:19],[6:11],1
[0:19],[0:19],[0:19],[0:19],[0:19],[0:19],[0:19],[0:19],[0:19],[0:19],[0:19],[0:19],[0:19],[7:11],[0:19],[0:19],[0:19],[0:19],[0:19],[6:11],1
[0:19],[0:19],[0:19],[0:19],[0:19],[0:19],[0:19],[0:19],[0:19],[0:19],[0:19],[0:19],[0:19],[7:11],[0:19],[0:19],[0:19],[0:19],[0:19],[6:11],0
[0:19],[0:19],[0:19],[0:19],[0:19],[0:19],[0:19],[0:19],[0:19],[0:19],[0:19],[0:19],[0:19],[7:11],[0:19],[0:19],[0:19],[0:19],[0:19],[6:11],1
[0:19],[0:19],[0:19],[0:19],[0:19],[0:19],[0:19],[0:19],[0:19],[0:19],[0:19],[0:19],[0:19],[7:11],[0:19],[0:19],[0:19],[0:19],[0:19],[6:11],0
[0:19],[0:19],[0:19],[0:19],[0:19],[0:19],[0:19],[0:19],[0:19],[0:19],[0:19],[0:19],[0:19],[7:11],[0:19],[0:19],[0:19],[0:19],[0:19],[6:11],0
[0:19],[0:19],[0:19],[0:19],[0:19],[0:19],[0:19],[0:19],[0:19],[0:19],[0:19],[0:19],[0:19],[7:11],[0:19],[0:19],[0:19],[0:19],[0:19],[6:11],0
[0:19],[0:19],[0:19],[0:19],[0:19],[0:19],[0:19],[0:19],[0:19],[0:19],[0:19],[0:19],[0:19],[7:11],[0:19],[0:19],[0:19],[0:19],[0:19],[12:15],1
[0:19],[0:19],[0:19],[0:19],[0:19],[0:19],[0:19],[0:19],[0:19],[0:19],[0:19],[0:19],[0:19],[7:11],[0:19],[0:19],[0:19],[0:19],[0:19],[12:15],0
[0:19],[0:19],[0:19],[0:19],[0:19],[0:19],[0:19],[0:19],[0:19],[0:19],[0:19],[0:19],[0:19],[7:11],[0:19],[0:19],[0:19],[0:19],[0:19],[6:11],0
[0:19],[0:19],[0:19],[0:19],[0:19],[0:19],[0:19],[0:19],[0:19],[0:19],[0:19],[0:19],[0:19],[12:14],[0:19],[0:19],[0:19],[0:19],[0:19],[12:15],0
[0:19],[0:19],[0:19],[0:19],[0:19],[0:19],[0:19],[0:19],[0:19],[0:19],[0:19],[0:19],[0:19],[7:11],[0:19],[0:19],[0:19],[0:19],[0:19],[6:11],1
[0:19],[0:19],[0:19],[0:19],[0:19],[0:19],[0:19],[0:19],[0:19],[0:19],[0:19],[0:19],[0:19],[7:11],[0:19],[0:19],[0:19],[0:19],[0:19],[6:11],0
[0:19],[0:19],[0:19],[0:19],[0:19],[0:19],[0:19],[0:19],[0:19],[0:19],[0:19],[0:19],[0:19],[7:11],[0:19],[0:19],[0:19],[0:19],[0:19],[3:5],0
[0:19],[0:19],[0:19],[0:19],[0:19],[0:19],[0:19],[0:19],[0:19],[0:19],[0:19],[0:19],[0:19],[12:14],[0:19],[0:19],[0:19],[0:19],[0:19],[6:11],0
[0:19],[0:19],[0:19],[0:19],[0:19],[0:19],[0:19],[0:19],[0:19],[0:19],[0:19],[0:19],[0:19],[7:11],[0:19],[0:19],[0:19],[0:19],[0:19],[6:11],1
[0:19],[0:19],[0:19],[0:19],[0:19],[0:19],[0:19],[0:19],[0:19],[0:19],[0:19],[0:19],[0:19],[7:11],[0:19],[0:19],[0:19],[0:19],[0:19],[6:11],1
[0:19],[0:19],[0:19],[0:19],[0:19],[0:19],[0:19],[0:19],[0:19],[0:19],[0:19],[0:19],[0:19],[12:14],[0:19],[0:19],[0:19],[0:19],[0:19],[6:11],1
[0:19],[0:19],[0:19],[0:19],[0:19],[0:19],[0:19],[0:19],[0:19],[0:19],[0:19],[0:19],[0:19],[7:11],[0:19],[0:19],[0:19],[0:19],[0:19],[6:11],1
[0:19],[0:19],[0:19],[0:19],[0:19],[0:19],[0:19],[0:19],[0:19],[0:19],[0:19],[0:19],[0:19],[12:14],[0:19],[0:19],[0:19],[0:19],[0:19],[6:11],1
[0:19],[0:19],[0:19],[0:19],[0:19],[0:19],[0:19],[0:19],[0:19],[0:19],[0:19],[0:19],[0:19],[7:11],[0:19],[0:19],[0:19],[0:19],[0:19],[6:11],0
[0:19],[0:19],[0:19],[0:19],[0:19],[0:19],[0:19],[0:19],[0:19],[0:19],[0:19],[0:19],[0:19],[7:11],[0:19],[0:19],[0:19],[0:19],[0:19],[6:11],1
[0:19],[0:19],[0:19],[0:19],[0:19],[0:19],[0:19],[0:19],[0:19],[0:19],[0:19],[0:19],[0:19],[7:11],[0:19],[0:19],[0:19],[0:19],[0:19],[6:11],0
[0:19],[0:19],[0:19],[0:19],[0:19],[0:19],[0:19],[0:19],[0:19],[0:19],[0:19],[0:19],[0:19],[7:11],[0:19],[0:19],[0:19],[0:19],[0:19],[6:11],1
[0:19],[0:19],[0:19],[0:19],[0:19],[0:19],[0:19],[0:19],[0:19],[0:19],[0:19],[0:19],[0:19],[7:11],[0:19],[0:19],[0:19],[0:19],[0:19],[6:11],1
[0:19],[0:19],[0:19],[0:19],[0:19],[0:19],[0:19],[0:19],[0:19],[0:19],[0:19],[0:19],[0:19],[7:11],[0:19],[0:19],[0:19],[0:19],[0:19],[6:11],0
[0:19],[0:19],[0:19],[0:19],[0:19],[0:19],[0:19],[0:19],[0:19],[0:19],[0:19],[0:19],[0:19],[7:11],[0:19],[0:19],[0:19],[0:19],[0:19],[6:11],0
[0:19],[0:19],[0:19],[0:19],[0:19],[0:19],[0:19],[0:19],[0:19],[0:19],[0:19],[0:19],[0:19],[7:11],[0:19],[0:19],[0:19],[0:19],[0:19],[6:11],0
[0:19],[0:19],[0:19],[0:19],[0:19],[0:19],[0:19],[0:19],[0:19],[0:19],[0:19],[0:19],[0:19],[7:11],[0:19],[0:19],[0:19],[0:19],[0:19],[12:15],0
[0:19],[0:19],[0:19],[0:19],[0:19],[0:19],[0:19],[0:19],[0:19],[0:19],[0:19],[0:19],[0:19],[7:11],[0:19],[0:19],[0:19],[0:19],[0:19],[6:11],1
[0:19],[0:19],[0:19],[0:19],[0:19],[0:19],[0:19],[0:19],[0:19],[0:19],[0:19],[0:19],[0:19],[7:11],[0:19],[0:19],[0:19],[0:19],[0:19],[6:11],0
[0:19],[0:19],[0:19],[0:19],[0:19],[0:19],[0:19],[0:19],[0:19],[0:19],[0:19],[0:19],[0:19],[7:11],[0:19],[0:19],[0:19],[0:19],[0:19],[3:5],0
[0:19],[0:19],[0:19],[0:19],[0:19],[0:19],[0:19],[0:19],[0:19],[0:19],[0:19],[0:19],[0:19],[0:6],[0:19],[0:19],[0:19],[0:19],[0:19],[6:11],0
[0:19],[0:19],[0:19],[0:19],[0:19],[0:19],[0:19],[0:19],[0:19],[0:19],[0:19],[0:19],[0:19],[7:11],[0:19],[0:19],[0:19],[0:19],[0:19],[6:11],1
[0:19],[0:19],[0:19],[0:19],[0:19],[0:19],[0:19],[0:19],[0:19],[0:19],[0:19],[0:19],[0:19],[7:11],[0:19],[0:19],[0:19],[0:19],[0:19],[6:11],1
[0:19],[0:19],[0:19],[0:19],[0:19],[0:19],[0:19],[0:19],[0:19],[0:19],[0:19],[0:19],[0:19],[7:11],[0:19],[0:19],[0:19],[0:19],[0:19],[6:11],1
[0:19],[0:19],[0:19],[0:19],[0:19],[0:19],[0:19],[0:19],[0:19],[0:19],[0:19],[0:19],[0:19],[7:11],[0:19],[0:19],[0:19],[0:19],[0:19],[6:11],0
[0:19],[0:19],[0:19],[0:19],[0:19],[0:19],[0:19],[0:19],[0:19],[0:19],[0:19],[0:19],[0:19],[7:11],[0:19],[0:19],[0:19],[0:19],[0:19],[6:11],0
[0:19],[0:19],[0:19],[0:19],[0:19],[0:19],[0:19],[0:19],[0:19],[0:19],[0:19],[0:19],[0:19],[7:11],[0:19],[0:19],[0:19],[0:19],[0:19],[6:11],0
[0:19],[0:19],[0:19],[0:19],[0:19],[0:19],[0:19],[0:19],[0:19],[0:19],[0:19],[0:19],[0:19],[7:11],[0:19],[0:19],[0:19],[0:19],[0:19],[6:11],1
[0:19],[0:19],[0:19],[0:19],[0:19],[0:19],[0:19],[0:19],[0:19],[0:19],[0:19],[0:19],[0:19],[7:11],[0:19],[0:19],[0:19],[0:19],[0:19],[12:15],1
[0:19],[0:19],[0:19],[0:19],[0:19],[0:19],[0:19],[0:19],[0:19],[0:19],[0:19],[0:19],[0:19],[12:14],[0:19],[0:19],[0:19],[0:19],[0:19],[6:11],1
[0:19],[0:19],[0:19],[0:19],[0:19],[0:19],[0:19],[0:19],[0:19],[0:19],[0:19],[0:19],[0:19],[7:11],[0:19],[0:19],[0:19],[0:19],[0:19],[6:11],1
[0:19],[0:19],[0:19],[0:19],[0:19],[0:19],[0:19],[0:19],[0:19],[0:19],[0:19],[0:19],[0:19],[7:11],[0:19],[0:19],[0:19],[0:19],[0:19],[6:11],0
[0:19],[0:19],[0:19],[0:19],[0:19],[0:19],[0:19],[0:19],[0:19],[0:19],[0:19],[0:19],[0:19],[0:6],[0:19],[0:19],[0:19],[0:19],[0:19],[12:15],0
[0:19],[0:19],[0:19],[0:19],[0:19],[0:19],[0:19],[0:19],[0:19],[0:19],[0:19],[0:19],[0:19],[7:11],[0:19],[0:19],[0:19],[0:19],[0:19],[6:11],0
[0:19],[0:19],[0:19],[0:19],[0:19],[0:19],[0:19],[0:19],[0:19],[0:19],[0:19],[0:19],[0:19],[7:11],[0:19],[0:19],[0:19],[0:19],[0:19],[6:11],1
[0:19],[0:19],[0:19],[0:19],[0:19],[0:19],[0:19],[0:19],[0:19],[0:19],[0:19],[0:19],[0:19],[7:11],[0:19],[0:19],[0:19],[0:19],[0:19],[6:11],1
[0:19],[0:19],[0:19],[0:19],[0:19],[0:19],[0:19],[0:19],[0:19],[0:19],[0:19],[0:19],[0:19],[7:11],[0:19],[0:19],[0:19],[0:19],[0:19],[6:11],1
[0:19],[0:19],[0:19],[0:19],[0:19],[0:19],[0:19],[0:19],[0:19],[0:19],[0:19],[0:19],[0:19],[7:11],[0:19],[0:19],[0:19],[0:19],[0:19],[6:11],1
[0:19],[0:19],[0:19],[0:19],[0:19],[0:19],[0:19],[0:19],[0:19],[0:19],[0:19],[0:19],[0:19],[7:11],[0:19],[0:19],[0:19],[0:19],[0:19],[6:11],1
[0:19],[0:19],[0:19],[0:19],[0:19],[0:19],[0:19],[0:19],[0:19],[0:19],[0:19],[0:19],[0:19],[7:11],[0:19],[0:19],[0:19],[0:19],[0:19],[6:11],0
[0:19],[0:19],[0:19],[0:19],[0:19],[0:19],[0:19],[0:19],[0:19],[0:19],[0:19],[0:19],[0:19],[7:11],[0:19],[0:19],[0:19],[0:19],[0:19],[6:11],1
[0:19],[0:19],[0:19],[0:19],[0:19],[0:19],[0:19],[0:19],[0:19],[0:19],[0:19],[0:19],[0:19],[7:11],[0:19],[0:19],[0:19],[0:19],[0:19],[16:19],0
[0:19],[0:19],[0:19],[0:19],[0:19],[0:19],[0:19],[0:19],[0:19],[0:19],[0:19],[0:19],[0:19],[7:11],[0:19],[0:19],[0:19],[0:19],[0:19],[6:11],0
[0:19],[0:19],[0:19],[0:19],[0:19],[0:19],[0:19],[0:19],[0:19],[0:19],[0:19],[0:19],[0:19],[7:11],[0:19],[0:19],[0:19],[0:19],[0:19],[6:11],0
[0:19],[0:19],[0:19],[0:19],[0:19],[0:19],[0:19],[0:19],[0:19],[0:19],[0:19],[0:19],[0:19],[7:11],[0:19],[0:19],[0:19],[0:19],[0:19],[6:11],0
[0:19],[0:19],[0:19],[0:19],[0:19],[0:19],[0:19],[0:19],[0:19],[0:19],[0:19],[0:19],[0:19],[12:14],[0:19],[0:19],[0:19],[0:19],[0:19],[6:11],0
[0:19],[0:19],[0:19],[0:19],[0:19],[0:19],[0:19],[0:19],[0:19],[0:19],[0:19],[0:19],[0:19],[7:11],[0:19],[0:19],[0:19],[0:19],[0:19],[0:2],0
[0:19],[0:19],[0:19],[0:19],[0:19],[0:19],[0:19],[0:19],[0:19],[0:19],[0:19],[0:19],[0:19],[7:11],[0:19],[0:19],[0:19],[0:19],[0:19],[6:11],0
[0:19],[0:19],[0:19],[0:19],[0:19],[0:19],[0:19],[0:19],[0:19],[0:19],[0:19],[0:19],[0:19],[7:11],[0:19],[0:19],[0:19],[0:19],[0:19],[6:11],0
[0:19],[0:19],[0:19],[0:19],[0:19],[0:19],[0:19],[0:19],[0:19],[0:19],[0:19],[0:19],[0:19],[12:14],[0:19],[0:19],[0:19],[0:19],[0:19],[6:11],0
[0:19],[0:19],[0:19],[0:19],[0:19],[0:19],[0:19],[0:19],[0:19],[0:19],[0:19],[0:19],[0:19],[7:11],[0:19],[0:19],[0:19],[0:19],[0:19],[6:11],1
[0:19],[0:19],[0:19],[0:19],[0:19],[0:19],[0:19],[0:19],[0:19],[0:19],[0:19],[0:19],[0:19],[7:11],[0:19],[0:19],[0:19],[0:19],[0:19],[6:11],0
[0:19],[0:19],[0:19],[0:19],[0:19],[0:19],[0:19],[0:19],[0:19],[0:19],[0:19],[0:19],[0:19],[0:6],[0:19],[0:19],[0:19],[0:19],[0:19],[6:11],0
[0:19],[0:19],[0:19],[0:19],[0:19],[0:19],[0:19],[0:19],[0:19],[0:19],[0:19],[0:19],[0:19],[12:14],[0:19],[0:19],[0:19],[0:19],[0:19],[6:11],0
[0:19],[0:19],[0:19],[0:19],[0:19],[0:19],[0:19],[0:19],[0:19],[0:19],[0:19],[0:19],[0:19],[7:11],[0:19],[0:19],[0:19],[0:19],[0:19],[6:11],0
[0:19],[0:19],[0:19],[0:19],[0:19],[0:19],[0:19],[0:19],[0:19],[0:19],[0:19],[0:19],[0:19],[7:11],[0:19],[0:19],[0:19],[0:19],[0:19],[6:11],0
[0:19],[0:19],[0:19],[0:19],[0:19],[0:19],[0:19],[0:19],[0:19],[0:19],[0:19],[0:19],[0:19],[7:11],[0:19],[0:19],[0:19],[0:19],[0:19],[6:11],0
[0:19],[0:19],[0:19],[0:19],[0:19],[0:19],[0:19],[0:19],[0:19],[0:19],[0:19],[0:19],[0:19],[12:14],[0:19],[0:19],[0:19],[0:19],[0:19],[6:11],1
[0:19],[0:19],[0:19],[0:19],[0:19],[0:19],[0:19],[0:19],[0:19],[0:19],[0:19],[0:19],[0:19],[12:14],[0:19],[0:19],[0:19],[0:19],[0:19],[6:11],1
[0:19],[0:19],[0:19],[0:19],[0:19],[0:19],[0:19],[0:19],[0:19],[0:19],[0:19],[0:19],[0:19],[12:14],[0:19],[0:19],[0:19],[0:19],[0:19],[6:11],1
[0:19],[0:19],[0:19],[0:19],[0:19],[0:19],[0:19],[0:19],[0:19],[0:19],[0:19],[0:19],[0:19],[7:11],[0:19],[0:19],[0:19],[0:19],[0:19],[6:11],0
[0:19],[0:19],[0:19],[0:19],[0:19],[0:19],[0:19],[0:19],[0:19],[0:19],[0:19],[0:19],[0:19],[12:14],[0:19],[0:19],[0:19],[0:19],[0:19],[6:11],0
[0:19],[0:19],[0:19],[0:19],[0:19],[0:19],[0:19],[0:19],[0:19],[0:19],[0:19],[0:19],[0:19],[12:14],[0:19],[0:19],[0:19],[0:19],[0:19],[6:11],0
[0:19],[0:19],[0:19],[0:19],[0:19],[0:19],[0:19],[0:19],[0:19],[0:19],[0:19],[0:19],[0:19],[7:11],[0:19],[0:19],[0:19],[0:19],[0:19],[6:11],1
[0:19],[0:19],[0:19],[0:19],[0:19],[0:19],[0:19],[0:19],[0:19],[0:19],[0:19],[0:19],[0:19],[7:11],[0:19],[0:19],[0:19],[0:19],[0:19],[6:11],1
[0:19],[0:19],[0:19],[0:19],[0:19],[0:19],[0:19],[0:19],[0:19],[0:19],[0:19],[0:19],[0:19],[7:11],[0:19],[0:19],[0:19],[0:19],[0:19],[6:11],1
[0:19],[0:19],[0:19],[0:19],[0:19],[0:19],[0:19],[0:19],[0:19],[0:19],[0:19],[0:19],[0:19],[12:14],[0:19],[0:19],[0:19],[0:19],[0:19],[6:11],0
[0:19],[0:19],[0:19],[0:19],[0:19],[0:19],[0:19],[0:19],[0:19],[0:19],[0:19],[0:19],[0:19],[7:11],[0:19],[0:19],[0:19],[0:19],[0:19],[6:11],1
[0:19],[0:19],[0:19],[0:19],[0:19],[0:19],[0:19],[0:19],[0:19],[0:19],[0:19],[0:19],[0:19],[12:14],[0:19],[0:19],[0:19],[0:19],[0:19],[6:11],1
[0:19],[0:19],[0:19],[0:19],[0:19],[0:19],[0:19],[0:19],[0:19],[0:19],[0:19],[0:19],[0:19],[0:6],[0:19],[0:19],[0:19],[0:19],[0:19],[6:11],0
[0:19],[0:19],[0:19],[0:19],[0:19],[0:19],[0:19],[0:19],[0:19],[0:19],[0:19],[0:19],[0:19],[7:11],[0:19],[0:19],[0:19],[0:19],[0:19],[12:15],0
[0:19],[0:19],[0:19],[0:19],[0:19],[0:19],[0:19],[0:19],[0:19],[0:19],[0:19],[0:19],[0:19],[7:11],[0:19],[0:19],[0:19],[0:19],[0:19],[6:11],0
[0:19],[0:19],[0:19],[0:19],[0:19],[0:19],[0:19],[0:19],[0:19],[0:19],[0:19],[0:19],[0:19],[7:11],[0:19],[0:19],[0:19],[0:19],[0:19],[6:11],1
[0:19],[0:19],[0:19],[0:19],[0:19],[0:19],[0:19],[0:19],[0:19],[0:19],[0:19],[0:19],[0:19],[7:11],[0:19],[0:19],[0:19],[0:19],[0:19],[12:15],0
[0:19],[0:19],[0:19],[0:19],[0:19],[0:19],[0:19],[0:19],[0:19],[0:19],[0:19],[0:19],[0:19],[7:11],[0:19],[0:19],[0:19],[0:19],[0:19],[6:11],1
[0:19],[0:19],[0:19],[0:19],[0:19],[0:19],[0:19],[0:19],[0:19],[0:19],[0:19],[0:19],[0:19],[7:11],[0:19],[0:19],[0:19],[0:19],[0:19],[6:11],1
[0:19],[0:19],[0:19],[0:19],[0:19],[0:19],[0:19],[0:19],[0:19],[0:19],[0:19],[0:19],[0:19],[7:11],[0:19],[0:19],[0:19],[0:19],[0:19],[6:11],1
[0:19],[0:19],[0:19],[0:19],[0:19],[0:19],[0:19],[0:19],[0:19],[0:19],[0:19],[0:19],[0:19],[7:11],[0:19],[0:19],[0:19],[0:19],[0:19],[6:11],1
[0:19],[0:19],[0:19],[0:19],[0:19],[0:19],[0:19],[0:19],[0:19],[0:19],[0:19],[0:19],[0:19],[7:11],[0:19],[0:19],[0:19],[0:19],[0:19],[6:11],1
[0:19],[0:19],[0:19],[0:19],[0:19],[0:19],[0:19],[0:19],[0:19],[0:19],[0:19],[0:19],[0:19],[7:11],[0:19],[0:19],[0:19],[0:19],[0:19],[12:15],0
[0:19],[0:19],[0:19],[0:19],[0:19],[0:19],[0:19],[0:19],[0:19],[0:19],[0:19],[0:19],[0:19],[0:6],[0:19],[0:19],[0:19],[0:19],[0:19],[12:15],0
[0:19],[0:19],[0:19],[0:19],[0:19],[0:19],[0:19],[0:19],[0:19],[0:19],[0:19],[0:19],[0:19],[7:11],[0:19],[0:19],[0:19],[0:19],[0:19],[12:15],0
[0:19],[0:19],[0:19],[0:19],[0:19],[0:19],[0:19],[0:19],[0:19],[0:19],[0:19],[0:19],[0:19],[7:11],[0:19],[0:19],[0:19],[0:19],[0:19],[3:5],0
[0:19],[0:19],[0:19],[0:19],[0:19],[0:19],[0:19],[0:19],[0:19],[0:19],[0:19],[0:19],[0:19],[7:11],[0:19],[0:19],[0:19],[0:19],[0:19],[6:11],1
[0:19],[0:19],[0:19],[0:19],[0:19],[0:19],[0:19],[0:19],[0:19],[0:19],[0:19],[0:19],[0:19],[7:11],[0:19],[0:19],[0:19],[0:19],[0:19],[6:11],1
[0:19],[0:19],[0:19],[0:19],[0:19],[0:19],[0:19],[0:19],[0:19],[0:19],[0:19],[0:19],[0:19],[7:11],[0:19],[0:19],[0:19],[0:19],[0:19],[6:11],0
[0:19],[0:19],[0:19],[0:19],[0:19],[0:19],[0:19],[0:19],[0:19],[0:19],[0:19],[0:19],[0:19],[12:14],[0:19],[0:19],[0:19],[0:19],[0:19],[12:15],1
[0:19],[0:19],[0:19],[0:19],[0:19],[0:19],[0:19],[0:19],[0:19],[0:19],[0:19],[0:19],[0:19],[7:11],[0:19],[0:19],[0:19],[0:19],[0:19],[6:11],0
[0:19],[0:19],[0:19],[0:19],[0:19],[0:19],[0:19],[0:19],[0:19],[0:19],[0:19],[0:19],[0:19],[7:11],[0:19],[0:19],[0:19],[0:19],[0:19],[6:11],1
[0:19],[0:19],[0:19],[0:19],[0:19],[0:19],[0:19],[0:19],[0:19],[0:19],[0:19],[0:19],[0:19],[7:11],[0:19],[0:19],[0:19],[0:19],[0:19],[6:11],1
[0:19],[0:19],[0:19],[0:19],[0:19],[0:19],[0:19],[0:19],[0:19],[0:19],[0:19],[0:19],[0:19],[7:11],[0:19],[0:19],[0:19],[0:19],[0:19],[12:15],0
[0:19],[0:19],[0:19],[0:19],[0:19],[0:19],[0:19],[0:19],[0:19],[0:19],[0:19],[0:19],[0:19],[7:11],[0:19],[0:19],[0:19],[0:19],[0:19],[6:11],1
[0:19],[0:19],[0:19],[0:19],[0:19],[0:19],[0:19],[0:19],[0:19],[0:19],[0:19],[0:19],[0:19],[7:11],[0:19],[0:19],[0:19],[0:19],[0:19],[6:11],1
[0:19],[0:19],[0:19],[0:19],[0:19],[0:19],[0:19],[0:19],[0:19],[0:19],[0:19],[0:19],[0:19],[12:14],[0:19],[0:19],[0:19],[0:19],[0:19],[6:11],0
[0:19],[0:19],[0:19],[0:19],[0:19],[0:19],[0:19],[0:19],[0:19],[0:19],[0:19],[0:19],[0:19],[7:11],[0:19],[0:19],[0:19],[0:19],[0:19],[6:11],1
[0:19],[0:19],[0:19],[0:19],[0:19],[0:19],[0:19],[0:19],[0:19],[0:19],[0:19],[0:19],[0:19],[7:11],[0:19],[0:19],[0:19],[0:19],[0:19],[6:11],1
[0:19],[0:19],[0:19],[0:19],[0:19],[0:19],[0:19],[0:19],[0:19],[0:19],[0:19],[0:19],[0:19],[7:11],[0:19],[0:19],[0:19],[0:19],[0:19],[6:11],0
[0:19],[0:19],[0:19],[0:19],[0:19],[0:19],[0:19],[0:19],[0:19],[0:19],[0:19],[0:19],[0:19],[12:14],[0:19],[0:19],[0:19],[0:19],[0:19],[3:5],0
[0:19],[0:19],[0:19],[0:19],[0:19],[0:19],[0:19],[0:19],[0:19],[0:19],[0:19],[0:19],[0:19],[7:11],[0:19],[0:19],[0:19],[0:19],[0:19],[6:11],1
[0:19],[0:19],[0:19],[0:19],[0:19],[0:19],[0:19],[0:19],[0:19],[0:19],[0:19],[0:19],[0:19],[7:11],[0:19],[0:19],[0:19],[0:19],[0:19],[6:11],1
[0:19],[0:19],[0:19],[0:19],[0:19],[0:19],[0:19],[0:19],[0:19],[0:19],[0:19],[0:19],[0:19],[7:11],[0:19],[0:19],[0:19],[0:19],[0:19],[6:11],0
[0:19],[0:19],[0:19],[0:19],[0:19],[0:19],[0:19],[0:19],[0:19],[0:19],[0:19],[0:19],[0:19],[7:11],[0:19],[0:19],[0:19],[0:19],[0:19],[6:11],1
[0:19],[0:19],[0:19],[0:19],[0:19],[0:19],[0:19],[0:19],[0:19],[0:19],[0:19],[0:19],[0:19],[7:11],[0:19],[0:19],[0:19],[0:19],[0:19],[6:11],0
[0:19],[0:19],[0:19],[0:19],[0:19],[0:19],[0:19],[0:19],[0:19],[0:19],[0:19],[0:19],[0:19],[12:14],[0:19],[0:19],[0:19],[0:19],[0:19],[3:5],0
[0:19],[0:19],[0:19],[0:19],[0:19],[0:19],[0:19],[0:19],[0:19],[0:19],[0:19],[0:19],[0:19],[7:11],[0:19],[0:19],[0:19],[0:19],[0:19],[6:11],1
[0:19],[0:19],[0:19],[0:19],[0:19],[0:19],[0:19],[0:19],[0:19],[0:19],[0:19],[0:19],[0:19],[7:11],[0:19],[0:19],[0:19],[0:19],[0:19],[6:11],1
[0:19],[0:19],[0:19],[0:19],[0:19],[0:19],[0:19],[0:19],[0:19],[0:19],[0:19],[0:19],[0:19],[7:11],[0:19],[0:19],[0:19],[0:19],[0:19],[6:11],1
[0:19],[0:19],[0:19],[0:19],[0:19],[0:19],[0:19],[0:19],[0:19],[0:19],[0:19],[0:19],[0:19],[7:11],[0:19],[0:19],[0:19],[0:19],[0:19],[3:5],0
[0:19],[0:19],[0:19],[0:19],[0:19],[0:19],[0:19],[0:19],[0:19],[0:19],[0:19],[0:19],[0:19],[7:11],[0:19],[0:19],[0:19],[0:19],[0:19],[6:11],0
[0:19],[0:19],[0:19],[0:19],[0:19],[0:19],[0:19],[0:19],[0:19],[0:19],[0:19],[0:19],[0:19],[0:6],[0:19],[0:19],[0:19],[0:19],[0:19],[6:11],0
[0:19],[0:19],[0:19],[0:19],[0:19],[0:19],[0:19],[0:19],[0:19],[0:19],[0:19],[0:19],[0:19],[7:11],[0:19],[0:19],[0:19],[0:19],[0:19],[6:11],1
[0:19],[0:19],[0:19],[0:19],[0:19],[0:19],[0:19],[0:19],[0:19],[0:19],[0:19],[0:19],[0:19],[7:11],[0:19],[0:19],[0:19],[0:19],[0:19],[12:15],1
[0:19],[0:19],[0:19],[0:19],[0:19],[0:19],[0:19],[0:19],[0:19],[0:19],[0:19],[0:19],[0:19],[7:11],[0:19],[0:19],[0:19],[0:19],[0:19],[6:11],0
[0:19],[0:19],[0:19],[0:19],[0:19],[0:19],[0:19],[0:19],[0:19],[0:19],[0:19],[0:19],[0:19],[7:11],[0:19],[0:19],[0:19],[0:19],[0:19],[6:11],1
[0:19],[0:19],[0:19],[0:19],[0:19],[0:19],[0:19],[0:19],[0:19],[0:19],[0:19],[0:19],[0:19],[7:11],[0:19],[0:19],[0:19],[0:19],[0:19],[6:11],1
[0:19],[0:19],[0:19],[0:19],[0:19],[0:19],[0:19],[0:19],[0:19],[0:19],[0:19],[0:19],[0:19],[12:14],[0:19],[0:19],[0:19],[0:19],[0:19],[6:11],0
[0:19],[0:19],[0:19],[0:19],[0:19],[0:19],[0:19],[0:19],[0:19],[0:19],[0:19],[0:19],[0:19],[7:11],[0:19],[0:19],[0:19],[0:19],[0:19],[6:11],0
[0:19],[0:19],[0:19],[0:19],[0:19],[0:19],[0:19],[0:19],[0:19],[0:19],[0:19],[0:19],[0:19],[7:11],[0:19],[0:19],[0:19],[0:19],[0:19],[6:11],1
[0:19],[0:19],[0:19],[0:19],[0:19],[0:19],[0:19],[0:19],[0:19],[0:19],[0:19],[0:19],[0:19],[7:11],[0:19],[0:19],[0:19],[0:19],[0:19],[6:11],1
[0:19],[0:19],[0:19],[0:19],[0:19],[0:19],[0:19],[0:19],[0:19],[0:19],[0:19],[0:19],[0:19],[7:11],[0:19],[0:19],[0:19],[0:19],[0:19],[6:11],1
[0:19],[0:19],[0:19],[0:19],[0:19],[0:19],[0:19],[0:19],[0:19],[0:19],[0:19],[0:19],[0:19],[7:11],[0:19],[0:19],[0:19],[0:19],[0:19],[6:11],1
[0:19],[0:19],[0:19],[0:19],[0:19],[0:19],[0:19],[0:19],[0:19],[0:19],[0:19],[0:19],[0:19],[0:6],[0:19],[0:19],[0:19],[0:19],[0:19],[16:19],0
[0:19],[0:19],[0:19],[0:19],[0:19],[0:19],[0:19],[0:19],[0:19],[0:19],[0:19],[0:19],[0:19],[7:11],[0:19],[0:19],[0:19],[0:19],[0:19],[3:5],0
[0:19],[0:19],[0:19],[0:19],[0:19],[0:19],[0:19],[0:19],[0:19],[0:19],[0:19],[0:19],[0:19],[7:11],[0:19],[0:19],[0:19],[0:19],[0:19],[6:11],1
[0:19],[0:19],[0:19],[0:19],[0:19],[0:19],[0:19],[0:19],[0:19],[0:19],[0:19],[0:19],[0:19],[7:11],[0:19],[0:19],[0:19],[0:19],[0:19],[6:11],1
[0:19],[0:19],[0:19],[0:19],[0:19],[0:19],[0:19],[0:19],[0:19],[0:19],[0:19],[0:19],[0:19],[12:14],[0:19],[0:19],[0:19],[0:19],[0:19],[6:11],1
[0:19],[0:19],[0:19],[0:19],[0:19],[0:19],[0:19],[0:19],[0:19],[0:19],[0:19],[0:19],[0:19],[7:11],[0:19],[0:19],[0:19],[0:19],[0:19],[6:11],1
[0:19],[0:19],[0:19],[0:19],[0:19],[0:19],[0:19],[0:19],[0:19],[0:19],[0:19],[0:19],[0:19],[7:11],[0:19],[0:19],[0:19],[0:19],[0:19],[6:11],1
[0:19],[0:19],[0:19],[0:19],[0:19],[0:19],[0:19],[0:19],[0:19],[0:19],[0:19],[0:19],[0:19],[7:11],[0:19],[0:19],[0:19],[0:19],[0:19],[6:11],1
[0:19],[0:19],[0:19],[0:19],[0:19],[0:19],[0:19],[0:19],[0:19],[0:19],[0:19],[0:19],[0:19],[12:14],[0:19],[0:19],[0:19],[0:19],[0:19],[6:11],1
[0:19],[0:19],[0:19],[0:19],[0:19],[0:19],[0:19],[0:19],[0:19],[0:19],[0:19],[0:19],[0:19],[7:11],[0:19],[0:19],[0:19],[0:19],[0:19],[6:11],1
[0:19],[0:19],[0:19],[0:19],[0:19],[0:19],[0:19],[0:19],[0:19],[0:19],[0:19],[0:19],[0:19],[7:11],[0:19],[0:19],[0:19],[0:19],[0:19],[6:11],1
[0:19],[0:19],[0:19],[0:19],[0:19],[0:19],[0:19],[0:19],[0:19],[0:19],[0:19],[0:19],[0:19],[7:11],[0:19],[0:19],[0:19],[0:19],[0:19],[0:2],0
[0:19],[0:19],[0:19],[0:19],[0:19],[0:19],[0:19],[0:19],[0:19],[0:19],[0:19],[0:19],[0:19],[7:11],[0:19],[0:19],[0:19],[0:19],[0:19],[6:11],1
[0:19],[0:19],[0:19],[0:19],[0:19],[0:19],[0:19],[0:19],[0:19],[0:19],[0:19],[0:19],[0:19],[12:14],[0:19],[0:19],[0:19],[0:19],[0:19],[6:11],0
[0:19],[0:19],[0:19],[0:19],[0:19],[0:19],[0:19],[0:19],[0:19],[0:19],[0:19],[0:19],[0:19],[7:11],[0:19],[0:19],[0:19],[0:19],[0:19],[6:11],0
[0:19],[0:19],[0:19],[0:19],[0:19],[0:19],[0:19],[0:19],[0:19],[0:19],[0:19],[0:19],[0:19],[7:11],[0:19],[0:19],[0:19],[0:19],[0:19],[12:15],1
[0:19],[0:19],[0:19],[0:19],[0:19],[0:19],[0:19],[0:19],[0:19],[0:19],[0:19],[0:19],[0:19],[7:11],[0:19],[0:19],[0:19],[0:19],[0:19],[6:11],1
[0:19],[0:19],[0:19],[0:19],[0:19],[0:19],[0:19],[0:19],[0:19],[0:19],[0:19],[0:19],[0:19],[7:11],[0:19],[0:19],[0:19],[0:19],[0:19],[6:11],1
[0:19],[0:19],[0:19],[0:19],[0:19],[0:19],[0:19],[0:19],[0:19],[0:19],[0:19],[0:19],[0:19],[15:19],[0:19],[0:19],[0:19],[0:19],[0:19],[6:11],0
[0:19],[0:19],[0:19],[0:19],[0:19],[0:19],[0:19],[0:19],[0:19],[0:19],[0:19],[0:19],[0:19],[7:11],[0:19],[0:19],[0:19],[0:19],[0:19],[6:11],1
[0:19],[0:19],[0:19],[0:19],[0:19],[0:19],[0:19],[0:19],[0:19],[0:19],[0:19],[0:19],[0:19],[12:14],[0:19],[0:19],[0:19],[0:19],[0:19],[6:11],1
[0:19],[0:19],[0:19],[0:19],[0:19],[0:19],[0:19],[0:19],[0:19],[0:19],[0:19],[0:19],[0:19],[7:11],[0:19],[0:19],[0:19],[0:19],[0:19],[6:11],1
[0:19],[0:19],[0:19],[0:19],[0:19],[0:19],[0:19],[0:19],[0:19],[0:19],[0:19],[0:19],[0:19],[7:11],[0:19],[0:19],[0:19],[0:19],[0:19],[6:11],0
[0:19],[0:19],[0:19],[0:19],[0:19],[0:19],[0:19],[0:19],[0:19],[0:19],[0:19],[0:19],[0:19],[7:11],[0:19],[0:19],[0:19],[0:19],[0:19],[6:11],1
[0:19],[0:19],[0:19],[0:19],[0:19],[0:19],[0:19],[0:19],[0:19],[0:19],[0:19],[0:19],[0:19],[7:11],[0:19],[0:19],[0:19],[0:19],[0:19],[6:11],0
[0:19],[0:19],[0:19],[0:19],[0:19],[0:19],[0:19],[0:19],[0:19],[0:19],[0:19],[0:19],[0:19],[15:19],[0:19],[0:19],[0:19],[0:19],[0:19],[6:11],0
[0:19],[0:19],[0:19],[0:19],[0:19],[0:19],[0:19],[0:19],[0:19],[0:19],[0:19],[0:19],[0:19],[7:11],[0:19],[0:19],[0:19],[0:19],[0:19],[6:11],1
[0:19],[0:19],[0:19],[0:19],[0:19],[0:19],[0:19],[0:19],[0:19],[0:19],[0:19],[0:19],[0:19],[7:11],[0:19],[0:19],[0:19],[0:19],[0:19],[6:11],0
[0:19],[0:19],[0:19],[0:19],[0:19],[0:19],[0:19],[0:19],[0:19],[0:19],[0:19],[0:19],[0:19],[7:11],[0:19],[0:19],[0:19],[0:19],[0:19],[6:11],1
[0:19],[0:19],[0:19],[0:19],[0:19],[0:19],[0:19],[0:19],[0:19],[0:19],[0:19],[0:19],[0:19],[7:11],[0:19],[0:19],[0:19],[0:19],[0:19],[6:11],1
[0:19],[0:19],[0:19],[0:19],[0:19],[0:19],[0:19],[0:19],[0:19],[0:19],[0:19],[0:19],[0:19],[7:11],[0:19],[0:19],[0:19],[0:19],[0:19],[6:11],0
[0:19],[0:19],[0:19],[0:19],[0:19],[0:19],[0:19],[0:19],[0:19],[0:19],[0:19],[0:19],[0:19],[12:14],[0:19],[0:19],[0:19],[0:19],[0:19],[6:11],0
[0:19],[0:19],[0:19],[0:19],[0:19],[0:19],[0:19],[0:19],[0:19],[0:19],[0:19],[0:19],[0:19],[7:11],[0:19],[0:19],[0:19],[0:19],[0:19],[12:15],1
[0:19],[0:19],[0:19],[0:19],[0:19],[0:19],[0:19],[0:19],[0:19],[0:19],[0:19],[0:19],[0:19],[7:11],[0:19],[0:19],[0:19],[0:19],[0:19],[6:11],0
[0:19],[0:19],[0:19],[0:19],[0:19],[0:19],[0:19],[0:19],[0:19],[0:19],[0:19],[0:19],[0:19],[7:11],[0:19],[0:19],[0:19],[0:19],[0:19],[6:11],1
[0:19],[0:19],[0:19],[0:19],[0:19],[0:19],[0:19],[0:19],[0:19],[0:19],[0:19],[0:19],[0:19],[7:11],[0:19],[0:19],[0:19],[0:19],[0:19],[6:11],1
[0:19],[0:19],[0:19],[0:19],[0:19],[0:19],[0:19],[0:19],[0:19],[0:19],[0:19],[0:19],[0:19],[7:11],[0:19],[0:19],[0:19],[0:19],[0:19],[16:19],0
[0:19],[0:19],[0:19],[0:19],[0:19],[0:19],[0:19],[0:19],[0:19],[0:19],[0:19],[0:19],[0:19],[7:11],[0:19],[0:19],[0:19],[0:19],[0:19],[6:11],0
[0:19],[0:19],[0:19],[0:19],[0:19],[0:19],[0:19],[0:19],[0:19],[0:19],[0:19],[0:19],[0:19],[7:11],[0:19],[0:19],[0:19],[0:19],[0:19],[6:11],0
[0:19],[0:19],[0:19],[0:19],[0:19],[0:19],[0:19],[0:19],[0:19],[0:19],[0:19],[0:19],[0:19],[7:11],[0:19],[0:19],[0:19],[0:19],[0:19],[6:11],0
[0:19],[0:19],[0:19],[0:19],[0:19],[0:19],[0:19],[0:19],[0:19],[0:19],[0:19],[0:19],[0:19],[7:11],[0:19],[0:19],[0:19],[0:19],[0:19],[6:11],0
[0:19],[0:19],[0:19],[0:19],[0:19],[0:19],[0:19],[0:19],[0:19],[0:19],[0:19],[0:19],[0:19],[7:11],[0:19],[0:19],[0:19],[0:19],[0:19],[6:11],0
[0:19],[0:19],[0:19],[0:19],[0:19],[0:19],[0:19],[0:19],[0:19],[0:19],[0:19],[0:19],[0:19],[7:11],[0:19],[0:19],[0:19],[0:19],[0:19],[6:11],1
[0:19],[0:19],[0:19],[0:19],[0:19],[0:19],[0:19],[0:19],[0:19],[0:19],[0:19],[0:19],[0:19],[7:11],[0:19],[0:19],[0:19],[0:19],[0:19],[6:11],1
[0:19],[0:19],[0:19],[0:19],[0:19],[0:19],[0:19],[0:19],[0:19],[0:19],[0:19],[0:19],[0:19],[7:11],[0:19],[0:19],[0:19],[0:19],[0:19],[6:11],1
[0:19],[0:19],[0:19],[0:19],[0:19],[0:19],[0:19],[0:19],[0:19],[0:19],[0:19],[0:19],[0:19],[0:6],[0:19],[0:19],[0:19],[0:19],[0:19],[6:11],0
[0:19],[0:19],[0:19],[0:19],[0:19],[0:19],[0:19],[0:19],[0:19],[0:19],[0:19],[0:19],[0:19],[7:11],[0:19],[0:19],[0:19],[0:19],[0:19],[6:11],1
[0:19],[0:19],[0:19],[0:19],[0:19],[0:19],[0:19],[0:19],[0:19],[0:19],[0:19],[0:19],[0:19],[12:14],[0:19],[0:19],[0:19],[0:19],[0:19],[6:11],1
[0:19],[0:19],[0:19],[0:19],[0:19],[0:19],[0:19],[0:19],[0:19],[0:19],[0:19],[0:19],[0:19],[7:11],[0:19],[0:19],[0:19],[0:19],[0:19],[6:11],1
[0:19],[0:19],[0:19],[0:19],[0:19],[0:19],[0:19],[0:19],[0:19],[0:19],[0:19],[0:19],[0:19],[7:11],[0:19],[0:19],[0:19],[0:19],[0:19],[3:5],0
[0:19],[0:19],[0:19],[0:19],[0:19],[0:19],[0:19],[0:19],[0:19],[0:19],[0:19],[0:19],[0:19],[7:11],[0:19],[0:19],[0:19],[0:19],[0:19],[6:11],1
[0:19],[0:19],[0:19],[0:19],[0:19],[0:19],[0:19],[0:19],[0:19],[0:19],[0:19],[0:19],[0:19],[7:11],[0:19],[0:19],[0:19],[0:19],[0:19],[6:11],1
[0:19],[0:19],[0:19],[0:19],[0:19],[0:19],[0:19],[0:19],[0:19],[0:19],[0:19],[0:19],[0:19],[7:11],[0:19],[0:19],[0:19],[0:19],[0:19],[6:11],1
[0:19],[0:19],[0:19],[0:19],[0:19],[0:19],[0:19],[0:19],[0:19],[0:19],[0:19],[0:19],[0:19],[7:11],[0:19],[0:19],[0:19],[0:19],[0:19],[6:11],1
[0:19],[0:19],[0:19],[0:19],[0:19],[0:19],[0:19],[0:19],[0:19],[0:19],[0:19],[0:19],[0:19],[7:11],[0:19],[0:19],[0:19],[0:19],[0:19],[12:15],0
[0:19],[0:19],[0:19],[0:19],[0:19],[0:19],[0:19],[0:19],[0:19],[0:19],[0:19],[0:19],[0:19],[12:14],[0:19],[0:19],[0:19],[0:19],[0:19],[6:11],0
[0:19],[0:19],[0:19],[0:19],[0:19],[0:19],[0:19],[0:19],[0:19],[0:19],[0:19],[0:19],[0:19],[7:11],[0:19],[0:19],[0:19],[0:19],[0:19],[6:11],1
[0:19],[0:19],[0:19],[0:19],[0:19],[0:19],[0:19],[0:19],[0:19],[0:19],[0:19],[0:19],[0:19],[7:11],[0:19],[0:19],[0:19],[0:19],[0:19],[6:11],0
[0:19],[0:19],[0:19],[0:19],[0:19],[0:19],[0:19],[0:19],[0:19],[0:19],[0:19],[0:19],[0:19],[7:11],[0:19],[0:19],[0:19],[0:19],[0:19],[6:11],1
[0:19],[0:19],[0:19],[0:19],[0:19],[0:19],[0:19],[0:19],[0:19],[0:19],[0:19],[0:19],[0:19],[7:11],[0:19],[0:19],[0:19],[0:19],[0:19],[6:11],1
[0:19],[0:19],[0:19],[0:19],[0:19],[0:19],[0:19],[0:19],[0:19],[0:19],[0:19],[0:19],[0:19],[0:6],[0:19],[0:19],[0:19],[0:19],[0:19],[6:11],0
[0:19],[0:19],[0:19],[0:19],[0:19],[0:19],[0:19],[0:19],[0:19],[0:19],[0:19],[0:19],[0:19],[7:11],[0:19],[0:19],[0:19],[0:19],[0:19],[6:11],0
[0:19],[0:19],[0:19],[0:19],[0:19],[0:19],[0:19],[0:19],[0:19],[0:19],[0:19],[0:19],[0:19],[12:14],[0:19],[0:19],[0:19],[0:19],[0:19],[12:15],1
[0:19],[0:19],[0:19],[0:19],[0:19],[0:19],[0:19],[0:19],[0:19],[0:19],[0:19],[0:19],[0:19],[7:11],[0:19],[0:19],[0:19],[0:19],[0:19],[6:11],1
[0:19],[0:19],[0:19],[0:19],[0:19],[0:19],[0:19],[0:19],[0:19],[0:19],[0:19],[0:19],[0:19],[7:11],[0:19],[0:19],[0:19],[0:19],[0:19],[6:11],1
[0:19],[0:19],[0:19],[0:19],[0:19],[0:19],[0:19],[0:19],[0:19],[0:19],[0:19],[0:19],[0:19],[7:11],[0:19],[0:19],[0:19],[0:19],[0:19],[12:15],0
[0:19],[0:19],[0:19],[0:19],[0:19],[0:19],[0:19],[0:19],[0:19],[0:19],[0:19],[0:19],[0:19],[7:11],[0:19],[0:19],[0:19],[0:19],[0:19],[6:11],0
[0:19],[0:19],[0:19],[0:19],[0:19],[0:19],[0:19],[0:19],[0:19],[0:19],[0:19],[0:19],[0:19],[0:6],[0:19],[0:19],[0:19],[0:19],[0:19],[0:2],0
[0:19],[0:19],[0:19],[0:19],[0:19],[0:19],[0:19],[0:19],[0:19],[0:19],[0:19],[0:19],[0:19],[7:11],[0:19],[0:19],[0:19],[0:19],[0:19],[6:11],0
[0:19],[0:19],[0:19],[0:19],[0:19],[0:19],[0:19],[0:19],[0:19],[0:19],[0:19],[0:19],[0:19],[12:14],[0:19],[0:19],[0:19],[0:19],[0:19],[0:2],0
[0:19],[0:19],[0:19],[0:19],[0:19],[0:19],[0:19],[0:19],[0:19],[0:19],[0:19],[0:19],[0:19],[7:11],[0:19],[0:19],[0:19],[0:19],[0:19],[6:11],1
[0:19],[0:19],[0:19],[0:19],[0:19],[0:19],[0:19],[0:19],[0:19],[0:19],[0:19],[0:19],[0:19],[12:14],[0:19],[0:19],[0:19],[0:19],[0:19],[6:11],1
[0:19],[0:19],[0:19],[0:19],[0:19],[0:19],[0:19],[0:19],[0:19],[0:19],[0:19],[0:19],[0:19],[7:11],[0:19],[0:19],[0:19],[0:19],[0:19],[6:11],0
[0:19],[0:19],[0:19],[0:19],[0:19],[0:19],[0:19],[0:19],[0:19],[0:19],[0:19],[0:19],[0:19],[7:11],[0:19],[0:19],[0:19],[0:19],[0:19],[6:11],1
[0:19],[0:19],[0:19],[0:19],[0:19],[0:19],[0:19],[0:19],[0:19],[0:19],[0:19],[0:19],[0:19],[7:11],[0:19],[0:19],[0:19],[0:19],[0:19],[6:11],1
[0:19],[0:19],[0:19],[0:19],[0:19],[0:19],[0:19],[0:19],[0:19],[0:19],[0:19],[0:19],[0:19],[7:11],[0:19],[0:19],[0:19],[0:19],[0:19],[6:11],0
[0:19],[0:19],[0:19],[0:19],[0:19],[0:19],[0:19],[0:19],[0:19],[0:19],[0:19],[0:19],[0:19],[7:11],[0:19],[0:19],[0:19],[0:19],[0:19],[6:11],0
[0:19],[0:19],[0:19],[0:19],[0:19],[0:19],[0:19],[0:19],[0:19],[0:19],[0:19],[0:19],[0:19],[7:11],[0:19],[0:19],[0:19],[0:19],[0:19],[6:11],0
[0:19],[0:19],[0:19],[0:19],[0:19],[0:19],[0:19],[0:19],[0:19],[0:19],[0:19],[0:19],[0:19],[7:11],[0:19],[0:19],[0:19],[0:19],[0:19],[6:11],0
[0:19],[0:19],[0:19],[0:19],[0:19],[0:19],[0:19],[0:19],[0:19],[0:19],[0:19],[0:19],[0:19],[7:11],[0:19],[0:19],[0:19],[0:19],[0:19],[6:11],1
[0:19],[0:19],[0:19],[0:19],[0:19],[0:19],[0:19],[0:19],[0:19],[0:19],[0:19],[0:19],[0:19],[0:6],[0:19],[0:19],[0:19],[0:19],[0:19],[6:11],0
[0:19],[0:19],[0:19],[0:19],[0:19],[0:19],[0:19],[0:19],[0:19],[0:19],[0:19],[0:19],[0:19],[7:11],[0:19],[0:19],[0:19],[0:19],[0:19],[6:11],0
[0:19],[0:19],[0:19],[0:19],[0:19],[0:19],[0:19],[0:19],[0:19],[0:19],[0:19],[0:19],[0:19],[0:6],[0:19],[0:19],[0:19],[0:19],[0:19],[6:11],0
[0:19],[0:19],[0:19],[0:19],[0:19],[0:19],[0:19],[0:19],[0:19],[0:19],[0:19],[0:19],[0:19],[7:11],[0:19],[0:19],[0:19],[0:19],[0:19],[6:11],1
[0:19],[0:19],[0:19],[0:19],[0:19],[0:19],[0:19],[0:19],[0:19],[0:19],[0:19],[0:19],[0:19],[12:14],[0:19],[0:19],[0:19],[0:19],[0:19],[6:11],0
[0:19],[0:19],[0:19],[0:19],[0:19],[0:19],[0:19],[0:19],[0:19],[0:19],[0:19],[0:19],[0:19],[15:19],[0:19],[0:19],[0:19],[0:19],[0:19],[12:15],0
[0:19],[0:19],[0:19],[0:19],[0:19],[0:19],[0:19],[0:19],[0:19],[0:19],[0:19],[0:19],[0:19],[7:11],[0:19],[0:19],[0:19],[0:19],[0:19],[12:15],1
[0:19],[0:19],[0:19],[0:19],[0:19],[0:19],[0:19],[0:19],[0:19],[0:19],[0:19],[0:19],[0:19],[12:14],[0:19],[0:19],[0:19],[0:19],[0:19],[6:11],0
[0:19],[0:19],[0:19],[0:19],[0:19],[0:19],[0:19],[0:19],[0:19],[0:19],[0:19],[0:19],[0:19],[7:11],[0:19],[0:19],[0:19],[0:19],[0:19],[6:11],1
[0:19],[0:19],[0:19],[0:19],[0:19],[0:19],[0:19],[0:19],[0:19],[0:19],[0:19],[0:19],[0:19],[7:11],[0:19],[0:19],[0:19],[0:19],[0:19],[6:11],0
[0:19],[0:19],[0:19],[0:19],[0:19],[0:19],[0:19],[0:19],[0:19],[0:19],[0:19],[0:19],[0:19],[7:11],[0:19],[0:19],[0:19],[0:19],[0:19],[6:11],1
[0:19],[0:19],[0:19],[0:19],[0:19],[0:19],[0:19],[0:19],[0:19],[0:19],[0:19],[0:19],[0:19],[7:11],[0:19],[0:19],[0:19],[0:19],[0:19],[6:11],0
[0:19],[0:19],[0:19],[0:19],[0:19],[0:19],[0:19],[0:19],[0:19],[0:19],[0:19],[0:19],[0:19],[7:11],[0:19],[0:19],[0:19],[0:19],[0:19],[6:11],1
[0:19],[0:19],[0:19],[0:19],[0:19],[0:19],[0:19],[0:19],[0:19],[0:19],[0:19],[0:19],[0:19],[7:11],[0:19],[0:19],[0:19],[0:19],[0:19],[6:11],1
[0:19],[0:19],[0:19],[0:19],[0:19],[0:19],[0:19],[0:19],[0:19],[0:19],[0:19],[0:19],[0:19],[7:11],[0:19],[0:19],[0:19],[0:19],[0:19],[6:11],1
[0:19],[0:19],[0:19],[0:19],[0:19],[0:19],[0:19],[0:19],[0:19],[0:19],[0:19],[0:19],[0:19],[12:14],[0:19],[0:19],[0:19],[0:19],[0:19],[6:11],0
[0:19],[0:19],[0:19],[0:19],[0:19],[0:19],[0:19],[0:19],[0:19],[0:19],[0:19],[0:19],[0:19],[15:19],[0:19],[0:19],[0:19],[0:19],[0:19],[6:11],0
[0:19],[0:19],[0:19],[0:19],[0:19],[0:19],[0:19],[0:19],[0:19],[0:19],[0:19],[0:19],[0:19],[7:11],[0:19],[0:19],[0:19],[0:19],[0:19],[6:11],1
[0:19],[0:19],[0:19],[0:19],[0:19],[0:19],[0:19],[0:19],[0:19],[0:19],[0:19],[0:19],[0:19],[12:14],[0:19],[0:19],[0:19],[0:19],[0:19],[12:15],1
[0:19],[0:19],[0:19],[0:19],[0:19],[0:19],[0:19],[0:19],[0:19],[0:19],[0:19],[0:19],[0:19],[0:6],[0:19],[0:19],[0:19],[0:19],[0:19],[6:11],0
[0:19],[0:19],[0:19],[0:19],[0:19],[0:19],[0:19],[0:19],[0:19],[0:19],[0:19],[0:19],[0:19],[7:11],[0:19],[0:19],[0:19],[0:19],[0:19],[12:15],0
[0:19],[0:19],[0:19],[0:19],[0:19],[0:19],[0:19],[0:19],[0:19],[0:19],[0:19],[0:19],[0:19],[7:11],[0:19],[0:19],[0:19],[0:19],[0:19],[6:11],0
[0:19],[0:19],[0:19],[0:19],[0:19],[0:19],[0:19],[0:19],[0:19],[0:19],[0:19],[0:19],[0:19],[7:11],[0:19],[0:19],[0:19],[0:19],[0:19],[6:11],1
[0:19],[0:19],[0:19],[0:19],[0:19],[0:19],[0:19],[0:19],[0:19],[0:19],[0:19],[0:19],[0:19],[12:14],[0:19],[0:19],[0:19],[0:19],[0:19],[12:15],0
[0:19],[0:19],[0:19],[0:19],[0:19],[0:19],[0:19],[0:19],[0:19],[0:19],[0:19],[0:19],[0:19],[7:11],[0:19],[0:19],[0:19],[0:19],[0:19],[6:11],1
[0:19],[0:19],[0:19],[0:19],[0:19],[0:19],[0:19],[0:19],[0:19],[0:19],[0:19],[0:19],[0:19],[12:14],[0:19],[0:19],[0:19],[0:19],[0:19],[6:11],0
[0:19],[0:19],[0:19],[0:19],[0:19],[0:19],[0:19],[0:19],[0:19],[0:19],[0:19],[0:19],[0:19],[7:11],[0:19],[0:19],[0:19],[0:19],[0:19],[6:11],0
[0:19],[0:19],[0:19],[0:19],[0:19],[0:19],[0:19],[0:19],[0:19],[0:19],[0:19],[0:19],[0:19],[0:6],[0:19],[0:19],[0:19],[0:19],[0:19],[6:11],0
[0:19],[0:19],[0:19],[0:19],[0:19],[0:19],[0:19],[0:19],[0:19],[0:19],[0:19],[0:19],[0:19],[7:11],[0:19],[0:19],[0:19],[0:19],[0:19],[6:11],1
[0:19],[0:19],[0:19],[0:19],[0:19],[0:19],[0:19],[0:19],[0:19],[0:19],[0:19],[0:19],[0:19],[12:14],[0:19],[0:19],[0:19],[0:19],[0:19],[12:15],0
[0:19],[0:19],[0:19],[0:19],[0:19],[0:19],[0:19],[0:19],[0:19],[0:19],[0:19],[0:19],[0:19],[7:11],[0:19],[0:19],[0:19],[0:19],[0:19],[6:11],1
[0:19],[0:19],[0:19],[0:19],[0:19],[0:19],[0:19],[0:19],[0:19],[0:19],[0:19],[0:19],[0:19],[7:11],[0:19],[0:19],[0:19],[0:19],[0:19],[6:11],0
[0:19],[0:19],[0:19],[0:19],[0:19],[0:19],[0:19],[0:19],[0:19],[0:19],[0:19],[0:19],[0:19],[0:6],[0:19],[0:19],[0:19],[0:19],[0:19],[6:11],0
[0:19],[0:19],[0:19],[0:19],[0:19],[0:19],[0:19],[0:19],[0:19],[0:19],[0:19],[0:19],[0:19],[7:11],[0:19],[0:19],[0:19],[0:19],[0:19],[6:11],0
[0:19],[0:19],[0:19],[0:19],[0:19],[0:19],[0:19],[0:19],[0:19],[0:19],[0:19],[0:19],[0:19],[12:14],[0:19],[0:19],[0:19],[0:19],[0:19],[6:11],0
[0:19],[0:19],[0:19],[0:19],[0:19],[0:19],[0:19],[0:19],[0:19],[0:19],[0:19],[0:19],[0:19],[7:11],[0:19],[0:19],[0:19],[0:19],[0:19],[6:11],0
[0:19],[0:19],[0:19],[0:19],[0:19],[0:19],[0:19],[0:19],[0:19],[0:19],[0:19],[0:19],[0:19],[7:11],[0:19],[0:19],[0:19],[0:19],[0:19],[6:11],0
[0:19],[0:19],[0:19],[0:19],[0:19],[0:19],[0:19],[0:19],[0:19],[0:19],[0:19],[0:19],[0:19],[7:11],[0:19],[0:19],[0:19],[0:19],[0:19],[6:11],0
[0:19],[0:19],[0:19],[0:19],[0:19],[0:19],[0:19],[0:19],[0:19],[0:19],[0:19],[0:19],[0:19],[12:14],[0:19],[0:19],[0:19],[0:19],[0:19],[6:11],1
[0:19],[0:19],[0:19],[0:19],[0:19],[0:19],[0:19],[0:19],[0:19],[0:19],[0:19],[0:19],[0:19],[7:11],[0:19],[0:19],[0:19],[0:19],[0:19],[6:11],1
[0:19],[0:19],[0:19],[0:19],[0:19],[0:19],[0:19],[0:19],[0:19],[0:19],[0:19],[0:19],[0:19],[7:11],[0:19],[0:19],[0:19],[0:19],[0:19],[6:11],1
[0:19],[0:19],[0:19],[0:19],[0:19],[0:19],[0:19],[0:19],[0:19],[0:19],[0:19],[0:19],[0:19],[7:11],[0:19],[0:19],[0:19],[0:19],[0:19],[6:11],0
[0:19],[0:19],[0:19],[0:19],[0:19],[0:19],[0:19],[0:19],[0:19],[0:19],[0:19],[0:19],[0:19],[0:6],[0:19],[0:19],[0:19],[0:19],[0:19],[6:11],0
[0:19],[0:19],[0:19],[0:19],[0:19],[0:19],[0:19],[0:19],[0:19],[0:19],[0:19],[0:19],[0:19],[7:11],[0:19],[0:19],[0:19],[0:19],[0:19],[6:11],1
[0:19],[0:19],[0:19],[0:19],[0:19],[0:19],[0:19],[0:19],[0:19],[0:19],[0:19],[0:19],[0:19],[7:11],[0:19],[0:19],[0:19],[0:19],[0:19],[6:11],1
[0:19],[0:19],[0:19],[0:19],[0:19],[0:19],[0:19],[0:19],[0:19],[0:19],[0:19],[0:19],[0:19],[7:11],[0:19],[0:19],[0:19],[0:19],[0:19],[12:15],1
[0:19],[0:19],[0:19],[0:19],[0:19],[0:19],[0:19],[0:19],[0:19],[0:19],[0:19],[0:19],[0:19],[12:14],[0:19],[0:19],[0:19],[0:19],[0:19],[6:11],0
[0:19],[0:19],[0:19],[0:19],[0:19],[0:19],[0:19],[0:19],[0:19],[0:19],[0:19],[0:19],[0:19],[7:11],[0:19],[0:19],[0:19],[0:19],[0:19],[6:11],1
[0:19],[0:19],[0:19],[0:19],[0:19],[0:19],[0:19],[0:19],[0:19],[0:19],[0:19],[0:19],[0:19],[7:11],[0:19],[0:19],[0:19],[0:19],[0:19],[6:11],1
[0:19],[0:19],[0:19],[0:19],[0:19],[0:19],[0:19],[0:19],[0:19],[0:19],[0:19],[0:19],[0:19],[7:11],[0:19],[0:19],[0:19],[0:19],[0:19],[6:11],1
[0:19],[0:19],[0:19],[0:19],[0:19],[0:19],[0:19],[0:19],[0:19],[0:19],[0:19],[0:19],[0:19],[7:11],[0:19],[0:19],[0:19],[0:19],[0:19],[6:11],1
[0:19],[0:19],[0:19],[0:19],[0:19],[0:19],[0:19],[0:19],[0:19],[0:19],[0:19],[0:19],[0:19],[7:11],[0:19],[0:19],[0:19],[0:19],[0:19],[6:11],1
[0:19],[0:19],[0:19],[0:19],[0:19],[0:19],[0:19],[0:19],[0:19],[0:19],[0:19],[0:19],[0:19],[7:11],[0:19],[0:19],[0:19],[0:19],[0:19],[6:11],0
[0:19],[0:19],[0:19],[0:19],[0:19],[0:19],[0:19],[0:19],[0:19],[0:19],[0:19],[0:19],[0:19],[12:14],[0:19],[0:19],[0:19],[0:19],[0:19],[12:15],0
[0:19],[0:19],[0:19],[0:19],[0:19],[0:19],[0:19],[0:19],[0:19],[0:19],[0:19],[0:19],[0:19],[7:11],[0:19],[0:19],[0:19],[0:19],[0:19],[6:11],0
[0:19],[0:19],[0:19],[0:19],[0:19],[0:19],[0:19],[0:19],[0:19],[0:19],[0:19],[0:19],[0:19],[7:11],[0:19],[0:19],[0:19],[0:19],[0:19],[6:11],1
[0:19],[0:19],[0:19],[0:19],[0:19],[0:19],[0:19],[0:19],[0:19],[0:19],[0:19],[0:19],[0:19],[7:11],[0:19],[0:19],[0:19],[0:19],[0:19],[12:15],0
[0:19],[0:19],[0:19],[0:19],[0:19],[0:19],[0:19],[0:19],[0:19],[0:19],[0:19],[0:19],[0:19],[12:14],[0:19],[0:19],[0:19],[0:19],[0:19],[6:11],1
[0:19],[0:19],[0:19],[0:19],[0:19],[0:19],[0:19],[0:19],[0:19],[0:19],[0:19],[0:19],[0:19],[7:11],[0:19],[0:19],[0:19],[0:19],[0:19],[6:11],0
[0:19],[0:19],[0:19],[0:19],[0:19],[0:19],[0:19],[0:19],[0:19],[0:19],[0:19],[0:19],[0:19],[7:11],[0:19],[0:19],[0:19],[0:19],[0:19],[6:11],0
[0:19],[0:19],[0:19],[0:19],[0:19],[0:19],[0:19],[0:19],[0:19],[0:19],[0:19],[0:19],[0:19],[12:14],[0:19],[0:19],[0:19],[0:19],[0:19],[6:11],1
[0:19],[0:19],[0:19],[0:19],[0:19],[0:19],[0:19],[0:19],[0:19],[0:19],[0:19],[0:19],[0:19],[12:14],[0:19],[0:19],[0:19],[0:19],[0:19],[6:11],0
[0:19],[0:19],[0:19],[0:19],[0:19],[0:19],[0:19],[0:19],[0:19],[0:19],[0:19],[0:19],[0:19],[7:11],[0:19],[0:19],[0:19],[0:19],[0:19],[6:11],0
[0:19],[0:19],[0:19],[0:19],[0:19],[0:19],[0:19],[0:19],[0:19],[0:19],[0:19],[0:19],[0:19],[7:11],[0:19],[0:19],[0:19],[0:19],[0:19],[6:11],0
[0:19],[0:19],[0:19],[0:19],[0:19],[0:19],[0:19],[0:19],[0:19],[0:19],[0:19],[0:19],[0:19],[7:11],[0:19],[0:19],[0:19],[0:19],[0:19],[6:11],1
[0:19],[0:19],[0:19],[0:19],[0:19],[0:19],[0:19],[0:19],[0:19],[0:19],[0:19],[0:19],[0:19],[7:11],[0:19],[0:19],[0:19],[0:19],[0:19],[6:11],1
[0:19],[0:19],[0:19],[0:19],[0:19],[0:19],[0:19],[0:19],[0:19],[0:19],[0:19],[0:19],[0:19],[0:6],[0:19],[0:19],[0:19],[0:19],[0:19],[6:11],0
[0:19],[0:19],[0:19],[0:19],[0:19],[0:19],[0:19],[0:19],[0:19],[0:19],[0:19],[0:19],[0:19],[15:19],[0:19],[0:19],[0:19],[0:19],[0:19],[6:11],0
[0:19],[0:19],[0:19],[0:19],[0:19],[0:19],[0:19],[0:19],[0:19],[0:19],[0:19],[0:19],[0:19],[12:14],[0:19],[0:19],[0:19],[0:19],[0:19],[6:11],1
[0:19],[0:19],[0:19],[0:19],[0:19],[0:19],[0:19],[0:19],[0:19],[0:19],[0:19],[0:19],[0:19],[12:14],[0:19],[0:19],[0:19],[0:19],[0:19],[6:11],1
[0:19],[0:19],[0:19],[0:19],[0:19],[0:19],[0:19],[0:19],[0:19],[0:19],[0:19],[0:19],[0:19],[7:11],[0:19],[0:19],[0:19],[0:19],[0:19],[6:11],0
[0:19],[0:19],[0:19],[0:19],[0:19],[0:19],[0:19],[0:19],[0:19],[0:19],[0:19],[0:19],[0:19],[7:11],[0:19],[0:19],[0:19],[0:19],[0:19],[6:11],1
[0:19],[0:19],[0:19],[0:19],[0:19],[0:19],[0:19],[0:19],[0:19],[0:19],[0:19],[0:19],[0:19],[7:11],[0:19],[0:19],[0:19],[0:19],[0:19],[6:11],0
[0:19],[0:19],[0:19],[0:19],[0:19],[0:19],[0:19],[0:19],[0:19],[0:19],[0:19],[0:19],[0:19],[7:11],[0:19],[0:19],[0:19],[0:19],[0:19],[6:11],1
[0:19],[0:19],[0:19],[0:19],[0:19],[0:19],[0:19],[0:19],[0:19],[0:19],[0:19],[0:19],[0:19],[7:11],[0:19],[0:19],[0:19],[0:19],[0:19],[6:11],1
[0:19],[0:19],[0:19],[0:19],[0:19],[0:19],[0:19],[0:19],[0:19],[0:19],[0:19],[0:19],[0:19],[12:14],[0:19],[0:19],[0:19],[0:19],[0:19],[12:15],0
[0:19],[0:19],[0:19],[0:19],[0:19],[0:19],[0:19],[0:19],[0:19],[0:19],[0:19],[0:19],[0:19],[7:11],[0:19],[0:19],[0:19],[0:19],[0:19],[6:11],1
[0:19],[0:19],[0:19],[0:19],[0:19],[0:19],[0:19],[0:19],[0:19],[0:19],[0:19],[0:19],[0:19],[15:19],[0:19],[0:19],[0:19],[0:19],[0:19],[12:15],0
[0:19],[0:19],[0:19],[0:19],[0:19],[0:19],[0:19],[0:19],[0:19],[0:19],[0:19],[0:19],[0:19],[7:11],[0:19],[0:19],[0:19],[0:19],[0:19],[6:11],0
[0:19],[0:19],[0:19],[0:19],[0:19],[0:19],[0:19],[0:19],[0:19],[0:19],[0:19],[0:19],[0:19],[7:11],[0:19],[0:19],[0:19],[0:19],[0:19],[6:11],1
[0:19],[0:19],[0:19],[0:19],[0:19],[0:19],[0:19],[0:19],[0:19],[0:19],[0:19],[0:19],[0:19],[7:11],[0:19],[0:19],[0:19],[0:19],[0:19],[6:11],0
[0:19],[0:19],[0:19],[0:19],[0:19],[0:19],[0:19],[0:19],[0:19],[0:19],[0:19],[0:19],[0:19],[7:11],[0:19],[0:19],[0:19],[0:19],[0:19],[6:11],1
[0:19],[0:19],[0:19],[0:19],[0:19],[0:19],[0:19],[0:19],[0:19],[0:19],[0:19],[0:19],[0:19],[7:11],[0:19],[0:19],[0:19],[0:19],[0:19],[6:11],0
[0:19],[0:19],[0:19],[0:19],[0:19],[0:19],[0:19],[0:19],[0:19],[0:19],[0:19],[0:19],[0:19],[7:11],[0:19],[0:19],[0:19],[0:19],[0:19],[6:11],1
[0:19],[0:19],[0:19],[0:19],[0:19],[0:19],[0:19],[0:19],[0:19],[0:19],[0:19],[0:19],[0:19],[7:11],[0:19],[0:19],[0:19],[0:19],[0:19],[6:11],0
[0:19],[0:19],[0:19],[0:19],[0:19],[0:19],[0:19],[0:19],[0:19],[0:19],[0:19],[0:19],[0:19],[7:11],[0:19],[0:19],[0:19],[0:19],[0:19],[6:11],1
[0:19],[0:19],[0:19],[0:19],[0:19],[0:19],[0:19],[0:19],[0:19],[0:19],[0:19],[0:19],[0:19],[7:11],[0:19],[0:19],[0:19],[0:19],[0:19],[6:11],1
[0:19],[0:19],[0:19],[0:19],[0:19],[0:19],[0:19],[0:19],[0:19],[0:19],[0:19],[0:19],[0:19],[7:11],[0:19],[0:19],[0:19],[0:19],[0:19],[6:11],1
[0:19],[0:19],[0:19],[0:19],[0:19],[0:19],[0:19],[0:19],[0:19],[0:19],[0:19],[0:19],[0:19],[7:11],[0:19],[0:19],[0:19],[0:19],[0:19],[6:11],1
[0:19],[0:19],[0:19],[0:19],[0:19],[0:19],[0:19],[0:19],[0:19],[0:19],[0:19],[0:19],[0:19],[12:14],[0:19],[0:19],[0:19],[0:19],[0:19],[6:11],0
[0:19],[0:19],[0:19],[0:19],[0:19],[0:19],[0:19],[0:19],[0:19],[0:19],[0:19],[0:19],[0:19],[7:11],[0:19],[0:19],[0:19],[0:19],[0:19],[6:11],1
[0:19],[0:19],[0:19],[0:19],[0:19],[0:19],[0:19],[0:19],[0:19],[0:19],[0:19],[0:19],[0:19],[7:11],[0:19],[0:19],[0:19],[0:19],[0:19],[6:11],1
[0:19],[0:19],[0:19],[0:19],[0:19],[0:19],[0:19],[0:19],[0:19],[0:19],[0:19],[0:19],[0:19],[7:11],[0:19],[0:19],[0:19],[0:19],[0:19],[6:11],1
[0:19],[0:19],[0:19],[0:19],[0:19],[0:19],[0:19],[0:19],[0:19],[0:19],[0:19],[0:19],[0:19],[7:11],[0:19],[0:19],[0:19],[0:19],[0:19],[6:11],0
[0:19],[0:19],[0:19],[0:19],[0:19],[0:19],[0:19],[0:19],[0:19],[0:19],[0:19],[0:19],[0:19],[12:14],[0:19],[0:19],[0:19],[0:19],[0:19],[12:15],0
[0:19],[0:19],[0:19],[0:19],[0:19],[0:19],[0:19],[0:19],[0:19],[0:19],[0:19],[0:19],[0:19],[7:11],[0:19],[0:19],[0:19],[0:19],[0:19],[12:15],1
[0:19],[0:19],[0:19],[0:19],[0:19],[0:19],[0:19],[0:19],[0:19],[0:19],[0:19],[0:19],[0:19],[7:11],[0:19],[0:19],[0:19],[0:19],[0:19],[6:11],0
[0:19],[0:19],[0:19],[0:19],[0:19],[0:19],[0:19],[0:19],[0:19],[0:19],[0:19],[0:19],[0:19],[7:11],[0:19],[0:19],[0:19],[0:19],[0:19],[6:11],1
[0:19],[0:19],[0:19],[0:19],[0:19],[0:19],[0:19],[0:19],[0:19],[0:19],[0:19],[0:19],[0:19],[7:11],[0:19],[0:19],[0:19],[0:19],[0:19],[6:11],1
[0:19],[0:19],[0:19],[0:19],[0:19],[0:19],[0:19],[0:19],[0:19],[0:19],[0:19],[0:19],[0:19],[7:11],[0:19],[0:19],[0:19],[0:19],[0:19],[6:11],1
[0:19],[0:19],[0:19],[0:19],[0:19],[0:19],[0:19],[0:19],[0:19],[0:19],[0:19],[0:19],[0:19],[7:11],[0:19],[0:19],[0:19],[0:19],[0:19],[6:11],1
[0:19],[0:19],[0:19],[0:19],[0:19],[0:19],[0:19],[0:19],[0:19],[0:19],[0:19],[0:19],[0:19],[7:11],[0:19],[0:19],[0:19],[0:19],[0:19],[12:15],1
[0:19],[0:19],[0:19],[0:19],[0:19],[0:19],[0:19],[0:19],[0:19],[0:19],[0:19],[0:19],[0:19],[12:14],[0:19],[0:19],[0:19],[0:19],[0:19],[6:11],1
[0:19],[0:19],[0:19],[0:19],[0:19],[0:19],[0:19],[0:19],[0:19],[0:19],[0:19],[0:19],[0:19],[7:11],[0:19],[0:19],[0:19],[0:19],[0:19],[6:11],1
[0:19],[0:19],[0:19],[0:19],[0:19],[0:19],[0:19],[0:19],[0:19],[0:19],[0:19],[0:19],[0:19],[12:14],[0:19],[0:19],[0:19],[0:19],[0:19],[6:11],0
[0:19],[0:19],[0:19],[0:19],[0:19],[0:19],[0:19],[0:19],[0:19],[0:19],[0:19],[0:19],[0:19],[0:6],[0:19],[0:19],[0:19],[0:19],[0:19],[12:15],0
[0:19],[0:19],[0:19],[0:19],[0:19],[0:19],[0:19],[0:19],[0:19],[0:19],[0:19],[0:19],[0:19],[7:11],[0:19],[0:19],[0:19],[0:19],[0:19],[6:11],1
[0:19],[0:19],[0:19],[0:19],[0:19],[0:19],[0:19],[0:19],[0:19],[0:19],[0:19],[0:19],[0:19],[0:6],[0:19],[0:19],[0:19],[0:19],[0:19],[6:11],0
[0:19],[0:19],[0:19],[0:19],[0:19],[0:19],[0:19],[0:19],[0:19],[0:19],[0:19],[0:19],[0:19],[7:11],[0:19],[0:19],[0:19],[0:19],[0:19],[6:11],0
[0:19],[0:19],[0:19],[0:19],[0:19],[0:19],[0:19],[0:19],[0:19],[0:19],[0:19],[0:19],[0:19],[7:11],[0:19],[0:19],[0:19],[0:19],[0:19],[6:11],1
[0:19],[0:19],[0:19],[0:19],[0:19],[0:19],[0:19],[0:19],[0:19],[0:19],[0:19],[0:19],[0:19],[7:11],[0:19],[0:19],[0:19],[0:19],[0:19],[6:11],1
[0:19],[0:19],[0:19],[0:19],[0:19],[0:19],[0:19],[0:19],[0:19],[0:19],[0:19],[0:19],[0:19],[7:11],[0:19],[0:19],[0:19],[0:19],[0:19],[6:11],0
[0:19],[0:19],[0:19],[0:19],[0:19],[0:19],[0:19],[0:19],[0:19],[0:19],[0:19],[0:19],[0:19],[12:14],[0:19],[0:19],[0:19],[0:19],[0:19],[6:11],0
[0:19],[0:19],[0:19],[0:19],[0:19],[0:19],[0:19],[0:19],[0:19],[0:19],[0:19],[0:19],[0:19],[7:11],[0:19],[0:19],[0:19],[0:19],[0:19],[12:15],0
[0:19],[0:19],[0:19],[0:19],[0:19],[0:19],[0:19],[0:19],[0:19],[0:19],[0:19],[0:19],[0:19],[7:11],[0:19],[0:19],[0:19],[0:19],[0:19],[6:11],1
[0:19],[0:19],[0:19],[0:19],[0:19],[0:19],[0:19],[0:19],[0:19],[0:19],[0:19],[0:19],[0:19],[7:11],[0:19],[0:19],[0:19],[0:19],[0:19],[3:5],0
[0:19],[0:19],[0:19],[0:19],[0:19],[0:19],[0:19],[0:19],[0:19],[0:19],[0:19],[0:19],[0:19],[7:11],[0:19],[0:19],[0:19],[0:19],[0:19],[6:11],0
[0:19],[0:19],[0:19],[0:19],[0:19],[0:19],[0:19],[0:19],[0:19],[0:19],[0:19],[0:19],[0:19],[7:11],[0:19],[0:19],[0:19],[0:19],[0:19],[12:15],1
[0:19],[0:19],[0:19],[0:19],[0:19],[0:19],[0:19],[0:19],[0:19],[0:19],[0:19],[0:19],[0:19],[12:14],[0:19],[0:19],[0:19],[0:19],[0:19],[6:11],1
[0:19],[0:19],[0:19],[0:19],[0:19],[0:19],[0:19],[0:19],[0:19],[0:19],[0:19],[0:19],[0:19],[7:11],[0:19],[0:19],[0:19],[0:19],[0:19],[6:11],1
[0:19],[0:19],[0:19],[0:19],[0:19],[0:19],[0:19],[0:19],[0:19],[0:19],[0:19],[0:19],[0:19],[7:11],[0:19],[0:19],[0:19],[0:19],[0:19],[6:11],0
[0:19],[0:19],[0:19],[0:19],[0:19],[0:19],[0:19],[0:19],[0:19],[0:19],[0:19],[0:19],[0:19],[7:11],[0:19],[0:19],[0:19],[0:19],[0:19],[6:11],0
[0:19],[0:19],[0:19],[0:19],[0:19],[0:19],[0:19],[0:19],[0:19],[0:19],[0:19],[0:19],[0:19],[7:11],[0:19],[0:19],[0:19],[0:19],[0:19],[6:11],0
[0:19],[0:19],[0:19],[0:19],[0:19],[0:19],[0:19],[0:19],[0:19],[0:19],[0:19],[0:19],[0:19],[15:19],[0:19],[0:19],[0:19],[0:19],[0:19],[6:11],0
[0:19],[0:19],[0:19],[0:19],[0:19],[0:19],[0:19],[0:19],[0:19],[0:19],[0:19],[0:19],[0:19],[7:11],[0:19],[0:19],[0:19],[0:19],[0:19],[6:11],1
[0:19],[0:19],[0:19],[0:19],[0:19],[0:19],[0:19],[0:19],[0:19],[0:19],[0:19],[0:19],[0:19],[12:14],[0:19],[0:19],[0:19],[0:19],[0:19],[6:11],1
[0:19],[0:19],[0:19],[0:19],[0:19],[0:19],[0:19],[0:19],[0:19],[0:19],[0:19],[0:19],[0:19],[7:11],[0:19],[0:19],[0:19],[0:19],[0:19],[6:11],0
[0:19],[0:19],[0:19],[0:19],[0:19],[0:19],[0:19],[0:19],[0:19],[0:19],[0:19],[0:19],[0:19],[7:11],[0:19],[0:19],[0:19],[0:19],[0:19],[6:11],1
[0:19],[0:19],[0:19],[0:19],[0:19],[0:19],[0:19],[0:19],[0:19],[0:19],[0:19],[0:19],[0:19],[7:11],[0:19],[0:19],[0:19],[0:19],[0:19],[6:11],0
[0:19],[0:19],[0:19],[0:19],[0:19],[0:19],[0:19],[0:19],[0:19],[0:19],[0:19],[0:19],[0:19],[12:14],[0:19],[0:19],[0:19],[0:19],[0:19],[6:11],1
[0:19],[0:19],[0:19],[0:19],[0:19],[0:19],[0:19],[0:19],[0:19],[0:19],[0:19],[0:19],[0:19],[7:11],[0:19],[0:19],[0:19],[0:19],[0:19],[6:11],1
[0:19],[0:19],[0:19],[0:19],[0:19],[0:19],[0:19],[0:19],[0:19],[0:19],[0:19],[0:19],[0:19],[12:14],[0:19],[0:19],[0:19],[0:19],[0:19],[6:11],0
[0:19],[0:19],[0:19],[0:19],[0:19],[0:19],[0:19],[0:19],[0:19],[0:19],[0:19],[0:19],[0:19],[7:11],[0:19],[0:19],[0:19],[0:19],[0:19],[3:5],0
[0:19],[0:19],[0:19],[0:19],[0:19],[0:19],[0:19],[0:19],[0:19],[0:19],[0:19],[0:19],[0:19],[7:11],[0:19],[0:19],[0:19],[0:19],[0:19],[6:11],1
[0:19],[0:19],[0:19],[0:19],[0:19],[0:19],[0:19],[0:19],[0:19],[0:19],[0:19],[0:19],[0:19],[7:11],[0:19],[0:19],[0:19],[0:19],[0:19],[6:11],1
[0:19],[0:19],[0:19],[0:19],[0:19],[0:19],[0:19],[0:19],[0:19],[0:19],[0:19],[0:19],[0:19],[7:11],[0:19],[0:19],[0:19],[0:19],[0:19],[6:11],1
[0:19],[0:19],[0:19],[0:19],[0:19],[0:19],[0:19],[0:19],[0:19],[0:19],[0:19],[0:19],[0:19],[7:11],[0:19],[0:19],[0:19],[0:19],[0:19],[6:11],0
[0:19],[0:19],[0:19],[0:19],[0:19],[0:19],[0:19],[0:19],[0:19],[0:19],[0:19],[0:19],[0:19],[7:11],[0:19],[0:19],[0:19],[0:19],[0:19],[6:11],0
[0:19],[0:19],[0:19],[0:19],[0:19],[0:19],[0:19],[0:19],[0:19],[0:19],[0:19],[0:19],[0:19],[15:19],[0:19],[0:19],[0:19],[0:19],[0:19],[6:11],0
[0:19],[0:19],[0:19],[0:19],[0:19],[0:19],[0:19],[0:19],[0:19],[0:19],[0:19],[0:19],[0:19],[0:6],[0:19],[0:19],[0:19],[0:19],[0:19],[6:11],0
[0:19],[0:19],[0:19],[0:19],[0:19],[0:19],[0:19],[0:19],[0:19],[0:19],[0:19],[0:19],[0:19],[7:11],[0:19],[0:19],[0:19],[0:19],[0:19],[6:11],1
[0:19],[0:19],[0:19],[0:19],[0:19],[0:19],[0:19],[0:19],[0:19],[0:19],[0:19],[0:19],[0:19],[7:11],[0:19],[0:19],[0:19],[0:19],[0:19],[6:11],0
[0:19],[0:19],[0:19],[0:19],[0:19],[0:19],[0:19],[0:19],[0:19],[0:19],[0:19],[0:19],[0:19],[7:11],[0:19],[0:19],[0:19],[0:19],[0:19],[6:11],1
[0:19],[0:19],[0:19],[0:19],[0:19],[0:19],[0:19],[0:19],[0:19],[0:19],[0:19],[0:19],[0:19],[7:11],[0:19],[0:19],[0:19],[0:19],[0:19],[12:15],0
[0:19],[0:19],[0:19],[0:19],[0:19],[0:19],[0:19],[0:19],[0:19],[0:19],[0:19],[0:19],[0:19],[7:11],[0:19],[0:19],[0:19],[0:19],[0:19],[6:11],1
[0:19],[0:19],[0:19],[0:19],[0:19],[0:19],[0:19],[0:19],[0:19],[0:19],[0:19],[0:19],[0:19],[7:11],[0:19],[0:19],[0:19],[0:19],[0:19],[6:11],1
[0:19],[0:19],[0:19],[0:19],[0:19],[0:19],[0:19],[0:19],[0:19],[0:19],[0:19],[0:19],[0:19],[7:11],[0:19],[0:19],[0:19],[0:19],[0:19],[6:11],1
[0:19],[0:19],[0:19],[0:19],[0:19],[0:19],[0:19],[0:19],[0:19],[0:19],[0:19],[0:19],[0:19],[7:11],[0:19],[0:19],[0:19],[0:19],[0:19],[6:11],1
[0:19],[0:19],[0:19],[0:19],[0:19],[0:19],[0:19],[0:19],[0:19],[0:19],[0:19],[0:19],[0:19],[12:14],[0:19],[0:19],[0:19],[0:19],[0:19],[6:11],1
[0:19],[0:19],[0:19],[0:19],[0:19],[0:19],[0:19],[0:19],[0:19],[0:19],[0:19],[0:19],[0:19],[7:11],[0:19],[0:19],[0:19],[0:19],[0:19],[6:11],0
[0:19],[0:19],[0:19],[0:19],[0:19],[0:19],[0:19],[0:19],[0:19],[0:19],[0:19],[0:19],[0:19],[12:14],[0:19],[0:19],[0:19],[0:19],[0:19],[6:11],0
[0:19],[0:19],[0:19],[0:19],[0:19],[0:19],[0:19],[0:19],[0:19],[0:19],[0:19],[0:19],[0:19],[12:14],[0:19],[0:19],[0:19],[0:19],[0:19],[6:11],1
[0:19],[0:19],[0:19],[0:19],[0:19],[0:19],[0:19],[0:19],[0:19],[0:19],[0:19],[0:19],[0:19],[7:11],[0:19],[0:19],[0:19],[0:19],[0:19],[6:11],1
[0:19],[0:19],[0:19],[0:19],[0:19],[0:19],[0:19],[0:19],[0:19],[0:19],[0:19],[0:19],[0:19],[7:11],[0:19],[0:19],[0:19],[0:19],[0:19],[6:11],1
[0:19],[0:19],[0:19],[0:19],[0:19],[0:19],[0:19],[0:19],[0:19],[0:19],[0:19],[0:19],[0:19],[7:11],[0:19],[0:19],[0:19],[0:19],[0:19],[6:11],1
[0:19],[0:19],[0:19],[0:19],[0:19],[0:19],[0:19],[0:19],[0:19],[0:19],[0:19],[0:19],[0:19],[7:11],[0:19],[0:19],[0:19],[0:19],[0:19],[6:11],0
[0:19],[0:19],[0:19],[0:19],[0:19],[0:19],[0:19],[0:19],[0:19],[0:19],[0:19],[0:19],[0:19],[12:14],[0:19],[0:19],[0:19],[0:19],[0:19],[6:11],1
[0:19],[0:19],[0:19],[0:19],[0:19],[0:19],[0:19],[0:19],[0:19],[0:19],[0:19],[0:19],[0:19],[7:11],[0:19],[0:19],[0:19],[0:19],[0:19],[6:11],1
[0:19],[0:19],[0:19],[0:19],[0:19],[0:19],[0:19],[0:19],[0:19],[0:19],[0:19],[0:19],[0:19],[12:14],[0:19],[0:19],[0:19],[0:19],[0:19],[3:5],0
[0:19],[0:19],[0:19],[0:19],[0:19],[0:19],[0:19],[0:19],[0:19],[0:19],[0:19],[0:19],[0:19],[7:11],[0:19],[0:19],[0:19],[0:19],[0:19],[6:11],1
[0:19],[0:19],[0:19],[0:19],[0:19],[0:19],[0:19],[0:19],[0:19],[0:19],[0:19],[0:19],[0:19],[7:11],[0:19],[0:19],[0:19],[0:19],[0:19],[6:11],1
[0:19],[0:19],[0:19],[0:19],[0:19],[0:19],[0:19],[0:19],[0:19],[0:19],[0:19],[0:19],[0:19],[7:11],[0:19],[0:19],[0:19],[0:19],[0:19],[12:15],0
[0:19],[0:19],[0:19],[0:19],[0:19],[0:19],[0:19],[0:19],[0:19],[0:19],[0:19],[0:19],[0:19],[7:11],[0:19],[0:19],[0:19],[0:19],[0:19],[6:11],0
[0:19],[0:19],[0:19],[0:19],[0:19],[0:19],[0:19],[0:19],[0:19],[0:19],[0:19],[0:19],[0:19],[7:11],[0:19],[0:19],[0:19],[0:19],[0:19],[6:11],1
[0:19],[0:19],[0:19],[0:19],[0:19],[0:19],[0:19],[0:19],[0:19],[0:19],[0:19],[0:19],[0:19],[12:14],[0:19],[0:19],[0:19],[0:19],[0:19],[12:15],0
[0:19],[0:19],[0:19],[0:19],[0:19],[0:19],[0:19],[0:19],[0:19],[0:19],[0:19],[0:19],[0:19],[12:14],[0:19],[0:19],[0:19],[0:19],[0:19],[6:11],0
[0:19],[0:19],[0:19],[0:19],[0:19],[0:19],[0:19],[0:19],[0:19],[0:19],[0:19],[0:19],[0:19],[12:14],[0:19],[0:19],[0:19],[0:19],[0:19],[6:11],0
[0:19],[0:19],[0:19],[0:19],[0:19],[0:19],[0:19],[0:19],[0:19],[0:19],[0:19],[0:19],[0:19],[7:11],[0:19],[0:19],[0:19],[0:19],[0:19],[6:11],0
[0:19],[0:19],[0:19],[0:19],[0:19],[0:19],[0:19],[0:19],[0:19],[0:19],[0:19],[0:19],[0:19],[7:11],[0:19],[0:19],[0:19],[0:19],[0:19],[6:11],1
[0:19],[0:19],[0:19],[0:19],[0:19],[0:19],[0:19],[0:19],[0:19],[0:19],[0:19],[0:19],[0:19],[7:11],[0:19],[0:19],[0:19],[0:19],[0:19],[6:11],1
[0:19],[0:19],[0:19],[0:19],[0:19],[0:19],[0:19],[0:19],[0:19],[0:19],[0:19],[0:19],[0:19],[7:11],[0:19],[0:19],[0:19],[0:19],[0:19],[3:5],0
[0:19],[0:19],[0:19],[0:19],[0:19],[0:19],[0:19],[0:19],[0:19],[0:19],[0:19],[0:19],[0:19],[12:14],[0:19],[0:19],[0:19],[0:19],[0:19],[6:11],0
[0:19],[0:19],[0:19],[0:19],[0:19],[0:19],[0:19],[0:19],[0:19],[0:19],[0:19],[0:19],[0:19],[7:11],[0:19],[0:19],[0:19],[0:19],[0:19],[6:11],0
[0:19],[0:19],[0:19],[0:19],[0:19],[0:19],[0:19],[0:19],[0:19],[0:19],[0:19],[0:19],[0:19],[7:11],[0:19],[0:19],[0:19],[0:19],[0:19],[6:11],1
[0:19],[0:19],[0:19],[0:19],[0:19],[0:19],[0:19],[0:19],[0:19],[0:19],[0:19],[0:19],[0:19],[7:11],[0:19],[0:19],[0:19],[0:19],[0:19],[6:11],1
[0:19],[0:19],[0:19],[0:19],[0:19],[0:19],[0:19],[0:19],[0:19],[0:19],[0:19],[0:19],[0:19],[0:6],[0:19],[0:19],[0:19],[0:19],[0:19],[6:11],0
[0:19],[0:19],[0:19],[0:19],[0:19],[0:19],[0:19],[0:19],[0:19],[0:19],[0:19],[0:19],[0:19],[7:11],[0:19],[0:19],[0:19],[0:19],[0:19],[6:11],1
[0:19],[0:19],[0:19],[0:19],[0:19],[0:19],[0:19],[0:19],[0:19],[0:19],[0:19],[0:19],[0:19],[7:11],[0:19],[0:19],[0:19],[0:19],[0:19],[6:11],1
[0:19],[0:19],[0:19],[0:19],[0:19],[0:19],[0:19],[0:19],[0:19],[0:19],[0:19],[0:19],[0:19],[7:11],[0:19],[0:19],[0:19],[0:19],[0:19],[6:11],0
[0:19],[0:19],[0:19],[0:19],[0:19],[0:19],[0:19],[0:19],[0:19],[0:19],[0:19],[0:19],[0:19],[12:14],[0:19],[0:19],[0:19],[0:19],[0:19],[6:11],0
[0:19],[0:19],[0:19],[0:19],[0:19],[0:19],[0:19],[0:19],[0:19],[0:19],[0:19],[0:19],[0:19],[7:11],[0:19],[0:19],[0:19],[0:19],[0:19],[6:11],1
[0:19],[0:19],[0:19],[0:19],[0:19],[0:19],[0:19],[0:19],[0:19],[0:19],[0:19],[0:19],[0:19],[7:11],[0:19],[0:19],[0:19],[0:19],[0:19],[6:11],1
[0:19],[0:19],[0:19],[0:19],[0:19],[0:19],[0:19],[0:19],[0:19],[0:19],[0:19],[0:19],[0:19],[7:11],[0:19],[0:19],[0:19],[0:19],[0:19],[6:11],1
[0:19],[0:19],[0:19],[0:19],[0:19],[0:19],[0:19],[0:19],[0:19],[0:19],[0:19],[0:19],[0:19],[7:11],[0:19],[0:19],[0:19],[0:19],[0:19],[6:11],0
[0:19],[0:19],[0:19],[0:19],[0:19],[0:19],[0:19],[0:19],[0:19],[0:19],[0:19],[0:19],[0:19],[7:11],[0:19],[0:19],[0:19],[0:19],[0:19],[6:11],0
[0:19],[0:19],[0:19],[0:19],[0:19],[0:19],[0:19],[0:19],[0:19],[0:19],[0:19],[0:19],[0:19],[7:11],[0:19],[0:19],[0:19],[0:19],[0:19],[6:11],0
[0:19],[0:19],[0:19],[0:19],[0:19],[0:19],[0:19],[0:19],[0:19],[0:19],[0:19],[0:19],[0:19],[7:11],[0:19],[0:19],[0:19],[0:19],[0:19],[6:11],0
[0:19],[0:19],[0:19],[0:19],[0:19],[0:19],[0:19],[0:19],[0:19],[0:19],[0:19],[0:19],[0:19],[7:11],[0:19],[0:19],[0:19],[0:19],[0:19],[6:11],1
[0:19],[0:19],[0:19],[0:19],[0:19],[0:19],[0:19],[0:19],[0:19],[0:19],[0:19],[0:19],[0:19],[7:11],[0:19],[0:19],[0:19],[0:19],[0:19],[12:15],0
[0:19],[0:19],[0:19],[0:19],[0:19],[0:19],[0:19],[0:19],[0:19],[0:19],[0:19],[0:19],[0:19],[7:11],[0:19],[0:19],[0:19],[0:19],[0:19],[12:15],0
[0:19],[0:19],[0:19],[0:19],[0:19],[0:19],[0:19],[0:19],[0:19],[0:19],[0:19],[0:19],[0:19],[7:11],[0:19],[0:19],[0:19],[0:19],[0:19],[3:5],0
[0:19],[0:19],[0:19],[0:19],[0:19],[0:19],[0:19],[0:19],[0:19],[0:19],[0:19],[0:19],[0:19],[12:14],[0:19],[0:19],[0:19],[0:19],[0:19],[6:11],1
[0:19],[0:19],[0:19],[0:19],[0:19],[0:19],[0:19],[0:19],[0:19],[0:19],[0:19],[0:19],[0:19],[7:11],[0:19],[0:19],[0:19],[0:19],[0:19],[6:11],1
[0:19],[0:19],[0:19],[0:19],[0:19],[0:19],[0:19],[0:19],[0:19],[0:19],[0:19],[0:19],[0:19],[7:11],[0:19],[0:19],[0:19],[0:19],[0:19],[6:11],0
[0:19],[0:19],[0:19],[0:19],[0:19],[0:19],[0:19],[0:19],[0:19],[0:19],[0:19],[0:19],[0:19],[7:11],[0:19],[0:19],[0:19],[0:19],[0:19],[6:11],0
[0:19],[0:19],[0:19],[0:19],[0:19],[0:19],[0:19],[0:19],[0:19],[0:19],[0:19],[0:19],[0:19],[7:11],[0:19],[0:19],[0:19],[0:19],[0:19],[6:11],0
[0:19],[0:19],[0:19],[0:19],[0:19],[0:19],[0:19],[0:19],[0:19],[0:19],[0:19],[0:19],[0:19],[0:6],[0:19],[0:19],[0:19],[0:19],[0:19],[6:11],0
[0:19],[0:19],[0:19],[0:19],[0:19],[0:19],[0:19],[0:19],[0:19],[0:19],[0:19],[0:19],[0:19],[7:11],[0:19],[0:19],[0:19],[0:19],[0:19],[3:5],0
[0:19],[0:19],[0:19],[0:19],[0:19],[0:19],[0:19],[0:19],[0:19],[0:19],[0:19],[0:19],[0:19],[7:11],[0:19],[0:19],[0:19],[0:19],[0:19],[6:11],1
[0:19],[0:19],[0:19],[0:19],[0:19],[0:19],[0:19],[0:19],[0:19],[0:19],[0:19],[0:19],[0:19],[7:11],[0:19],[0:19],[0:19],[0:19],[0:19],[6:11],0
[0:19],[0:19],[0:19],[0:19],[0:19],[0:19],[0:19],[0:19],[0:19],[0:19],[0:19],[0:19],[0:19],[0:6],[0:19],[0:19],[0:19],[0:19],[0:19],[6:11],0
[0:19],[0:19],[0:19],[0:19],[0:19],[0:19],[0:19],[0:19],[0:19],[0:19],[0:19],[0:19],[0:19],[7:11],[0:19],[0:19],[0:19],[0:19],[0:19],[3:5],0
[0:19],[0:19],[0:19],[0:19],[0:19],[0:19],[0:19],[0:19],[0:19],[0:19],[0:19],[0:19],[0:19],[7:11],[0:19],[0:19],[0:19],[0:19],[0:19],[6:11],1
[0:19],[0:19],[0:19],[0:19],[0:19],[0:19],[0:19],[0:19],[0:19],[0:19],[0:19],[0:19],[0:19],[7:11],[0:19],[0:19],[0:19],[0:19],[0:19],[6:11],1
[0:19],[0:19],[0:19],[0:19],[0:19],[0:19],[0:19],[0:19],[0:19],[0:19],[0:19],[0:19],[0:19],[7:11],[0:19],[0:19],[0:19],[0:19],[0:19],[6:11],1
[0:19],[0:19],[0:19],[0:19],[0:19],[0:19],[0:19],[0:19],[0:19],[0:19],[0:19],[0:19],[0:19],[0:6],[0:19],[0:19],[0:19],[0:19],[0:19],[6:11],0
[0:19],[0:19],[0:19],[0:19],[0:19],[0:19],[0:19],[0:19],[0:19],[0:19],[0:19],[0:19],[0:19],[7:11],[0:19],[0:19],[0:19],[0:19],[0:19],[12:15],0
[0:19],[0:19],[0:19],[0:19],[0:19],[0:19],[0:19],[0:19],[0:19],[0:19],[0:19],[0:19],[0:19],[7:11],[0:19],[0:19],[0:19],[0:19],[0:19],[6:11],0
[0:19],[0:19],[0:19],[0:19],[0:19],[0:19],[0:19],[0:19],[0:19],[0:19],[0:19],[0:19],[0:19],[7:11],[0:19],[0:19],[0:19],[0:19],[0:19],[6:11],1
[0:19],[0:19],[0:19],[0:19],[0:19],[0:19],[0:19],[0:19],[0:19],[0:19],[0:19],[0:19],[0:19],[7:11],[0:19],[0:19],[0:19],[0:19],[0:19],[6:11],0
[0:19],[0:19],[0:19],[0:19],[0:19],[0:19],[0:19],[0:19],[0:19],[0:19],[0:19],[0:19],[0:19],[12:14],[0:19],[0:19],[0:19],[0:19],[0:19],[6:11],1
[0:19],[0:19],[0:19],[0:19],[0:19],[0:19],[0:19],[0:19],[0:19],[0:19],[0:19],[0:19],[0:19],[7:11],[0:19],[0:19],[0:19],[0:19],[0:19],[6:11],0
[0:19],[0:19],[0:19],[0:19],[0:19],[0:19],[0:19],[0:19],[0:19],[0:19],[0:19],[0:19],[0:19],[7:11],[0:19],[0:19],[0:19],[0:19],[0:19],[6:11],1
[0:19],[0:19],[0:19],[0:19],[0:19],[0:19],[0:19],[0:19],[0:19],[0:19],[0:19],[0:19],[0:19],[7:11],[0:19],[0:19],[0:19],[0:19],[0:19],[6:11],1
[0:19],[0:19],[0:19],[0:19],[0:19],[0:19],[0:19],[0:19],[0:19],[0:19],[0:19],[0:19],[0:19],[7:11],[0:19],[0:19],[0:19],[0:19],[0:19],[6:11],1
[0:19],[0:19],[0:19],[0:19],[0:19],[0:19],[0:19],[0:19],[0:19],[0:19],[0:19],[0:19],[0:19],[7:11],[0:19],[0:19],[0:19],[0:19],[0:19],[6:11],1
[0:19],[0:19],[0:19],[0:19],[0:19],[0:19],[0:19],[0:19],[0:19],[0:19],[0:19],[0:19],[0:19],[7:11],[0:19],[0:19],[0:19],[0:19],[0:19],[6:11],1
[0:19],[0:19],[0:19],[0:19],[0:19],[0:19],[0:19],[0:19],[0:19],[0:19],[0:19],[0:19],[0:19],[7:11],[0:19],[0:19],[0:19],[0:19],[0:19],[3:5],0
[0:19],[0:19],[0:19],[0:19],[0:19],[0:19],[0:19],[0:19],[0:19],[0:19],[0:19],[0:19],[0:19],[12:14],[0:19],[0:19],[0:19],[0:19],[0:19],[6:11],0
[0:19],[0:19],[0:19],[0:19],[0:19],[0:19],[0:19],[0:19],[0:19],[0:19],[0:19],[0:19],[0:19],[0:6],[0:19],[0:19],[0:19],[0:19],[0:19],[6:11],0
[0:19],[0:19],[0:19],[0:19],[0:19],[0:19],[0:19],[0:19],[0:19],[0:19],[0:19],[0:19],[0:19],[0:6],[0:19],[0:19],[0:19],[0:19],[0:19],[6:11],0
[0:19],[0:19],[0:19],[0:19],[0:19],[0:19],[0:19],[0:19],[0:19],[0:19],[0:19],[0:19],[0:19],[7:11],[0:19],[0:19],[0:19],[0:19],[0:19],[6:11],0
[0:19],[0:19],[0:19],[0:19],[0:19],[0:19],[0:19],[0:19],[0:19],[0:19],[0:19],[0:19],[0:19],[7:11],[0:19],[0:19],[0:19],[0:19],[0:19],[6:11],1
[0:19],[0:19],[0:19],[0:19],[0:19],[0:19],[0:19],[0:19],[0:19],[0:19],[0:19],[0:19],[0:19],[7:11],[0:19],[0:19],[0:19],[0:19],[0:19],[6:11],1
[0:19],[0:19],[0:19],[0:19],[0:19],[0:19],[0:19],[0:19],[0:19],[0:19],[0:19],[0:19],[0:19],[0:6],[0:19],[0:19],[0:19],[0:19],[0:19],[6:11],0
[0:19],[0:19],[0:19],[0:19],[0:19],[0:19],[0:19],[0:19],[0:19],[0:19],[0:19],[0:19],[0:19],[12:14],[0:19],[0:19],[0:19],[0:19],[0:19],[6:11],1
[0:19],[0:19],[0:19],[0:19],[0:19],[0:19],[0:19],[0:19],[0:19],[0:19],[0:19],[0:19],[0:19],[7:11],[0:19],[0:19],[0:19],[0:19],[0:19],[6:11],1
[0:19],[0:19],[0:19],[0:19],[0:19],[0:19],[0:19],[0:19],[0:19],[0:19],[0:19],[0:19],[0:19],[12:14],[0:19],[0:19],[0:19],[0:19],[0:19],[6:11],0
[0:19],[0:19],[0:19],[0:19],[0:19],[0:19],[0:19],[0:19],[0:19],[0:19],[0:19],[0:19],[0:19],[0:6],[0:19],[0:19],[0:19],[0:19],[0:19],[6:11],0
[0:19],[0:19],[0:19],[0:19],[0:19],[0:19],[0:19],[0:19],[0:19],[0:19],[0:19],[0:19],[0:19],[7:11],[0:19],[0:19],[0:19],[0:19],[0:19],[6:11],1
[0:19],[0:19],[0:19],[0:19],[0:19],[0:19],[0:19],[0:19],[0:19],[0:19],[0:19],[0:19],[0:19],[7:11],[0:19],[0:19],[0:19],[0:19],[0:19],[6:11],0
[0:19],[0:19],[0:19],[0:19],[0:19],[0:19],[0:19],[0:19],[0:19],[0:19],[0:19],[0:19],[0:19],[7:11],[0:19],[0:19],[0:19],[0:19],[0:19],[12:15],1
[0:19],[0:19],[0:19],[0:19],[0:19],[0:19],[0:19],[0:19],[0:19],[0:19],[0:19],[0:19],[0:19],[7:11],[0:19],[0:19],[0:19],[0:19],[0:19],[3:5],0
[0:19],[0:19],[0:19],[0:19],[0:19],[0:19],[0:19],[0:19],[0:19],[0:19],[0:19],[0:19],[0:19],[12:14],[0:19],[0:19],[0:19],[0:19],[0:19],[6:11],0
[0:19],[0:19],[0:19],[0:19],[0:19],[0:19],[0:19],[0:19],[0:19],[0:19],[0:19],[0:19],[0:19],[7:11],[0:19],[0:19],[0:19],[0:19],[0:19],[6:11],0
[0:19],[0:19],[0:19],[0:19],[0:19],[0:19],[0:19],[0:19],[0:19],[0:19],[0:19],[0:19],[0:19],[7:11],[0:19],[0:19],[0:19],[0:19],[0:19],[6:11],1
[0:19],[0:19],[0:19],[0:19],[0:19],[0:19],[0:19],[0:19],[0:19],[0:19],[0:19],[0:19],[0:19],[7:11],[0:19],[0:19],[0:19],[0:19],[0:19],[6:11],0
[0:19],[0:19],[0:19],[0:19],[0:19],[0:19],[0:19],[0:19],[0:19],[0:19],[0:19],[0:19],[0:19],[7:11],[0:19],[0:19],[0:19],[0:19],[0:19],[6:11],1
[0:19],[0:19],[0:19],[0:19],[0:19],[0:19],[0:19],[0:19],[0:19],[0:19],[0:19],[0:19],[0:19],[12:14],[0:19],[0:19],[0:19],[0:19],[0:19],[12:15],0
[0:19],[0:19],[0:19],[0:19],[0:19],[0:19],[0:19],[0:19],[0:19],[0:19],[0:19],[0:19],[0:19],[7:11],[0:19],[0:19],[0:19],[0:19],[0:19],[6:11],0
[0:19],[0:19],[0:19],[0:19],[0:19],[0:19],[0:19],[0:19],[0:19],[0:19],[0:19],[0:19],[0:19],[7:11],[0:19],[0:19],[0:19],[0:19],[0:19],[12:15],0
[0:19],[0:19],[0:19],[0:19],[0:19],[0:19],[0:19],[0:19],[0:19],[0:19],[0:19],[0:19],[0:19],[7:11],[0:19],[0:19],[0:19],[0:19],[0:19],[6:11],1
[0:19],[0:19],[0:19],[0:19],[0:19],[0:19],[0:19],[0:19],[0:19],[0:19],[0:19],[0:19],[0:19],[7:11],[0:19],[0:19],[0:19],[0:19],[0:19],[3:5],0
[0:19],[0:19],[0:19],[0:19],[0:19],[0:19],[0:19],[0:19],[0:19],[0:19],[0:19],[0:19],[0:19],[7:11],[0:19],[0:19],[0:19],[0:19],[0:19],[12:15],0
[0:19],[0:19],[0:19],[0:19],[0:19],[0:19],[0:19],[0:19],[0:19],[0:19],[0:19],[0:19],[0:19],[7:11],[0:19],[0:19],[0:19],[0:19],[0:19],[6:11],1
[0:19],[0:19],[0:19],[0:19],[0:19],[0:19],[0:19],[0:19],[0:19],[0:19],[0:19],[0:19],[0:19],[7:11],[0:19],[0:19],[0:19],[0:19],[0:19],[6:11],1
[0:19],[0:19],[0:19],[0:19],[0:19],[0:19],[0:19],[0:19],[0:19],[0:19],[0:19],[0:19],[0:19],[7:11],[0:19],[0:19],[0:19],[0:19],[0:19],[6:11],0
[0:19],[0:19],[0:19],[0:19],[0:19],[0:19],[0:19],[0:19],[0:19],[0:19],[0:19],[0:19],[0:19],[7:11],[0:19],[0:19],[0:19],[0:19],[0:19],[6:11],1
[0:19],[0:19],[0:19],[0:19],[0:19],[0:19],[0:19],[0:19],[0:19],[0:19],[0:19],[0:19],[0:19],[12:14],[0:19],[0:19],[0:19],[0:19],[0:19],[6:11],1
[0:19],[0:19],[0:19],[0:19],[0:19],[0:19],[0:19],[0:19],[0:19],[0:19],[0:19],[0:19],[0:19],[7:11],[0:19],[0:19],[0:19],[0:19],[0:19],[6:11],0
[0:19],[0:19],[0:19],[0:19],[0:19],[0:19],[0:19],[0:19],[0:19],[0:19],[0:19],[0:19],[0:19],[7:11],[0:19],[0:19],[0:19],[0:19],[0:19],[6:11],0
[0:19],[0:19],[0:19],[0:19],[0:19],[0:19],[0:19],[0:19],[0:19],[0:19],[0:19],[0:19],[0:19],[7:11],[0:19],[0:19],[0:19],[0:19],[0:19],[6:11],1
[0:19],[0:19],[0:19],[0:19],[0:19],[0:19],[0:19],[0:19],[0:19],[0:19],[0:19],[0:19],[0:19],[7:11],[0:19],[0:19],[0:19],[0:19],[0:19],[3:5],0
[0:19],[0:19],[0:19],[0:19],[0:19],[0:19],[0:19],[0:19],[0:19],[0:19],[0:19],[0:19],[0:19],[7:11],[0:19],[0:19],[0:19],[0:19],[0:19],[6:11],0
[0:19],[0:19],[0:19],[0:19],[0:19],[0:19],[0:19],[0:19],[0:19],[0:19],[0:19],[0:19],[0:19],[12:14],[0:19],[0:19],[0:19],[0:19],[0:19],[6:11],0
[0:19],[0:19],[0:19],[0:19],[0:19],[0:19],[0:19],[0:19],[0:19],[0:19],[0:19],[0:19],[0:19],[7:11],[0:19],[0:19],[0:19],[0:19],[0:19],[6:11],0
[0:19],[0:19],[0:19],[0:19],[0:19],[0:19],[0:19],[0:19],[0:19],[0:19],[0:19],[0:19],[0:19],[7:11],[0:19],[0:19],[0:19],[0:19],[0:19],[6:11],1
[0:19],[0:19],[0:19],[0:19],[0:19],[0:19],[0:19],[0:19],[0:19],[0:19],[0:19],[0:19],[0:19],[7:11],[0:19],[0:19],[0:19],[0:19],[0:19],[6:11],1
[0:19],[0:19],[0:19],[0:19],[0:19],[0:19],[0:19],[0:19],[0:19],[0:19],[0:19],[0:19],[0:19],[12:14],[0:19],[0:19],[0:19],[0:19],[0:19],[6:11],1
[0:19],[0:19],[0:19],[0:19],[0:19],[0:19],[0:19],[0:19],[0:19],[0:19],[0:19],[0:19],[0:19],[7:11],[0:19],[0:19],[0:19],[0:19],[0:19],[6:11],1
[0:19],[0:19],[0:19],[0:19],[0:19],[0:19],[0:19],[0:19],[0:19],[0:19],[0:19],[0:19],[0:19],[7:11],[0:19],[0:19],[0:19],[0:19],[0:19],[6:11],0
[0:19],[0:19],[0:19],[0:19],[0:19],[0:19],[0:19],[0:19],[0:19],[0:19],[0:19],[0:19],[0:19],[7:11],[0:19],[0:19],[0:19],[0:19],[0:19],[6:11],1
[0:19],[0:19],[0:19],[0:19],[0:19],[0:19],[0:19],[0:19],[0:19],[0:19],[0:19],[0:19],[0:19],[7:11],[0:19],[0:19],[0:19],[0:19],[0:19],[6:11],1
[0:19],[0:19],[0:19],[0:19],[0:19],[0:19],[0:19],[0:19],[0:19],[0:19],[0:19],[0:19],[0:19],[7:11],[0:19],[0:19],[0:19],[0:19],[0:19],[6:11],1
[0:19],[0:19],[0:19],[0:19],[0:19],[0:19],[0:19],[0:19],[0:19],[0:19],[0:19],[0:19],[0:19],[7:11],[0:19],[0:19],[0:19],[0:19],[0:19],[6:11],0
[0:19],[0:19],[0:19],[0:19],[0:19],[0:19],[0:19],[0:19],[0:19],[0:19],[0:19],[0:19],[0:19],[7:11],[0:19],[0:19],[0:19],[0:19],[0:19],[6:11],1
[0:19],[0:19],[0:19],[0:19],[0:19],[0:19],[0:19],[0:19],[0:19],[0:19],[0:19],[0:19],[0:19],[7:11],[0:19],[0:19],[0:19],[0:19],[0:19],[6:11],0
[0:19],[0:19],[0:19],[0:19],[0:19],[0:19],[0:19],[0:19],[0:19],[0:19],[0:19],[0:19],[0:19],[7:11],[0:19],[0:19],[0:19],[0:19],[0:19],[6:11],0
[0:19],[0:19],[0:19],[0:19],[0:19],[0:19],[0:19],[0:19],[0:19],[0:19],[0:19],[0:19],[0:19],[7:11],[0:19],[0:19],[0:19],[0:19],[0:19],[6:11],0
[0:19],[0:19],[0:19],[0:19],[0:19],[0:19],[0:19],[0:19],[0:19],[0:19],[0:19],[0:19],[0:19],[7:11],[0:19],[0:19],[0:19],[0:19],[0:19],[6:11],1
[0:19],[0:19],[0:19],[0:19],[0:19],[0:19],[0:19],[0:19],[0:19],[0:19],[0:19],[0:19],[0:19],[7:11],[0:19],[0:19],[0:19],[0:19],[0:19],[6:11],0
[0:19],[0:19],[0:19],[0:19],[0:19],[0:19],[0:19],[0:19],[0:19],[0:19],[0:19],[0:19],[0:19],[0:6],[0:19],[0:19],[0:19],[0:19],[0:19],[12:15],0
[0:19],[0:19],[0:19],[0:19],[0:19],[0:19],[0:19],[0:19],[0:19],[0:19],[0:19],[0:19],[0:19],[7:11],[0:19],[0:19],[0:19],[0:19],[0:19],[6:11],1
[0:19],[0:19],[0:19],[0:19],[0:19],[0:19],[0:19],[0:19],[0:19],[0:19],[0:19],[0:19],[0:19],[7:11],[0:19],[0:19],[0:19],[0:19],[0:19],[6:11],1
[0:19],[0:19],[0:19],[0:19],[0:19],[0:19],[0:19],[0:19],[0:19],[0:19],[0:19],[0:19],[0:19],[7:11],[0:19],[0:19],[0:19],[0:19],[0:19],[6:11],1
[0:19],[0:19],[0:19],[0:19],[0:19],[0:19],[0:19],[0:19],[0:19],[0:19],[0:19],[0:19],[0:19],[12:14],[0:19],[0:19],[0:19],[0:19],[0:19],[6:11],1
[0:19],[0:19],[0:19],[0:19],[0:19],[0:19],[0:19],[0:19],[0:19],[0:19],[0:19],[0:19],[0:19],[7:11],[0:19],[0:19],[0:19],[0:19],[0:19],[6:11],1
[0:19],[0:19],[0:19],[0:19],[0:19],[0:19],[0:19],[0:19],[0:19],[0:19],[0:19],[0:19],[0:19],[7:11],[0:19],[0:19],[0:19],[0:19],[0:19],[6:11],0
[0:19],[0:19],[0:19],[0:19],[0:19],[0:19],[0:19],[0:19],[0:19],[0:19],[0:19],[0:19],[0:19],[7:11],[0:19],[0:19],[0:19],[0:19],[0:19],[6:11],0
[0:19],[0:19],[0:19],[0:19],[0:19],[0:19],[0:19],[0:19],[0:19],[0:19],[0:19],[0:19],[0:19],[7:11],[0:19],[0:19],[0:19],[0:19],[0:19],[6:11],1
[0:19],[0:19],[0:19],[0:19],[0:19],[0:19],[0:19],[0:19],[0:19],[0:19],[0:19],[0:19],[0:19],[7:11],[0:19],[0:19],[0:19],[0:19],[0:19],[6:11],1
[0:19],[0:19],[0:19],[0:19],[0:19],[0:19],[0:19],[0:19],[0:19],[0:19],[0:19],[0:19],[0:19],[12:14],[0:19],[0:19],[0:19],[0:19],[0:19],[6:11],0
[0:19],[0:19],[0:19],[0:19],[0:19],[0:19],[0:19],[0:19],[0:19],[0:19],[0:19],[0:19],[0:19],[7:11],[0:19],[0:19],[0:19],[0:19],[0:19],[6:11],0
[0:19],[0:19],[0:19],[0:19],[0:19],[0:19],[0:19],[0:19],[0:19],[0:19],[0:19],[0:19],[0:19],[7:11],[0:19],[0:19],[0:19],[0:19],[0:19],[6:11],1
[0:19],[0:19],[0:19],[0:19],[0:19],[0:19],[0:19],[0:19],[0:19],[0:19],[0:19],[0:19],[0:19],[7:11],[0:19],[0:19],[0:19],[0:19],[0:19],[6:11],1
[0:19],[0:19],[0:19],[0:19],[0:19],[0:19],[0:19],[0:19],[0:19],[0:19],[0:19],[0:19],[0:19],[7:11],[0:19],[0:19],[0:19],[0:19],[0:19],[6:11],1
[0:19],[0:19],[0:19],[0:19],[0:19],[0:19],[0:19],[0:19],[0:19],[0:19],[0:19],[0:19],[0:19],[7:11],[0:19],[0:19],[0:19],[0:19],[0:19],[6:11],0
[0:19],[0:19],[0:19],[0:19],[0:19],[0:19],[0:19],[0:19],[0:19],[0:19],[0:19],[0:19],[0:19],[7:11],[0:19],[0:19],[0:19],[0:19],[0:19],[6:11],1
[0:19],[0:19],[0:19],[0:19],[0:19],[0:19],[0:19],[0:19],[0:19],[0:19],[0:19],[0:19],[0:19],[7:11],[0:19],[0:19],[0:19],[0:19],[0:19],[6:11],1
[0:19],[0:19],[0:19],[0:19],[0:19],[0:19],[0:19],[0:19],[0:19],[0:19],[0:19],[0:19],[0:19],[7:11],[0:19],[0:19],[0:19],[0:19],[0:19],[6:11],1
[0:19],[0:19],[0:19],[0:19],[0:19],[0:19],[0:19],[0:19],[0:19],[0:19],[0:19],[0:19],[0:19],[7:11],[0:19],[0:19],[0:19],[0:19],[0:19],[6:11],1
[0:19],[0:19],[0:19],[0:19],[0:19],[0:19],[0:19],[0:19],[0:19],[0:19],[0:19],[0:19],[0:19],[7:11],[0:19],[0:19],[0:19],[0:19],[0:19],[6:11],0
[0:19],[0:19],[0:19],[0:19],[0:19],[0:19],[0:19],[0:19],[0:19],[0:19],[0:19],[0:19],[0:19],[7:11],[0:19],[0:19],[0:19],[0:19],[0:19],[6:11],1
[0:19],[0:19],[0:19],[0:19],[0:19],[0:19],[0:19],[0:19],[0:19],[0:19],[0:19],[0:19],[0:19],[7:11],[0:19],[0:19],[0:19],[0:19],[0:19],[6:11],0
[0:19],[0:19],[0:19],[0:19],[0:19],[0:19],[0:19],[0:19],[0:19],[0:19],[0:19],[0:19],[0:19],[7:11],[0:19],[0:19],[0:19],[0:19],[0:19],[6:11],1
[0:19],[0:19],[0:19],[0:19],[0:19],[0:19],[0:19],[0:19],[0:19],[0:19],[0:19],[0:19],[0:19],[12:14],[0:19],[0:19],[0:19],[0:19],[0:19],[6:11],1
[0:19],[0:19],[0:19],[0:19],[0:19],[0:19],[0:19],[0:19],[0:19],[0:19],[0:19],[0:19],[0:19],[0:6],[0:19],[0:19],[0:19],[0:19],[0:19],[6:11],0
[0:19],[0:19],[0:19],[0:19],[0:19],[0:19],[0:19],[0:19],[0:19],[0:19],[0:19],[0:19],[0:19],[7:11],[0:19],[0:19],[0:19],[0:19],[0:19],[6:11],0
[0:19],[0:19],[0:19],[0:19],[0:19],[0:19],[0:19],[0:19],[0:19],[0:19],[0:19],[0:19],[0:19],[0:6],[0:19],[0:19],[0:19],[0:19],[0:19],[6:11],0
[0:19],[0:19],[0:19],[0:19],[0:19],[0:19],[0:19],[0:19],[0:19],[0:19],[0:19],[0:19],[0:19],[7:11],[0:19],[0:19],[0:19],[0:19],[0:19],[6:11],1
[0:19],[0:19],[0:19],[0:19],[0:19],[0:19],[0:19],[0:19],[0:19],[0:19],[0:19],[0:19],[0:19],[7:11],[0:19],[0:19],[0:19],[0:19],[0:19],[12:15],0
[0:19],[0:19],[0:19],[0:19],[0:19],[0:19],[0:19],[0:19],[0:19],[0:19],[0:19],[0:19],[0:19],[12:14],[0:19],[0:19],[0:19],[0:19],[0:19],[6:11],0
[0:19],[0:19],[0:19],[0:19],[0:19],[0:19],[0:19],[0:19],[0:19],[0:19],[0:19],[0:19],[0:19],[7:11],[0:19],[0:19],[0:19],[0:19],[0:19],[6:11],0
[0:19],[0:19],[0:19],[0:19],[0:19],[0:19],[0:19],[0:19],[0:19],[0:19],[0:19],[0:19],[0:19],[7:11],[0:19],[0:19],[0:19],[0:19],[0:19],[6:11],0
[0:19],[0:19],[0:19],[0:19],[0:19],[0:19],[0:19],[0:19],[0:19],[0:19],[0:19],[0:19],[0:19],[7:11],[0:19],[0:19],[0:19],[0:19],[0:19],[12:15],1
[0:19],[0:19],[0:19],[0:19],[0:19],[0:19],[0:19],[0:19],[0:19],[0:19],[0:19],[0:19],[0:19],[7:11],[0:19],[0:19],[0:19],[0:19],[0:19],[6:11],0
[0:19],[0:19],[0:19],[0:19],[0:19],[0:19],[0:19],[0:19],[0:19],[0:19],[0:19],[0:19],[0:19],[7:11],[0:19],[0:19],[0:19],[0:19],[0:19],[3:5],0
[0:19],[0:19],[0:19],[0:19],[0:19],[0:19],[0:19],[0:19],[0:19],[0:19],[0:19],[0:19],[0:19],[7:11],[0:19],[0:19],[0:19],[0:19],[0:19],[6:11],1
[0:19],[0:19],[0:19],[0:19],[0:19],[0:19],[0:19],[0:19],[0:19],[0:19],[0:19],[0:19],[0:19],[0:6],[0:19],[0:19],[0:19],[0:19],[0:19],[0:2],0
[0:19],[0:19],[0:19],[0:19],[0:19],[0:19],[0:19],[0:19],[0:19],[0:19],[0:19],[0:19],[0:19],[7:11],[0:19],[0:19],[0:19],[0:19],[0:19],[6:11],0
[0:19],[0:19],[0:19],[0:19],[0:19],[0:19],[0:19],[0:19],[0:19],[0:19],[0:19],[0:19],[0:19],[7:11],[0:19],[0:19],[0:19],[0:19],[0:19],[6:11],0
[0:19],[0:19],[0:19],[0:19],[0:19],[0:19],[0:19],[0:19],[0:19],[0:19],[0:19],[0:19],[0:19],[7:11],[0:19],[0:19],[0:19],[0:19],[0:19],[6:11],1
[0:19],[0:19],[0:19],[0:19],[0:19],[0:19],[0:19],[0:19],[0:19],[0:19],[0:19],[0:19],[0:19],[7:11],[0:19],[0:19],[0:19],[0:19],[0:19],[6:11],0
[0:19],[0:19],[0:19],[0:19],[0:19],[0:19],[0:19],[0:19],[0:19],[0:19],[0:19],[0:19],[0:19],[7:11],[0:19],[0:19],[0:19],[0:19],[0:19],[6:11],1
[0:19],[0:19],[0:19],[0:19],[0:19],[0:19],[0:19],[0:19],[0:19],[0:19],[0:19],[0:19],[0:19],[7:11],[0:19],[0:19],[0:19],[0:19],[0:19],[6:11],1
[0:19],[0:19],[0:19],[0:19],[0:19],[0:19],[0:19],[0:19],[0:19],[0:19],[0:19],[0:19],[0:19],[12:14],[0:19],[0:19],[0:19],[0:19],[0:19],[6:11],0
[0:19],[0:19],[0:19],[0:19],[0:19],[0:19],[0:19],[0:19],[0:19],[0:19],[0:19],[0:19],[0:19],[7:11],[0:19],[0:19],[0:19],[0:19],[0:19],[3:5],0
[0:19],[0:19],[0:19],[0:19],[0:19],[0:19],[0:19],[0:19],[0:19],[0:19],[0:19],[0:19],[0:19],[7:11],[0:19],[0:19],[0:19],[0:19],[0:19],[6:11],1
[0:19],[0:19],[0:19],[0:19],[0:19],[0:19],[0:19],[0:19],[0:19],[0:19],[0:19],[0:19],[0:19],[7:11],[0:19],[0:19],[0:19],[0:19],[0:19],[6:11],1
[0:19],[0:19],[0:19],[0:19],[0:19],[0:19],[0:19],[0:19],[0:19],[0:19],[0:19],[0:19],[0:19],[7:11],[0:19],[0:19],[0:19],[0:19],[0:19],[3:5],0
[0:19],[0:19],[0:19],[0:19],[0:19],[0:19],[0:19],[0:19],[0:19],[0:19],[0:19],[0:19],[0:19],[7:11],[0:19],[0:19],[0:19],[0:19],[0:19],[6:11],1
[0:19],[0:19],[0:19],[0:19],[0:19],[0:19],[0:19],[0:19],[0:19],[0:19],[0:19],[0:19],[0:19],[7:11],[0:19],[0:19],[0:19],[0:19],[0:19],[3:5],0
[0:19],[0:19],[0:19],[0:19],[0:19],[0:19],[0:19],[0:19],[0:19],[0:19],[0:19],[0:19],[0:19],[7:11],[0:19],[0:19],[0:19],[0:19],[0:19],[6:11],1
[0:19],[0:19],[0:19],[0:19],[0:19],[0:19],[0:19],[0:19],[0:19],[0:19],[0:19],[0:19],[0:19],[7:11],[0:19],[0:19],[0:19],[0:19],[0:19],[6:11],0
[0:19],[0:19],[0:19],[0:19],[0:19],[0:19],[0:19],[0:19],[0:19],[0:19],[0:19],[0:19],[0:19],[7:11],[0:19],[0:19],[0:19],[0:19],[0:19],[6:11],1
[0:19],[0:19],[0:19],[0:19],[0:19],[0:19],[0:19],[0:19],[0:19],[0:19],[0:19],[0:19],[0:19],[7:11],[0:19],[0:19],[0:19],[0:19],[0:19],[6:11],1
[0:19],[0:19],[0:19],[0:19],[0:19],[0:19],[0:19],[0:19],[0:19],[0:19],[0:19],[0:19],[0:19],[7:11],[0:19],[0:19],[0:19],[0:19],[0:19],[6:11],1
[0:19],[0:19],[0:19],[0:19],[0:19],[0:19],[0:19],[0:19],[0:19],[0:19],[0:19],[0:19],[0:19],[7:11],[0:19],[0:19],[0:19],[0:19],[0:19],[6:11],0
[0:19],[0:19],[0:19],[0:19],[0:19],[0:19],[0:19],[0:19],[0:19],[0:19],[0:19],[0:19],[0:19],[12:14],[0:19],[0:19],[0:19],[0:19],[0:19],[6:11],0
[0:19],[0:19],[0:19],[0:19],[0:19],[0:19],[0:19],[0:19],[0:19],[0:19],[0:19],[0:19],[0:19],[7:11],[0:19],[0:19],[0:19],[0:19],[0:19],[6:11],1
[0:19],[0:19],[0:19],[0:19],[0:19],[0:19],[0:19],[0:19],[0:19],[0:19],[0:19],[0:19],[0:19],[7:11],[0:19],[0:19],[0:19],[0:19],[0:19],[6:11],0
[0:19],[0:19],[0:19],[0:19],[0:19],[0:19],[0:19],[0:19],[0:19],[0:19],[0:19],[0:19],[0:19],[7:11],[0:19],[0:19],[0:19],[0:19],[0:19],[6:11],1
[0:19],[0:19],[0:19],[0:19],[0:19],[0:19],[0:19],[0:19],[0:19],[0:19],[0:19],[0:19],[0:19],[12:14],[0:19],[0:19],[0:19],[0:19],[0:19],[6:11],1
[0:19],[0:19],[0:19],[0:19],[0:19],[0:19],[0:19],[0:19],[0:19],[0:19],[0:19],[0:19],[0:19],[7:11],[0:19],[0:19],[0:19],[0:19],[0:19],[6:11],0
[0:19],[0:19],[0:19],[0:19],[0:19],[0:19],[0:19],[0:19],[0:19],[0:19],[0:19],[0:19],[0:19],[12:14],[0:19],[0:19],[0:19],[0:19],[0:19],[12:15],0
[0:19],[0:19],[0:19],[0:19],[0:19],[0:19],[0:19],[0:19],[0:19],[0:19],[0:19],[0:19],[0:19],[12:14],[0:19],[0:19],[0:19],[0:19],[0:19],[6:11],0
[0:19],[0:19],[0:19],[0:19],[0:19],[0:19],[0:19],[0:19],[0:19],[0:19],[0:19],[0:19],[0:19],[7:11],[0:19],[0:19],[0:19],[0:19],[0:19],[6:11],0
[0:19],[0:19],[0:19],[0:19],[0:19],[0:19],[0:19],[0:19],[0:19],[0:19],[0:19],[0:19],[0:19],[15:19],[0:19],[0:19],[0:19],[0:19],[0:19],[6:11],0
[0:19],[0:19],[0:19],[0:19],[0:19],[0:19],[0:19],[0:19],[0:19],[0:19],[0:19],[0:19],[0:19],[7:11],[0:19],[0:19],[0:19],[0:19],[0:19],[6:11],1
[0:19],[0:19],[0:19],[0:19],[0:19],[0:19],[0:19],[0:19],[0:19],[0:19],[0:19],[0:19],[0:19],[15:19],[0:19],[0:19],[0:19],[0:19],[0:19],[6:11],0
[0:19],[0:19],[0:19],[0:19],[0:19],[0:19],[0:19],[0:19],[0:19],[0:19],[0:19],[0:19],[0:19],[7:11],[0:19],[0:19],[0:19],[0:19],[0:19],[6:11],1
[0:19],[0:19],[0:19],[0:19],[0:19],[0:19],[0:19],[0:19],[0:19],[0:19],[0:19],[0:19],[0:19],[12:14],[0:19],[0:19],[0:19],[0:19],[0:19],[6:11],1
[0:19],[0:19],[0:19],[0:19],[0:19],[0:19],[0:19],[0:19],[0:19],[0:19],[0:19],[0:19],[0:19],[7:11],[0:19],[0:19],[0:19],[0:19],[0:19],[12:15],0
[0:19],[0:19],[0:19],[0:19],[0:19],[0:19],[0:19],[0:19],[0:19],[0:19],[0:19],[0:19],[0:19],[7:11],[0:19],[0:19],[0:19],[0:19],[0:19],[6:11],0
[0:19],[0:19],[0:19],[0:19],[0:19],[0:19],[0:19],[0:19],[0:19],[0:19],[0:19],[0:19],[0:19],[7:11],[0:19],[0:19],[0:19],[0:19],[0:19],[6:11],0
[0:19],[0:19],[0:19],[0:19],[0:19],[0:19],[0:19],[0:19],[0:19],[0:19],[0:19],[0:19],[0:19],[7:11],[0:19],[0:19],[0:19],[0:19],[0:19],[6:11],1
[0:19],[0:19],[0:19],[0:19],[0:19],[0:19],[0:19],[0:19],[0:19],[0:19],[0:19],[0:19],[0:19],[7:11],[0:19],[0:19],[0:19],[0:19],[0:19],[6:11],0
[0:19],[0:19],[0:19],[0:19],[0:19],[0:19],[0:19],[0:19],[0:19],[0:19],[0:19],[0:19],[0:19],[7:11],[0:19],[0:19],[0:19],[0:19],[0:19],[6:11],0
[0:19],[0:19],[0:19],[0:19],[0:19],[0:19],[0:19],[0:19],[0:19],[0:19],[0:19],[0:19],[0:19],[7:11],[0:19],[0:19],[0:19],[0:19],[0:19],[6:11],1
[0:19],[0:19],[0:19],[0:19],[0:19],[0:19],[0:19],[0:19],[0:19],[0:19],[0:19],[0:19],[0:19],[7:11],[0:19],[0:19],[0:19],[0:19],[0:19],[6:11],1
[0:19],[0:19],[0:19],[0:19],[0:19],[0:19],[0:19],[0:19],[0:19],[0:19],[0:19],[0:19],[0:19],[7:11],[0:19],[0:19],[0:19],[0:19],[0:19],[6:11],1
[0:19],[0:19],[0:19],[0:19],[0:19],[0:19],[0:19],[0:19],[0:19],[0:19],[0:19],[0:19],[0:19],[7:11],[0:19],[0:19],[0:19],[0:19],[0:19],[6:11],1
[0:19],[0:19],[0:19],[0:19],[0:19],[0:19],[0:19],[0:19],[0:19],[0:19],[0:19],[0:19],[0:19],[7:11],[0:19],[0:19],[0:19],[0:19],[0:19],[6:11],0
[0:19],[0:19],[0:19],[0:19],[0:19],[0:19],[0:19],[0:19],[0:19],[0:19],[0:19],[0:19],[0:19],[7:11],[0:19],[0:19],[0:19],[0:19],[0:19],[6:11],0
[0:19],[0:19],[0:19],[0:19],[0:19],[0:19],[0:19],[0:19],[0:19],[0:19],[0:19],[0:19],[0:19],[12:14],[0:19],[0:19],[0:19],[0:19],[0:19],[12:15],0
[0:19],[0:19],[0:19],[0:19],[0:19],[0:19],[0:19],[0:19],[0:19],[0:19],[0:19],[0:19],[0:19],[0:6],[0:19],[0:19],[0:19],[0:19],[0:19],[6:11],0
[0:19],[0:19],[0:19],[0:19],[0:19],[0:19],[0:19],[0:19],[0:19],[0:19],[0:19],[0:19],[0:19],[7:11],[0:19],[0:19],[0:19],[0:19],[0:19],[12:15],0
[0:19],[0:19],[0:19],[0:19],[0:19],[0:19],[0:19],[0:19],[0:19],[0:19],[0:19],[0:19],[0:19],[7:11],[0:19],[0:19],[0:19],[0:19],[0:19],[12:15],0
[0:19],[0:19],[0:19],[0:19],[0:19],[0:19],[0:19],[0:19],[0:19],[0:19],[0:19],[0:19],[0:19],[7:11],[0:19],[0:19],[0:19],[0:19],[0:19],[6:11],0
[0:19],[0:19],[0:19],[0:19],[0:19],[0:19],[0:19],[0:19],[0:19],[0:19],[0:19],[0:19],[0:19],[12:14],[0:19],[0:19],[0:19],[0:19],[0:19],[12:15],0
[0:19],[0:19],[0:19],[0:19],[0:19],[0:19],[0:19],[0:19],[0:19],[0:19],[0:19],[0:19],[0:19],[7:11],[0:19],[0:19],[0:19],[0:19],[0:19],[12:15],0
[0:19],[0:19],[0:19],[0:19],[0:19],[0:19],[0:19],[0:19],[0:19],[0:19],[0:19],[0:19],[0:19],[12:14],[0:19],[0:19],[0:19],[0:19],[0:19],[6:11],1
[0:19],[0:19],[0:19],[0:19],[0:19],[0:19],[0:19],[0:19],[0:19],[0:19],[0:19],[0:19],[0:19],[12:14],[0:19],[0:19],[0:19],[0:19],[0:19],[6:11],0
[0:19],[0:19],[0:19],[0:19],[0:19],[0:19],[0:19],[0:19],[0:19],[0:19],[0:19],[0:19],[0:19],[7:11],[0:19],[0:19],[0:19],[0:19],[0:19],[6:11],1
[0:19],[0:19],[0:19],[0:19],[0:19],[0:19],[0:19],[0:19],[0:19],[0:19],[0:19],[0:19],[0:19],[7:11],[0:19],[0:19],[0:19],[0:19],[0:19],[6:11],0
[0:19],[0:19],[0:19],[0:19],[0:19],[0:19],[0:19],[0:19],[0:19],[0:19],[0:19],[0:19],[0:19],[7:11],[0:19],[0:19],[0:19],[0:19],[0:19],[6:11],1
[0:19],[0:19],[0:19],[0:19],[0:19],[0:19],[0:19],[0:19],[0:19],[0:19],[0:19],[0:19],[0:19],[7:11],[0:19],[0:19],[0:19],[0:19],[0:19],[16:19],0
[0:19],[0:19],[0:19],[0:19],[0:19],[0:19],[0:19],[0:19],[0:19],[0:19],[0:19],[0:19],[0:19],[7:11],[0:19],[0:19],[0:19],[0:19],[0:19],[6:11],1
[0:19],[0:19],[0:19],[0:19],[0:19],[0:19],[0:19],[0:19],[0:19],[0:19],[0:19],[0:19],[0:19],[7:11],[0:19],[0:19],[0:19],[0:19],[0:19],[6:11],0
[0:19],[0:19],[0:19],[0:19],[0:19],[0:19],[0:19],[0:19],[0:19],[0:19],[0:19],[0:19],[0:19],[7:11],[0:19],[0:19],[0:19],[0:19],[0:19],[6:11],0
[0:19],[0:19],[0:19],[0:19],[0:19],[0:19],[0:19],[0:19],[0:19],[0:19],[0:19],[0:19],[0:19],[7:11],[0:19],[0:19],[0:19],[0:19],[0:19],[6:11],1
[0:19],[0:19],[0:19],[0:19],[0:19],[0:19],[0:19],[0:19],[0:19],[0:19],[0:19],[0:19],[0:19],[12:14],[0:19],[0:19],[0:19],[0:19],[0:19],[6:11],0
[0:19],[0:19],[0:19],[0:19],[0:19],[0:19],[0:19],[0:19],[0:19],[0:19],[0:19],[0:19],[0:19],[7:11],[0:19],[0:19],[0:19],[0:19],[0:19],[6:11],1
[0:19],[0:19],[0:19],[0:19],[0:19],[0:19],[0:19],[0:19],[0:19],[0:19],[0:19],[0:19],[0:19],[7:11],[0:19],[0:19],[0:19],[0:19],[0:19],[6:11],0
[0:19],[0:19],[0:19],[0:19],[0:19],[0:19],[0:19],[0:19],[0:19],[0:19],[0:19],[0:19],[0:19],[7:11],[0:19],[0:19],[0:19],[0:19],[0:19],[6:11],1
[0:19],[0:19],[0:19],[0:19],[0:19],[0:19],[0:19],[0:19],[0:19],[0:19],[0:19],[0:19],[0:19],[7:11],[0:19],[0:19],[0:19],[0:19],[0:19],[6:11],0
[0:19],[0:19],[0:19],[0:19],[0:19],[0:19],[0:19],[0:19],[0:19],[0:19],[0:19],[0:19],[0:19],[7:11],[0:19],[0:19],[0:19],[0:19],[0:19],[6:11],1
[0:19],[0:19],[0:19],[0:19],[0:19],[0:19],[0:19],[0:19],[0:19],[0:19],[0:19],[0:19],[0:19],[12:14],[0:19],[0:19],[0:19],[0:19],[0:19],[6:11],0
[0:19],[0:19],[0:19],[0:19],[0:19],[0:19],[0:19],[0:19],[0:19],[0:19],[0:19],[0:19],[0:19],[7:11],[0:19],[0:19],[0:19],[0:19],[0:19],[6:11],0
[0:19],[0:19],[0:19],[0:19],[0:19],[0:19],[0:19],[0:19],[0:19],[0:19],[0:19],[0:19],[0:19],[7:11],[0:19],[0:19],[0:19],[0:19],[0:19],[6:11],1
[0:19],[0:19],[0:19],[0:19],[0:19],[0:19],[0:19],[0:19],[0:19],[0:19],[0:19],[0:19],[0:19],[7:11],[0:19],[0:19],[0:19],[0:19],[0:19],[12:15],0
[0:19],[0:19],[0:19],[0:19],[0:19],[0:19],[0:19],[0:19],[0:19],[0:19],[0:19],[0:19],[0:19],[0:6],[0:19],[0:19],[0:19],[0:19],[0:19],[6:11],0
[0:19],[0:19],[0:19],[0:19],[0:19],[0:19],[0:19],[0:19],[0:19],[0:19],[0:19],[0:19],[0:19],[7:11],[0:19],[0:19],[0:19],[0:19],[0:19],[6:11],1
[0:19],[0:19],[0:19],[0:19],[0:19],[0:19],[0:19],[0:19],[0:19],[0:19],[0:19],[0:19],[0:19],[12:14],[0:19],[0:19],[0:19],[0:19],[0:19],[6:11],0
[0:19],[0:19],[0:19],[0:19],[0:19],[0:19],[0:19],[0:19],[0:19],[0:19],[0:19],[0:19],[0:19],[7:11],[0:19],[0:19],[0:19],[0:19],[0:19],[6:11],0
[0:19],[0:19],[0:19],[0:19],[0:19],[0:19],[0:19],[0:19],[0:19],[0:19],[0:19],[0:19],[0:19],[7:11],[0:19],[0:19],[0:19],[0:19],[0:19],[6:11],1
[0:19],[0:19],[0:19],[0:19],[0:19],[0:19],[0:19],[0:19],[0:19],[0:19],[0:19],[0:19],[0:19],[7:11],[0:19],[0:19],[0:19],[0:19],[0:19],[6:11],1
[0:19],[0:19],[0:19],[0:19],[0:19],[0:19],[0:19],[0:19],[0:19],[0:19],[0:19],[0:19],[0:19],[7:11],[0:19],[0:19],[0:19],[0:19],[0:19],[12:15],1
[0:19],[0:19],[0:19],[0:19],[0:19],[0:19],[0:19],[0:19],[0:19],[0:19],[0:19],[0:19],[0:19],[7:11],[0:19],[0:19],[0:19],[0:19],[0:19],[12:15],0
[0:19],[0:19],[0:19],[0:19],[0:19],[0:19],[0:19],[0:19],[0:19],[0:19],[0:19],[0:19],[0:19],[7:11],[0:19],[0:19],[0:19],[0:19],[0:19],[6:11],1
[0:19],[0:19],[0:19],[0:19],[0:19],[0:19],[0:19],[0:19],[0:19],[0:19],[0:19],[0:19],[0:19],[12:14],[0:19],[0:19],[0:19],[0:19],[0:19],[6:11],1
[0:19],[0:19],[0:19],[0:19],[0:19],[0:19],[0:19],[0:19],[0:19],[0:19],[0:19],[0:19],[0:19],[7:11],[0:19],[0:19],[0:19],[0:19],[0:19],[6:11],1
[0:19],[0:19],[0:19],[0:19],[0:19],[0:19],[0:19],[0:19],[0:19],[0:19],[0:19],[0:19],[0:19],[12:14],[0:19],[0:19],[0:19],[0:19],[0:19],[6:11],0
[0:19],[0:19],[0:19],[0:19],[0:19],[0:19],[0:19],[0:19],[0:19],[0:19],[0:19],[0:19],[0:19],[12:14],[0:19],[0:19],[0:19],[0:19],[0:19],[12:15],0
[0:19],[0:19],[0:19],[0:19],[0:19],[0:19],[0:19],[0:19],[0:19],[0:19],[0:19],[0:19],[0:19],[7:11],[0:19],[0:19],[0:19],[0:19],[0:19],[12:15],0
[0:19],[0:19],[0:19],[0:19],[0:19],[0:19],[0:19],[0:19],[0:19],[0:19],[0:19],[0:19],[0:19],[7:11],[0:19],[0:19],[0:19],[0:19],[0:19],[6:11],1
[0:19],[0:19],[0:19],[0:19],[0:19],[0:19],[0:19],[0:19],[0:19],[0:19],[0:19],[0:19],[0:19],[7:11],[0:19],[0:19],[0:19],[0:19],[0:19],[6:11],0
[0:19],[0:19],[0:19],[0:19],[0:19],[0:19],[0:19],[0:19],[0:19],[0:19],[0:19],[0:19],[0:19],[7:11],[0:19],[0:19],[0:19],[0:19],[0:19],[6:11],0
[0:19],[0:19],[0:19],[0:19],[0:19],[0:19],[0:19],[0:19],[0:19],[0:19],[0:19],[0:19],[0:19],[7:11],[0:19],[0:19],[0:19],[0:19],[0:19],[16:19],0
[0:19],[0:19],[0:19],[0:19],[0:19],[0:19],[0:19],[0:19],[0:19],[0:19],[0:19],[0:19],[0:19],[7:11],[0:19],[0:19],[0:19],[0:19],[0:19],[3:5],0
[0:19],[0:19],[0:19],[0:19],[0:19],[0:19],[0:19],[0:19],[0:19],[0:19],[0:19],[0:19],[0:19],[7:11],[0:19],[0:19],[0:19],[0:19],[0:19],[12:15],0
[0:19],[0:19],[0:19],[0:19],[0:19],[0:19],[0:19],[0:19],[0:19],[0:19],[0:19],[0:19],[0:19],[12:14],[0:19],[0:19],[0:19],[0:19],[0:19],[6:11],0
[0:19],[0:19],[0:19],[0:19],[0:19],[0:19],[0:19],[0:19],[0:19],[0:19],[0:19],[0:19],[0:19],[12:14],[0:19],[0:19],[0:19],[0:19],[0:19],[6:11],1
[0:19],[0:19],[0:19],[0:19],[0:19],[0:19],[0:19],[0:19],[0:19],[0:19],[0:19],[0:19],[0:19],[7:11],[0:19],[0:19],[0:19],[0:19],[0:19],[6:11],0
[0:19],[0:19],[0:19],[0:19],[0:19],[0:19],[0:19],[0:19],[0:19],[0:19],[0:19],[0:19],[0:19],[7:11],[0:19],[0:19],[0:19],[0:19],[0:19],[6:11],0
[0:19],[0:19],[0:19],[0:19],[0:19],[0:19],[0:19],[0:19],[0:19],[0:19],[0:19],[0:19],[0:19],[7:11],[0:19],[0:19],[0:19],[0:19],[0:19],[6:11],1
[0:19],[0:19],[0:19],[0:19],[0:19],[0:19],[0:19],[0:19],[0:19],[0:19],[0:19],[0:19],[0:19],[12:14],[0:19],[0:19],[0:19],[0:19],[0:19],[6:11],1
[0:19],[0:19],[0:19],[0:19],[0:19],[0:19],[0:19],[0:19],[0:19],[0:19],[0:19],[0:19],[0:19],[7:11],[0:19],[0:19],[0:19],[0:19],[0:19],[6:11],1
[0:19],[0:19],[0:19],[0:19],[0:19],[0:19],[0:19],[0:19],[0:19],[0:19],[0:19],[0:19],[0:19],[7:11],[0:19],[0:19],[0:19],[0:19],[0:19],[6:11],1
[0:19],[0:19],[0:19],[0:19],[0:19],[0:19],[0:19],[0:19],[0:19],[0:19],[0:19],[0:19],[0:19],[7:11],[0:19],[0:19],[0:19],[0:19],[0:19],[6:11],0
[0:19],[0:19],[0:19],[0:19],[0:19],[0:19],[0:19],[0:19],[0:19],[0:19],[0:19],[0:19],[0:19],[7:11],[0:19],[0:19],[0:19],[0:19],[0:19],[6:11],1
[0:19],[0:19],[0:19],[0:19],[0:19],[0:19],[0:19],[0:19],[0:19],[0:19],[0:19],[0:19],[0:19],[7:11],[0:19],[0:19],[0:19],[0:19],[0:19],[6:11],1
[0:19],[0:19],[0:19],[0:19],[0:19],[0:19],[0:19],[0:19],[0:19],[0:19],[0:19],[0:19],[0:19],[7:11],[0:19],[0:19],[0:19],[0:19],[0:19],[6:11],0
[0:19],[0:19],[0:19],[0:19],[0:19],[0:19],[0:19],[0:19],[0:19],[0:19],[0:19],[0:19],[0:19],[0:6],[0:19],[0:19],[0:19],[0:19],[0:19],[6:11],0
[0:19],[0:19],[0:19],[0:19],[0:19],[0:19],[0:19],[0:19],[0:19],[0:19],[0:19],[0:19],[0:19],[7:11],[0:19],[0:19],[0:19],[0:19],[0:19],[6:11],0
[0:19],[0:19],[0:19],[0:19],[0:19],[0:19],[0:19],[0:19],[0:19],[0:19],[0:19],[0:19],[0:19],[7:11],[0:19],[0:19],[0:19],[0:19],[0:19],[6:11],1
[0:19],[0:19],[0:19],[0:19],[0:19],[0:19],[0:19],[0:19],[0:19],[0:19],[0:19],[0:19],[0:19],[7:11],[0:19],[0:19],[0:19],[0:19],[0:19],[6:11],1
[0:19],[0:19],[0:19],[0:19],[0:19],[0:19],[0:19],[0:19],[0:19],[0:19],[0:19],[0:19],[0:19],[7:11],[0:19],[0:19],[0:19],[0:19],[0:19],[6:11],0
[0:19],[0:19],[0:19],[0:19],[0:19],[0:19],[0:19],[0:19],[0:19],[0:19],[0:19],[0:19],[0:19],[12:14],[0:19],[0:19],[0:19],[0:19],[0:19],[6:11],0
[0:19],[0:19],[0:19],[0:19],[0:19],[0:19],[0:19],[0:19],[0:19],[0:19],[0:19],[0:19],[0:19],[12:14],[0:19],[0:19],[0:19],[0:19],[0:19],[6:11],1
[0:19],[0:19],[0:19],[0:19],[0:19],[0:19],[0:19],[0:19],[0:19],[0:19],[0:19],[0:19],[0:19],[7:11],[0:19],[0:19],[0:19],[0:19],[0:19],[6:11],1
[0:19],[0:19],[0:19],[0:19],[0:19],[0:19],[0:19],[0:19],[0:19],[0:19],[0:19],[0:19],[0:19],[7:11],[0:19],[0:19],[0:19],[0:19],[0:19],[12:15],1
[0:19],[0:19],[0:19],[0:19],[0:19],[0:19],[0:19],[0:19],[0:19],[0:19],[0:19],[0:19],[0:19],[7:11],[0:19],[0:19],[0:19],[0:19],[0:19],[6:11],0
[0:19],[0:19],[0:19],[0:19],[0:19],[0:19],[0:19],[0:19],[0:19],[0:19],[0:19],[0:19],[0:19],[7:11],[0:19],[0:19],[0:19],[0:19],[0:19],[6:11],0
[0:19],[0:19],[0:19],[0:19],[0:19],[0:19],[0:19],[0:19],[0:19],[0:19],[0:19],[0:19],[0:19],[7:11],[0:19],[0:19],[0:19],[0:19],[0:19],[6:11],1
[0:19],[0:19],[0:19],[0:19],[0:19],[0:19],[0:19],[0:19],[0:19],[0:19],[0:19],[0:19],[0:19],[7:11],[0:19],[0:19],[0:19],[0:19],[0:19],[6:11],0
[0:19],[0:19],[0:19],[0:19],[0:19],[0:19],[0:19],[0:19],[0:19],[0:19],[0:19],[0:19],[0:19],[7:11],[0:19],[0:19],[0:19],[0:19],[0:19],[6:11],0
[0:19],[0:19],[0:19],[0:19],[0:19],[0:19],[0:19],[0:19],[0:19],[0:19],[0:19],[0:19],[0:19],[7:11],[0:19],[0:19],[0:19],[0:19],[0:19],[6:11],1
[0:19],[0:19],[0:19],[0:19],[0:19],[0:19],[0:19],[0:19],[0:19],[0:19],[0:19],[0:19],[0:19],[7:11],[0:19],[0:19],[0:19],[0:19],[0:19],[6:11],0
[0:19],[0:19],[0:19],[0:19],[0:19],[0:19],[0:19],[0:19],[0:19],[0:19],[0:19],[0:19],[0:19],[7:11],[0:19],[0:19],[0:19],[0:19],[0:19],[6:11],1
[0:19],[0:19],[0:19],[0:19],[0:19],[0:19],[0:19],[0:19],[0:19],[0:19],[0:19],[0:19],[0:19],[7:11],[0:19],[0:19],[0:19],[0:19],[0:19],[12:15],0
[0:19],[0:19],[0:19],[0:19],[0:19],[0:19],[0:19],[0:19],[0:19],[0:19],[0:19],[0:19],[0:19],[7:11],[0:19],[0:19],[0:19],[0:19],[0:19],[6:11],0
[0:19],[0:19],[0:19],[0:19],[0:19],[0:19],[0:19],[0:19],[0:19],[0:19],[0:19],[0:19],[0:19],[7:11],[0:19],[0:19],[0:19],[0:19],[0:19],[6:11],1
[0:19],[0:19],[0:19],[0:19],[0:19],[0:19],[0:19],[0:19],[0:19],[0:19],[0:19],[0:19],[0:19],[7:11],[0:19],[0:19],[0:19],[0:19],[0:19],[6:11],0
[0:19],[0:19],[0:19],[0:19],[0:19],[0:19],[0:19],[0:19],[0:19],[0:19],[0:19],[0:19],[0:19],[7:11],[0:19],[0:19],[0:19],[0:19],[0:19],[6:11],0
[0:19],[0:19],[0:19],[0:19],[0:19],[0:19],[0:19],[0:19],[0:19],[0:19],[0:19],[0:19],[0:19],[7:11],[0:19],[0:19],[0:19],[0:19],[0:19],[6:11],0
[0:19],[0:19],[0:19],[0:19],[0:19],[0:19],[0:19],[0:19],[0:19],[0:19],[0:19],[0:19],[0:19],[12:14],[0:19],[0:19],[0:19],[0:19],[0:19],[6:11],1
[0:19],[0:19],[0:19],[0:19],[0:19],[0:19],[0:19],[0:19],[0:19],[0:19],[0:19],[0:19],[0:19],[7:11],[0:19],[0:19],[0:19],[0:19],[0:19],[6:11],0
[0:19],[0:19],[0:19],[0:19],[0:19],[0:19],[0:19],[0:19],[0:19],[0:19],[0:19],[0:19],[0:19],[7:11],[0:19],[0:19],[0:19],[0:19],[0:19],[6:11],0
[0:19],[0:19],[0:19],[0:19],[0:19],[0:19],[0:19],[0:19],[0:19],[0:19],[0:19],[0:19],[0:19],[12:14],[0:19],[0:19],[0:19],[0:19],[0:19],[12:15],0
[0:19],[0:19],[0:19],[0:19],[0:19],[0:19],[0:19],[0:19],[0:19],[0:19],[0:19],[0:19],[0:19],[7:11],[0:19],[0:19],[0:19],[0:19],[0:19],[6:11],0
[0:19],[0:19],[0:19],[0:19],[0:19],[0:19],[0:19],[0:19],[0:19],[0:19],[0:19],[0:19],[0:19],[7:11],[0:19],[0:19],[0:19],[0:19],[0:19],[6:11],0
[0:19],[0:19],[0:19],[0:19],[0:19],[0:19],[0:19],[0:19],[0:19],[0:19],[0:19],[0:19],[0:19],[7:11],[0:19],[0:19],[0:19],[0:19],[0:19],[12:15],0
[0:19],[0:19],[0:19],[0:19],[0:19],[0:19],[0:19],[0:19],[0:19],[0:19],[0:19],[0:19],[0:19],[12:14],[0:19],[0:19],[0:19],[0:19],[0:19],[6:11],0
[0:19],[0:19],[0:19],[0:19],[0:19],[0:19],[0:19],[0:19],[0:19],[0:19],[0:19],[0:19],[0:19],[7:11],[0:19],[0:19],[0:19],[0:19],[0:19],[6:11],0
[0:19],[0:19],[0:19],[0:19],[0:19],[0:19],[0:19],[0:19],[0:19],[0:19],[0:19],[0:19],[0:19],[7:11],[0:19],[0:19],[0:19],[0:19],[0:19],[6:11],0
[0:19],[0:19],[0:19],[0:19],[0:19],[0:19],[0:19],[0:19],[0:19],[0:19],[0:19],[0:19],[0:19],[12:14],[0:19],[0:19],[0:19],[0:19],[0:19],[6:11],0
[0:19],[0:19],[0:19],[0:19],[0:19],[0:19],[0:19],[0:19],[0:19],[0:19],[0:19],[0:19],[0:19],[12:14],[0:19],[0:19],[0:19],[0:19],[0:19],[6:11],0
[0:19],[0:19],[0:19],[0:19],[0:19],[0:19],[0:19],[0:19],[0:19],[0:19],[0:19],[0:19],[0:19],[7:11],[0:19],[0:19],[0:19],[0:19],[0:19],[6:11],1
[0:19],[0:19],[0:19],[0:19],[0:19],[0:19],[0:19],[0:19],[0:19],[0:19],[0:19],[0:19],[0:19],[7:11],[0:19],[0:19],[0:19],[0:19],[0:19],[6:11],1
[0:19],[0:19],[0:19],[0:19],[0:19],[0:19],[0:19],[0:19],[0:19],[0:19],[0:19],[0:19],[0:19],[7:11],[0:19],[0:19],[0:19],[0:19],[0:19],[6:11],0
[0:19],[0:19],[0:19],[0:19],[0:19],[0:19],[0:19],[0:19],[0:19],[0:19],[0:19],[0:19],[0:19],[7:11],[0:19],[0:19],[0:19],[0:19],[0:19],[6:11],1
[0:19],[0:19],[0:19],[0:19],[0:19],[0:19],[0:19],[0:19],[0:19],[0:19],[0:19],[0:19],[0:19],[7:11],[0:19],[0:19],[0:19],[0:19],[0:19],[6:11],0
[0:19],[0:19],[0:19],[0:19],[0:19],[0:19],[0:19],[0:19],[0:19],[0:19],[0:19],[0:19],[0:19],[7:11],[0:19],[0:19],[0:19],[0:19],[0:19],[6:11],0
[0:19],[0:19],[0:19],[0:19],[0:19],[0:19],[0:19],[0:19],[0:19],[0:19],[0:19],[0:19],[0:19],[12:14],[0:19],[0:19],[0:19],[0:19],[0:19],[6:11],0
[0:19],[0:19],[0:19],[0:19],[0:19],[0:19],[0:19],[0:19],[0:19],[0:19],[0:19],[0:19],[0:19],[7:11],[0:19],[0:19],[0:19],[0:19],[0:19],[12:15],0
[0:19],[0:19],[0:19],[0:19],[0:19],[0:19],[0:19],[0:19],[0:19],[0:19],[0:19],[0:19],[0:19],[12:14],[0:19],[0:19],[0:19],[0:19],[0:19],[6:11],0
[0:19],[0:19],[0:19],[0:19],[0:19],[0:19],[0:19],[0:19],[0:19],[0:19],[0:19],[0:19],[0:19],[12:14],[0:19],[0:19],[0:19],[0:19],[0:19],[6:11],0
[0:19],[0:19],[0:19],[0:19],[0:19],[0:19],[0:19],[0:19],[0:19],[0:19],[0:19],[0:19],[0:19],[7:11],[0:19],[0:19],[0:19],[0:19],[0:19],[6:11],1
[0:19],[0:19],[0:19],[0:19],[0:19],[0:19],[0:19],[0:19],[0:19],[0:19],[0:19],[0:19],[0:19],[7:11],[0:19],[0:19],[0:19],[0:19],[0:19],[6:11],1
[0:19],[0:19],[0:19],[0:19],[0:19],[0:19],[0:19],[0:19],[0:19],[0:19],[0:19],[0:19],[0:19],[0:6],[0:19],[0:19],[0:19],[0:19],[0:19],[3:5],0
[0:19],[0:19],[0:19],[0:19],[0:19],[0:19],[0:19],[0:19],[0:19],[0:19],[0:19],[0:19],[0:19],[7:11],[0:19],[0:19],[0:19],[0:19],[0:19],[6:11],0
[0:19],[0:19],[0:19],[0:19],[0:19],[0:19],[0:19],[0:19],[0:19],[0:19],[0:19],[0:19],[0:19],[0:6],[0:19],[0:19],[0:19],[0:19],[0:19],[6:11],0
[0:19],[0:19],[0:19],[0:19],[0:19],[0:19],[0:19],[0:19],[0:19],[0:19],[0:19],[0:19],[0:19],[7:11],[0:19],[0:19],[0:19],[0:19],[0:19],[6:11],1
[0:19],[0:19],[0:19],[0:19],[0:19],[0:19],[0:19],[0:19],[0:19],[0:19],[0:19],[0:19],[0:19],[7:11],[0:19],[0:19],[0:19],[0:19],[0:19],[6:11],0
[0:19],[0:19],[0:19],[0:19],[0:19],[0:19],[0:19],[0:19],[0:19],[0:19],[0:19],[0:19],[0:19],[7:11],[0:19],[0:19],[0:19],[0:19],[0:19],[6:11],1
[0:19],[0:19],[0:19],[0:19],[0:19],[0:19],[0:19],[0:19],[0:19],[0:19],[0:19],[0:19],[0:19],[7:11],[0:19],[0:19],[0:19],[0:19],[0:19],[6:11],1
[0:19],[0:19],[0:19],[0:19],[0:19],[0:19],[0:19],[0:19],[0:19],[0:19],[0:19],[0:19],[0:19],[7:11],[0:19],[0:19],[0:19],[0:19],[0:19],[3:5],0
[0:19],[0:19],[0:19],[0:19],[0:19],[0:19],[0:19],[0:19],[0:19],[0:19],[0:19],[0:19],[0:19],[7:11],[0:19],[0:19],[0:19],[0:19],[0:19],[6:11],1
[0:19],[0:19],[0:19],[0:19],[0:19],[0:19],[0:19],[0:19],[0:19],[0:19],[0:19],[0:19],[0:19],[12:14],[0:19],[0:19],[0:19],[0:19],[0:19],[6:11],0
[0:19],[0:19],[0:19],[0:19],[0:19],[0:19],[0:19],[0:19],[0:19],[0:19],[0:19],[0:19],[0:19],[7:11],[0:19],[0:19],[0:19],[0:19],[0:19],[6:11],1
[0:19],[0:19],[0:19],[0:19],[0:19],[0:19],[0:19],[0:19],[0:19],[0:19],[0:19],[0:19],[0:19],[12:14],[0:19],[0:19],[0:19],[0:19],[0:19],[6:11],0
[0:19],[0:19],[0:19],[0:19],[0:19],[0:19],[0:19],[0:19],[0:19],[0:19],[0:19],[0:19],[0:19],[7:11],[0:19],[0:19],[0:19],[0:19],[0:19],[12:15],0
[0:19],[0:19],[0:19],[0:19],[0:19],[0:19],[0:19],[0:19],[0:19],[0:19],[0:19],[0:19],[0:19],[7:11],[0:19],[0:19],[0:19],[0:19],[0:19],[6:11],0
[0:19],[0:19],[0:19],[0:19],[0:19],[0:19],[0:19],[0:19],[0:19],[0:19],[0:19],[0:19],[0:19],[7:11],[0:19],[0:19],[0:19],[0:19],[0:19],[6:11],0
[0:19],[0:19],[0:19],[0:19],[0:19],[0:19],[0:19],[0:19],[0:19],[0:19],[0:19],[0:19],[0:19],[7:11],[0:19],[0:19],[0:19],[0:19],[0:19],[6:11],1
[0:19],[0:19],[0:19],[0:19],[0:19],[0:19],[0:19],[0:19],[0:19],[0:19],[0:19],[0:19],[0:19],[7:11],[0:19],[0:19],[0:19],[0:19],[0:19],[6:11],0
[0:19],[0:19],[0:19],[0:19],[0:19],[0:19],[0:19],[0:19],[0:19],[0:19],[0:19],[0:19],[0:19],[7:11],[0:19],[0:19],[0:19],[0:19],[0:19],[6:11],0
[0:19],[0:19],[0:19],[0:19],[0:19],[0:19],[0:19],[0:19],[0:19],[0:19],[0:19],[0:19],[0:19],[0:6],[0:19],[0:19],[0:19],[0:19],[0:19],[6:11],0
[0:19],[0:19],[0:19],[0:19],[0:19],[0:19],[0:19],[0:19],[0:19],[0:19],[0:19],[0:19],[0:19],[15:19],[0:19],[0:19],[0:19],[0:19],[0:19],[6:11],0
[0:19],[0:19],[0:19],[0:19],[0:19],[0:19],[0:19],[0:19],[0:19],[0:19],[0:19],[0:19],[0:19],[7:11],[0:19],[0:19],[0:19],[0:19],[0:19],[12:15],0
[0:19],[0:19],[0:19],[0:19],[0:19],[0:19],[0:19],[0:19],[0:19],[0:19],[0:19],[0:19],[0:19],[12:14],[0:19],[0:19],[0:19],[0:19],[0:19],[6:11],1
[0:19],[0:19],[0:19],[0:19],[0:19],[0:19],[0:19],[0:19],[0:19],[0:19],[0:19],[0:19],[0:19],[0:6],[0:19],[0:19],[0:19],[0:19],[0:19],[6:11],0
[0:19],[0:19],[0:19],[0:19],[0:19],[0:19],[0:19],[0:19],[0:19],[0:19],[0:19],[0:19],[0:19],[7:11],[0:19],[0:19],[0:19],[0:19],[0:19],[6:11],1
[0:19],[0:19],[0:19],[0:19],[0:19],[0:19],[0:19],[0:19],[0:19],[0:19],[0:19],[0:19],[0:19],[7:11],[0:19],[0:19],[0:19],[0:19],[0:19],[6:11],1
[0:19],[0:19],[0:19],[0:19],[0:19],[0:19],[0:19],[0:19],[0:19],[0:19],[0:19],[0:19],[0:19],[7:11],[0:19],[0:19],[0:19],[0:19],[0:19],[6:11],1
[0:19],[0:19],[0:19],[0:19],[0:19],[0:19],[0:19],[0:19],[0:19],[0:19],[0:19],[0:19],[0:19],[7:11],[0:19],[0:19],[0:19],[0:19],[0:19],[6:11],0
[0:19],[0:19],[0:19],[0:19],[0:19],[0:19],[0:19],[0:19],[0:19],[0:19],[0:19],[0:19],[0:19],[0:6],[0:19],[0:19],[0:19],[0:19],[0:19],[6:11],0
[0:19],[0:19],[0:19],[0:19],[0:19],[0:19],[0:19],[0:19],[0:19],[0:19],[0:19],[0:19],[0:19],[7:11],[0:19],[0:19],[0:19],[0:19],[0:19],[6:11],1
[0:19],[0:19],[0:19],[0:19],[0:19],[0:19],[0:19],[0:19],[0:19],[0:19],[0:19],[0:19],[0:19],[7:11],[0:19],[0:19],[0:19],[0:19],[0:19],[6:11],0
[0:19],[0:19],[0:19],[0:19],[0:19],[0:19],[0:19],[0:19],[0:19],[0:19],[0:19],[0:19],[0:19],[12:14],[0:19],[0:19],[0:19],[0:19],[0:19],[6:11],0
[0:19],[0:19],[0:19],[0:19],[0:19],[0:19],[0:19],[0:19],[0:19],[0:19],[0:19],[0:19],[0:19],[7:11],[0:19],[0:19],[0:19],[0:19],[0:19],[6:11],1
[0:19],[0:19],[0:19],[0:19],[0:19],[0:19],[0:19],[0:19],[0:19],[0:19],[0:19],[0:19],[0:19],[0:6],[0:19],[0:19],[0:19],[0:19],[0:19],[6:11],0
[0:19],[0:19],[0:19],[0:19],[0:19],[0:19],[0:19],[0:19],[0:19],[0:19],[0:19],[0:19],[0:19],[7:11],[0:19],[0:19],[0:19],[0:19],[0:19],[6:11],1
[0:19],[0:19],[0:19],[0:19],[0:19],[0:19],[0:19],[0:19],[0:19],[0:19],[0:19],[0:19],[0:19],[7:11],[0:19],[0:19],[0:19],[0:19],[0:19],[6:11],1
[0:19],[0:19],[0:19],[0:19],[0:19],[0:19],[0:19],[0:19],[0:19],[0:19],[0:19],[0:19],[0:19],[7:11],[0:19],[0:19],[0:19],[0:19],[0:19],[6:11],0
[0:19],[0:19],[0:19],[0:19],[0:19],[0:19],[0:19],[0:19],[0:19],[0:19],[0:19],[0:19],[0:19],[7:11],[0:19],[0:19],[0:19],[0:19],[0:19],[6:11],1
[0:19],[0:19],[0:19],[0:19],[0:19],[0:19],[0:19],[0:19],[0:19],[0:19],[0:19],[0:19],[0:19],[7:11],[0:19],[0:19],[0:19],[0:19],[0:19],[6:11],0
[0:19],[0:19],[0:19],[0:19],[0:19],[0:19],[0:19],[0:19],[0:19],[0:19],[0:19],[0:19],[0:19],[7:11],[0:19],[0:19],[0:19],[0:19],[0:19],[6:11],0
[0:19],[0:19],[0:19],[0:19],[0:19],[0:19],[0:19],[0:19],[0:19],[0:19],[0:19],[0:19],[0:19],[7:11],[0:19],[0:19],[0:19],[0:19],[0:19],[6:11],0
[0:19],[0:19],[0:19],[0:19],[0:19],[0:19],[0:19],[0:19],[0:19],[0:19],[0:19],[0:19],[0:19],[7:11],[0:19],[0:19],[0:19],[0:19],[0:19],[6:11],1
[0:19],[0:19],[0:19],[0:19],[0:19],[0:19],[0:19],[0:19],[0:19],[0:19],[0:19],[0:19],[0:19],[7:11],[0:19],[0:19],[0:19],[0:19],[0:19],[6:11],1
[0:19],[0:19],[0:19],[0:19],[0:19],[0:19],[0:19],[0:19],[0:19],[0:19],[0:19],[0:19],[0:19],[7:11],[0:19],[0:19],[0:19],[0:19],[0:19],[6:11],0
[0:19],[0:19],[0:19],[0:19],[0:19],[0:19],[0:19],[0:19],[0:19],[0:19],[0:19],[0:19],[0:19],[7:11],[0:19],[0:19],[0:19],[0:19],[0:19],[6:11],0
[0:19],[0:19],[0:19],[0:19],[0:19],[0:19],[0:19],[0:19],[0:19],[0:19],[0:19],[0:19],[0:19],[7:11],[0:19],[0:19],[0:19],[0:19],[0:19],[6:11],1
[0:19],[0:19],[0:19],[0:19],[0:19],[0:19],[0:19],[0:19],[0:19],[0:19],[0:19],[0:19],[0:19],[7:11],[0:19],[0:19],[0:19],[0:19],[0:19],[6:11],1
[0:19],[0:19],[0:19],[0:19],[0:19],[0:19],[0:19],[0:19],[0:19],[0:19],[0:19],[0:19],[0:19],[12:14],[0:19],[0:19],[0:19],[0:19],[0:19],[6:11],1
[0:19],[0:19],[0:19],[0:19],[0:19],[0:19],[0:19],[0:19],[0:19],[0:19],[0:19],[0:19],[0:19],[7:11],[0:19],[0:19],[0:19],[0:19],[0:19],[6:11],1
[0:19],[0:19],[0:19],[0:19],[0:19],[0:19],[0:19],[0:19],[0:19],[0:19],[0:19],[0:19],[0:19],[7:11],[0:19],[0:19],[0:19],[0:19],[0:19],[6:11],1
[0:19],[0:19],[0:19],[0:19],[0:19],[0:19],[0:19],[0:19],[0:19],[0:19],[0:19],[0:19],[0:19],[7:11],[0:19],[0:19],[0:19],[0:19],[0:19],[6:11],1
[0:19],[0:19],[0:19],[0:19],[0:19],[0:19],[0:19],[0:19],[0:19],[0:19],[0:19],[0:19],[0:19],[7:11],[0:19],[0:19],[0:19],[0:19],[0:19],[6:11],1
[0:19],[0:19],[0:19],[0:19],[0:19],[0:19],[0:19],[0:19],[0:19],[0:19],[0:19],[0:19],[0:19],[12:14],[0:19],[0:19],[0:19],[0:19],[0:19],[3:5],0
[0:19],[0:19],[0:19],[0:19],[0:19],[0:19],[0:19],[0:19],[0:19],[0:19],[0:19],[0:19],[0:19],[7:11],[0:19],[0:19],[0:19],[0:19],[0:19],[6:11],1
[0:19],[0:19],[0:19],[0:19],[0:19],[0:19],[0:19],[0:19],[0:19],[0:19],[0:19],[0:19],[0:19],[12:14],[0:19],[0:19],[0:19],[0:19],[0:19],[6:11],1
[0:19],[0:19],[0:19],[0:19],[0:19],[0:19],[0:19],[0:19],[0:19],[0:19],[0:19],[0:19],[0:19],[12:14],[0:19],[0:19],[0:19],[0:19],[0:19],[12:15],1
[0:19],[0:19],[0:19],[0:19],[0:19],[0:19],[0:19],[0:19],[0:19],[0:19],[0:19],[0:19],[0:19],[0:6],[0:19],[0:19],[0:19],[0:19],[0:19],[12:15],0
[0:19],[0:19],[0:19],[0:19],[0:19],[0:19],[0:19],[0:19],[0:19],[0:19],[0:19],[0:19],[0:19],[7:11],[0:19],[0:19],[0:19],[0:19],[0:19],[12:15],1
[0:19],[0:19],[0:19],[0:19],[0:19],[0:19],[0:19],[0:19],[0:19],[0:19],[0:19],[0:19],[0:19],[12:14],[0:19],[0:19],[0:19],[0:19],[0:19],[6:11],1
[0:19],[0:19],[0:19],[0:19],[0:19],[0:19],[0:19],[0:19],[0:19],[0:19],[0:19],[0:19],[0:19],[12:14],[0:19],[0:19],[0:19],[0:19],[0:19],[6:11],1
[0:19],[0:19],[0:19],[0:19],[0:19],[0:19],[0:19],[0:19],[0:19],[0:19],[0:19],[0:19],[0:19],[7:11],[0:19],[0:19],[0:19],[0:19],[0:19],[6:11],0
[0:19],[0:19],[0:19],[0:19],[0:19],[0:19],[0:19],[0:19],[0:19],[0:19],[0:19],[0:19],[0:19],[12:14],[0:19],[0:19],[0:19],[0:19],[0:19],[6:11],0
[0:19],[0:19],[0:19],[0:19],[0:19],[0:19],[0:19],[0:19],[0:19],[0:19],[0:19],[0:19],[0:19],[0:6],[0:19],[0:19],[0:19],[0:19],[0:19],[6:11],1
[0:19],[0:19],[0:19],[0:19],[0:19],[0:19],[0:19],[0:19],[0:19],[0:19],[0:19],[0:19],[0:19],[7:11],[0:19],[0:19],[0:19],[0:19],[0:19],[6:11],1
[0:19],[0:19],[0:19],[0:19],[0:19],[0:19],[0:19],[0:19],[0:19],[0:19],[0:19],[0:19],[0:19],[7:11],[0:19],[0:19],[0:19],[0:19],[0:19],[6:11],1
[0:19],[0:19],[0:19],[0:19],[0:19],[0:19],[0:19],[0:19],[0:19],[0:19],[0:19],[0:19],[0:19],[7:11],[0:19],[0:19],[0:19],[0:19],[0:19],[6:11],0
[0:19],[0:19],[0:19],[0:19],[0:19],[0:19],[0:19],[0:19],[0:19],[0:19],[0:19],[0:19],[0:19],[12:14],[0:19],[0:19],[0:19],[0:19],[0:19],[12:15],0
[0:19],[0:19],[0:19],[0:19],[0:19],[0:19],[0:19],[0:19],[0:19],[0:19],[0:19],[0:19],[0:19],[7:11],[0:19],[0:19],[0:19],[0:19],[0:19],[6:11],0
[0:19],[0:19],[0:19],[0:19],[0:19],[0:19],[0:19],[0:19],[0:19],[0:19],[0:19],[0:19],[0:19],[7:11],[0:19],[0:19],[0:19],[0:19],[0:19],[6:11],1
[0:19],[0:19],[0:19],[0:19],[0:19],[0:19],[0:19],[0:19],[0:19],[0:19],[0:19],[0:19],[0:19],[12:14],[0:19],[0:19],[0:19],[0:19],[0:19],[6:11],1
[0:19],[0:19],[0:19],[0:19],[0:19],[0:19],[0:19],[0:19],[0:19],[0:19],[0:19],[0:19],[0:19],[7:11],[0:19],[0:19],[0:19],[0:19],[0:19],[6:11],1
[0:19],[0:19],[0:19],[0:19],[0:19],[0:19],[0:19],[0:19],[0:19],[0:19],[0:19],[0:19],[0:19],[12:14],[0:19],[0:19],[0:19],[0:19],[0:19],[3:5],0
[0:19],[0:19],[0:19],[0:19],[0:19],[0:19],[0:19],[0:19],[0:19],[0:19],[0:19],[0:19],[0:19],[7:11],[0:19],[0:19],[0:19],[0:19],[0:19],[6:11],0
[0:19],[0:19],[0:19],[0:19],[0:19],[0:19],[0:19],[0:19],[0:19],[0:19],[0:19],[0:19],[0:19],[7:11],[0:19],[0:19],[0:19],[0:19],[0:19],[6:11],1
[0:19],[0:19],[0:19],[0:19],[0:19],[0:19],[0:19],[0:19],[0:19],[0:19],[0:19],[0:19],[0:19],[12:14],[0:19],[0:19],[0:19],[0:19],[0:19],[12:15],0
[0:19],[0:19],[0:19],[0:19],[0:19],[0:19],[0:19],[0:19],[0:19],[0:19],[0:19],[0:19],[0:19],[7:11],[0:19],[0:19],[0:19],[0:19],[0:19],[6:11],0
[0:19],[0:19],[0:19],[0:19],[0:19],[0:19],[0:19],[0:19],[0:19],[0:19],[0:19],[0:19],[0:19],[0:6],[0:19],[0:19],[0:19],[0:19],[0:19],[6:11],0
[0:19],[0:19],[0:19],[0:19],[0:19],[0:19],[0:19],[0:19],[0:19],[0:19],[0:19],[0:19],[0:19],[7:11],[0:19],[0:19],[0:19],[0:19],[0:19],[12:15],0
[0:19],[0:19],[0:19],[0:19],[0:19],[0:19],[0:19],[0:19],[0:19],[0:19],[0:19],[0:19],[0:19],[7:11],[0:19],[0:19],[0:19],[0:19],[0:19],[6:11],1
[0:19],[0:19],[0:19],[0:19],[0:19],[0:19],[0:19],[0:19],[0:19],[0:19],[0:19],[0:19],[0:19],[7:11],[0:19],[0:19],[0:19],[0:19],[0:19],[6:11],1
[0:19],[0:19],[0:19],[0:19],[0:19],[0:19],[0:19],[0:19],[0:19],[0:19],[0:19],[0:19],[0:19],[7:11],[0:19],[0:19],[0:19],[0:19],[0:19],[6:11],1
[0:19],[0:19],[0:19],[0:19],[0:19],[0:19],[0:19],[0:19],[0:19],[0:19],[0:19],[0:19],[0:19],[7:11],[0:19],[0:19],[0:19],[0:19],[0:19],[6:11],1
[0:19],[0:19],[0:19],[0:19],[0:19],[0:19],[0:19],[0:19],[0:19],[0:19],[0:19],[0:19],[0:19],[0:6],[0:19],[0:19],[0:19],[0:19],[0:19],[6:11],0
[0:19],[0:19],[0:19],[0:19],[0:19],[0:19],[0:19],[0:19],[0:19],[0:19],[0:19],[0:19],[0:19],[7:11],[0:19],[0:19],[0:19],[0:19],[0:19],[6:11],0
[0:19],[0:19],[0:19],[0:19],[0:19],[0:19],[0:19],[0:19],[0:19],[0:19],[0:19],[0:19],[0:19],[7:11],[0:19],[0:19],[0:19],[0:19],[0:19],[6:11],0
[0:19],[0:19],[0:19],[0:19],[0:19],[0:19],[0:19],[0:19],[0:19],[0:19],[0:19],[0:19],[0:19],[7:11],[0:19],[0:19],[0:19],[0:19],[0:19],[6:11],1
[0:19],[0:19],[0:19],[0:19],[0:19],[0:19],[0:19],[0:19],[0:19],[0:19],[0:19],[0:19],[0:19],[7:11],[0:19],[0:19],[0:19],[0:19],[0:19],[6:11],0
[0:19],[0:19],[0:19],[0:19],[0:19],[0:19],[0:19],[0:19],[0:19],[0:19],[0:19],[0:19],[0:19],[7:11],[0:19],[0:19],[0:19],[0:19],[0:19],[6:11],1
[0:19],[0:19],[0:19],[0:19],[0:19],[0:19],[0:19],[0:19],[0:19],[0:19],[0:19],[0:19],[0:19],[7:11],[0:19],[0:19],[0:19],[0:19],[0:19],[6:11],0
[0:19],[0:19],[0:19],[0:19],[0:19],[0:19],[0:19],[0:19],[0:19],[0:19],[0:19],[0:19],[0:19],[7:11],[0:19],[0:19],[0:19],[0:19],[0:19],[6:11],0
[0:19],[0:19],[0:19],[0:19],[0:19],[0:19],[0:19],[0:19],[0:19],[0:19],[0:19],[0:19],[0:19],[7:11],[0:19],[0:19],[0:19],[0:19],[0:19],[6:11],0
[0:19],[0:19],[0:19],[0:19],[0:19],[0:19],[0:19],[0:19],[0:19],[0:19],[0:19],[0:19],[0:19],[12:14],[0:19],[0:19],[0:19],[0:19],[0:19],[6:11],1
[0:19],[0:19],[0:19],[0:19],[0:19],[0:19],[0:19],[0:19],[0:19],[0:19],[0:19],[0:19],[0:19],[7:11],[0:19],[0:19],[0:19],[0:19],[0:19],[6:11],0
[0:19],[0:19],[0:19],[0:19],[0:19],[0:19],[0:19],[0:19],[0:19],[0:19],[0:19],[0:19],[0:19],[7:11],[0:19],[0:19],[0:19],[0:19],[0:19],[6:11],1
[0:19],[0:19],[0:19],[0:19],[0:19],[0:19],[0:19],[0:19],[0:19],[0:19],[0:19],[0:19],[0:19],[7:11],[0:19],[0:19],[0:19],[0:19],[0:19],[6:11],1
[0:19],[0:19],[0:19],[0:19],[0:19],[0:19],[0:19],[0:19],[0:19],[0:19],[0:19],[0:19],[0:19],[7:11],[0:19],[0:19],[0:19],[0:19],[0:19],[6:11],1
[0:19],[0:19],[0:19],[0:19],[0:19],[0:19],[0:19],[0:19],[0:19],[0:19],[0:19],[0:19],[0:19],[0:6],[0:19],[0:19],[0:19],[0:19],[0:19],[6:11],0
[0:19],[0:19],[0:19],[0:19],[0:19],[0:19],[0:19],[0:19],[0:19],[0:19],[0:19],[0:19],[0:19],[7:11],[0:19],[0:19],[0:19],[0:19],[0:19],[12:15],0
[0:19],[0:19],[0:19],[0:19],[0:19],[0:19],[0:19],[0:19],[0:19],[0:19],[0:19],[0:19],[0:19],[7:11],[0:19],[0:19],[0:19],[0:19],[0:19],[6:11],1
[0:19],[0:19],[0:19],[0:19],[0:19],[0:19],[0:19],[0:19],[0:19],[0:19],[0:19],[0:19],[0:19],[7:11],[0:19],[0:19],[0:19],[0:19],[0:19],[6:11],1
[0:19],[0:19],[0:19],[0:19],[0:19],[0:19],[0:19],[0:19],[0:19],[0:19],[0:19],[0:19],[0:19],[7:11],[0:19],[0:19],[0:19],[0:19],[0:19],[6:11],1
[0:19],[0:19],[0:19],[0:19],[0:19],[0:19],[0:19],[0:19],[0:19],[0:19],[0:19],[0:19],[0:19],[12:14],[0:19],[0:19],[0:19],[0:19],[0:19],[6:11],0
[0:19],[0:19],[0:19],[0:19],[0:19],[0:19],[0:19],[0:19],[0:19],[0:19],[0:19],[0:19],[0:19],[7:11],[0:19],[0:19],[0:19],[0:19],[0:19],[6:11],0
[0:19],[0:19],[0:19],[0:19],[0:19],[0:19],[0:19],[0:19],[0:19],[0:19],[0:19],[0:19],[0:19],[7:11],[0:19],[0:19],[0:19],[0:19],[0:19],[6:11],1
[0:19],[0:19],[0:19],[0:19],[0:19],[0:19],[0:19],[0:19],[0:19],[0:19],[0:19],[0:19],[0:19],[12:14],[0:19],[0:19],[0:19],[0:19],[0:19],[12:15],1
[0:19],[0:19],[0:19],[0:19],[0:19],[0:19],[0:19],[0:19],[0:19],[0:19],[0:19],[0:19],[0:19],[7:11],[0:19],[0:19],[0:19],[0:19],[0:19],[6:11],0
[0:19],[0:19],[0:19],[0:19],[0:19],[0:19],[0:19],[0:19],[0:19],[0:19],[0:19],[0:19],[0:19],[7:11],[0:19],[0:19],[0:19],[0:19],[0:19],[6:11],1
[0:19],[0:19],[0:19],[0:19],[0:19],[0:19],[0:19],[0:19],[0:19],[0:19],[0:19],[0:19],[0:19],[12:14],[0:19],[0:19],[0:19],[0:19],[0:19],[6:11],1
[0:19],[0:19],[0:19],[0:19],[0:19],[0:19],[0:19],[0:19],[0:19],[0:19],[0:19],[0:19],[0:19],[7:11],[0:19],[0:19],[0:19],[0:19],[0:19],[6:11],1
[0:19],[0:19],[0:19],[0:19],[0:19],[0:19],[0:19],[0:19],[0:19],[0:19],[0:19],[0:19],[0:19],[12:14],[0:19],[0:19],[0:19],[0:19],[0:19],[6:11],0
[0:19],[0:19],[0:19],[0:19],[0:19],[0:19],[0:19],[0:19],[0:19],[0:19],[0:19],[0:19],[0:19],[7:11],[0:19],[0:19],[0:19],[0:19],[0:19],[6:11],0
[0:19],[0:19],[0:19],[0:19],[0:19],[0:19],[0:19],[0:19],[0:19],[0:19],[0:19],[0:19],[0:19],[12:14],[0:19],[0:19],[0:19],[0:19],[0:19],[6:11],1
[0:19],[0:19],[0:19],[0:19],[0:19],[0:19],[0:19],[0:19],[0:19],[0:19],[0:19],[0:19],[0:19],[7:11],[0:19],[0:19],[0:19],[0:19],[0:19],[6:11],1
[0:19],[0:19],[0:19],[0:19],[0:19],[0:19],[0:19],[0:19],[0:19],[0:19],[0:19],[0:19],[0:19],[12:14],[0:19],[0:19],[0:19],[0:19],[0:19],[6:11],1
[0:19],[0:19],[0:19],[0:19],[0:19],[0:19],[0:19],[0:19],[0:19],[0:19],[0:19],[0:19],[0:19],[7:11],[0:19],[0:19],[0:19],[0:19],[0:19],[6:11],1
[0:19],[0:19],[0:19],[0:19],[0:19],[0:19],[0:19],[0:19],[0:19],[0:19],[0:19],[0:19],[0:19],[0:6],[0:19],[0:19],[0:19],[0:19],[0:19],[6:11],0
[0:19],[0:19],[0:19],[0:19],[0:19],[0:19],[0:19],[0:19],[0:19],[0:19],[0:19],[0:19],[0:19],[7:11],[0:19],[0:19],[0:19],[0:19],[0:19],[6:11],1
[0:19],[0:19],[0:19],[0:19],[0:19],[0:19],[0:19],[0:19],[0:19],[0:19],[0:19],[0:19],[0:19],[7:11],[0:19],[0:19],[0:19],[0:19],[0:19],[6:11],1
[0:19],[0:19],[0:19],[0:19],[0:19],[0:19],[0:19],[0:19],[0:19],[0:19],[0:19],[0:19],[0:19],[7:11],[0:19],[0:19],[0:19],[0:19],[0:19],[6:11],1
[0:19],[0:19],[0:19],[0:19],[0:19],[0:19],[0:19],[0:19],[0:19],[0:19],[0:19],[0:19],[0:19],[7:11],[0:19],[0:19],[0:19],[0:19],[0:19],[6:11],1
[0:19],[0:19],[0:19],[0:19],[0:19],[0:19],[0:19],[0:19],[0:19],[0:19],[0:19],[0:19],[0:19],[7:11],[0:19],[0:19],[0:19],[0:19],[0:19],[6:11],1
[0:19],[0:19],[0:19],[0:19],[0:19],[0:19],[0:19],[0:19],[0:19],[0:19],[0:19],[0:19],[0:19],[7:11],[0:19],[0:19],[0:19],[0:19],[0:19],[6:11],1
[0:19],[0:19],[0:19],[0:19],[0:19],[0:19],[0:19],[0:19],[0:19],[0:19],[0:19],[0:19],[0:19],[7:11],[0:19],[0:19],[0:19],[0:19],[0:19],[6:11],1
[0:19],[0:19],[0:19],[0:19],[0:19],[0:19],[0:19],[0:19],[0:19],[0:19],[0:19],[0:19],[0:19],[0:6],[0:19],[0:19],[0:19],[0:19],[0:19],[6:11],0
[0:19],[0:19],[0:19],[0:19],[0:19],[0:19],[0:19],[0:19],[0:19],[0:19],[0:19],[0:19],[0:19],[7:11],[0:19],[0:19],[0:19],[0:19],[0:19],[6:11],0
[0:19],[0:19],[0:19],[0:19],[0:19],[0:19],[0:19],[0:19],[0:19],[0:19],[0:19],[0:19],[0:19],[7:11],[0:19],[0:19],[0:19],[0:19],[0:19],[6:11],1
[0:19],[0:19],[0:19],[0:19],[0:19],[0:19],[0:19],[0:19],[0:19],[0:19],[0:19],[0:19],[0:19],[7:11],[0:19],[0:19],[0:19],[0:19],[0:19],[6:11],0
[0:19],[0:19],[0:19],[0:19],[0:19],[0:19],[0:19],[0:19],[0:19],[0:19],[0:19],[0:19],[0:19],[7:11],[0:19],[0:19],[0:19],[0:19],[0:19],[6:11],1
[0:19],[0:19],[0:19],[0:19],[0:19],[0:19],[0:19],[0:19],[0:19],[0:19],[0:19],[0:19],[0:19],[7:11],[0:19],[0:19],[0:19],[0:19],[0:19],[6:11],1
[0:19],[0:19],[0:19],[0:19],[0:19],[0:19],[0:19],[0:19],[0:19],[0:19],[0:19],[0:19],[0:19],[7:11],[0:19],[0:19],[0:19],[0:19],[0:19],[6:11],1
[0:19],[0:19],[0:19],[0:19],[0:19],[0:19],[0:19],[0:19],[0:19],[0:19],[0:19],[0:19],[0:19],[7:11],[0:19],[0:19],[0:19],[0:19],[0:19],[6:11],1
[0:19],[0:19],[0:19],[0:19],[0:19],[0:19],[0:19],[0:19],[0:19],[0:19],[0:19],[0:19],[0:19],[12:14],[0:19],[0:19],[0:19],[0:19],[0:19],[12:15],0
[0:19],[0:19],[0:19],[0:19],[0:19],[0:19],[0:19],[0:19],[0:19],[0:19],[0:19],[0:19],[0:19],[12:14],[0:19],[0:19],[0:19],[0:19],[0:19],[3:5],0
[0:19],[0:19],[0:19],[0:19],[0:19],[0:19],[0:19],[0:19],[0:19],[0:19],[0:19],[0:19],[0:19],[7:11],[0:19],[0:19],[0:19],[0:19],[0:19],[6:11],0
[0:19],[0:19],[0:19],[0:19],[0:19],[0:19],[0:19],[0:19],[0:19],[0:19],[0:19],[0:19],[0:19],[7:11],[0:19],[0:19],[0:19],[0:19],[0:19],[3:5],0
[0:19],[0:19],[0:19],[0:19],[0:19],[0:19],[0:19],[0:19],[0:19],[0:19],[0:19],[0:19],[0:19],[12:14],[0:19],[0:19],[0:19],[0:19],[0:19],[6:11],1
[0:19],[0:19],[0:19],[0:19],[0:19],[0:19],[0:19],[0:19],[0:19],[0:19],[0:19],[0:19],[0:19],[7:11],[0:19],[0:19],[0:19],[0:19],[0:19],[6:11],0
[0:19],[0:19],[0:19],[0:19],[0:19],[0:19],[0:19],[0:19],[0:19],[0:19],[0:19],[0:19],[0:19],[12:14],[0:19],[0:19],[0:19],[0:19],[0:19],[6:11],1
[0:19],[0:19],[0:19],[0:19],[0:19],[0:19],[0:19],[0:19],[0:19],[0:19],[0:19],[0:19],[0:19],[7:11],[0:19],[0:19],[0:19],[0:19],[0:19],[6:11],1
[0:19],[0:19],[0:19],[0:19],[0:19],[0:19],[0:19],[0:19],[0:19],[0:19],[0:19],[0:19],[0:19],[12:14],[0:19],[0:19],[0:19],[0:19],[0:19],[6:11],0
[0:19],[0:19],[0:19],[0:19],[0:19],[0:19],[0:19],[0:19],[0:19],[0:19],[0:19],[0:19],[0:19],[7:11],[0:19],[0:19],[0:19],[0:19],[0:19],[6:11],1
[0:19],[0:19],[0:19],[0:19],[0:19],[0:19],[0:19],[0:19],[0:19],[0:19],[0:19],[0:19],[0:19],[7:11],[0:19],[0:19],[0:19],[0:19],[0:19],[6:11],1
[0:19],[0:19],[0:19],[0:19],[0:19],[0:19],[0:19],[0:19],[0:19],[0:19],[0:19],[0:19],[0:19],[7:11],[0:19],[0:19],[0:19],[0:19],[0:19],[12:15],1
[0:19],[0:19],[0:19],[0:19],[0:19],[0:19],[0:19],[0:19],[0:19],[0:19],[0:19],[0:19],[0:19],[12:14],[0:19],[0:19],[0:19],[0:19],[0:19],[6:11],0
[0:19],[0:19],[0:19],[0:19],[0:19],[0:19],[0:19],[0:19],[0:19],[0:19],[0:19],[0:19],[0:19],[7:11],[0:19],[0:19],[0:19],[0:19],[0:19],[6:11],1
[0:19],[0:19],[0:19],[0:19],[0:19],[0:19],[0:19],[0:19],[0:19],[0:19],[0:19],[0:19],[0:19],[7:11],[0:19],[0:19],[0:19],[0:19],[0:19],[6:11],1
[0:19],[0:19],[0:19],[0:19],[0:19],[0:19],[0:19],[0:19],[0:19],[0:19],[0:19],[0:19],[0:19],[7:11],[0:19],[0:19],[0:19],[0:19],[0:19],[6:11],1
[0:19],[0:19],[0:19],[0:19],[0:19],[0:19],[0:19],[0:19],[0:19],[0:19],[0:19],[0:19],[0:19],[7:11],[0:19],[0:19],[0:19],[0:19],[0:19],[6:11],1
[0:19],[0:19],[0:19],[0:19],[0:19],[0:19],[0:19],[0:19],[0:19],[0:19],[0:19],[0:19],[0:19],[7:11],[0:19],[0:19],[0:19],[0:19],[0:19],[6:11],0
[0:19],[0:19],[0:19],[0:19],[0:19],[0:19],[0:19],[0:19],[0:19],[0:19],[0:19],[0:19],[0:19],[12:14],[0:19],[0:19],[0:19],[0:19],[0:19],[6:11],1
[0:19],[0:19],[0:19],[0:19],[0:19],[0:19],[0:19],[0:19],[0:19],[0:19],[0:19],[0:19],[0:19],[7:11],[0:19],[0:19],[0:19],[0:19],[0:19],[6:11],1
[0:19],[0:19],[0:19],[0:19],[0:19],[0:19],[0:19],[0:19],[0:19],[0:19],[0:19],[0:19],[0:19],[7:11],[0:19],[0:19],[0:19],[0:19],[0:19],[6:11],1
[0:19],[0:19],[0:19],[0:19],[0:19],[0:19],[0:19],[0:19],[0:19],[0:19],[0:19],[0:19],[0:19],[7:11],[0:19],[0:19],[0:19],[0:19],[0:19],[6:11],0
[0:19],[0:19],[0:19],[0:19],[0:19],[0:19],[0:19],[0:19],[0:19],[0:19],[0:19],[0:19],[0:19],[7:11],[0:19],[0:19],[0:19],[0:19],[0:19],[6:11],0
[0:19],[0:19],[0:19],[0:19],[0:19],[0:19],[0:19],[0:19],[0:19],[0:19],[0:19],[0:19],[0:19],[7:11],[0:19],[0:19],[0:19],[0:19],[0:19],[6:11],0
[0:19],[0:19],[0:19],[0:19],[0:19],[0:19],[0:19],[0:19],[0:19],[0:19],[0:19],[0:19],[0:19],[7:11],[0:19],[0:19],[0:19],[0:19],[0:19],[6:11],1
[0:19],[0:19],[0:19],[0:19],[0:19],[0:19],[0:19],[0:19],[0:19],[0:19],[0:19],[0:19],[0:19],[0:6],[0:19],[0:19],[0:19],[0:19],[0:19],[6:11],0
[0:19],[0:19],[0:19],[0:19],[0:19],[0:19],[0:19],[0:19],[0:19],[0:19],[0:19],[0:19],[0:19],[7:11],[0:19],[0:19],[0:19],[0:19],[0:19],[6:11],1
[0:19],[0:19],[0:19],[0:19],[0:19],[0:19],[0:19],[0:19],[0:19],[0:19],[0:19],[0:19],[0:19],[7:11],[0:19],[0:19],[0:19],[0:19],[0:19],[6:11],1
[0:19],[0:19],[0:19],[0:19],[0:19],[0:19],[0:19],[0:19],[0:19],[0:19],[0:19],[0:19],[0:19],[7:11],[0:19],[0:19],[0:19],[0:19],[0:19],[6:11],1
[0:19],[0:19],[0:19],[0:19],[0:19],[0:19],[0:19],[0:19],[0:19],[0:19],[0:19],[0:19],[0:19],[7:11],[0:19],[0:19],[0:19],[0:19],[0:19],[6:11],1
[0:19],[0:19],[0:19],[0:19],[0:19],[0:19],[0:19],[0:19],[0:19],[0:19],[0:19],[0:19],[0:19],[7:11],[0:19],[0:19],[0:19],[0:19],[0:19],[6:11],1
[0:19],[0:19],[0:19],[0:19],[0:19],[0:19],[0:19],[0:19],[0:19],[0:19],[0:19],[0:19],[0:19],[7:11],[0:19],[0:19],[0:19],[0:19],[0:19],[6:11],0
[0:19],[0:19],[0:19],[0:19],[0:19],[0:19],[0:19],[0:19],[0:19],[0:19],[0:19],[0:19],[0:19],[7:11],[0:19],[0:19],[0:19],[0:19],[0:19],[12:15],0
[0:19],[0:19],[0:19],[0:19],[0:19],[0:19],[0:19],[0:19],[0:19],[0:19],[0:19],[0:19],[0:19],[7:11],[0:19],[0:19],[0:19],[0:19],[0:19],[6:11],1
[0:19],[0:19],[0:19],[0:19],[0:19],[0:19],[0:19],[0:19],[0:19],[0:19],[0:19],[0:19],[0:19],[7:11],[0:19],[0:19],[0:19],[0:19],[0:19],[6:11],1
[0:19],[0:19],[0:19],[0:19],[0:19],[0:19],[0:19],[0:19],[0:19],[0:19],[0:19],[0:19],[0:19],[7:11],[0:19],[0:19],[0:19],[0:19],[0:19],[6:11],0
[0:19],[0:19],[0:19],[0:19],[0:19],[0:19],[0:19],[0:19],[0:19],[0:19],[0:19],[0:19],[0:19],[7:11],[0:19],[0:19],[0:19],[0:19],[0:19],[6:11],1
[0:19],[0:19],[0:19],[0:19],[0:19],[0:19],[0:19],[0:19],[0:19],[0:19],[0:19],[0:19],[0:19],[7:11],[0:19],[0:19],[0:19],[0:19],[0:19],[6:11],1
[0:19],[0:19],[0:19],[0:19],[0:19],[0:19],[0:19],[0:19],[0:19],[0:19],[0:19],[0:19],[0:19],[7:11],[0:19],[0:19],[0:19],[0:19],[0:19],[6:11],1
[0:19],[0:19],[0:19],[0:19],[0:19],[0:19],[0:19],[0:19],[0:19],[0:19],[0:19],[0:19],[0:19],[7:11],[0:19],[0:19],[0:19],[0:19],[0:19],[6:11],0
[0:19],[0:19],[0:19],[0:19],[0:19],[0:19],[0:19],[0:19],[0:19],[0:19],[0:19],[0:19],[0:19],[7:11],[0:19],[0:19],[0:19],[0:19],[0:19],[6:11],1
[0:19],[0:19],[0:19],[0:19],[0:19],[0:19],[0:19],[0:19],[0:19],[0:19],[0:19],[0:19],[0:19],[7:11],[0:19],[0:19],[0:19],[0:19],[0:19],[6:11],1
[0:19],[0:19],[0:19],[0:19],[0:19],[0:19],[0:19],[0:19],[0:19],[0:19],[0:19],[0:19],[0:19],[7:11],[0:19],[0:19],[0:19],[0:19],[0:19],[6:11],0
[0:19],[0:19],[0:19],[0:19],[0:19],[0:19],[0:19],[0:19],[0:19],[0:19],[0:19],[0:19],[0:19],[12:14],[0:19],[0:19],[0:19],[0:19],[0:19],[6:11],1
[0:19],[0:19],[0:19],[0:19],[0:19],[0:19],[0:19],[0:19],[0:19],[0:19],[0:19],[0:19],[0:19],[12:14],[0:19],[0:19],[0:19],[0:19],[0:19],[6:11],1
[0:19],[0:19],[0:19],[0:19],[0:19],[0:19],[0:19],[0:19],[0:19],[0:19],[0:19],[0:19],[0:19],[7:11],[0:19],[0:19],[0:19],[0:19],[0:19],[6:11],1
[0:19],[0:19],[0:19],[0:19],[0:19],[0:19],[0:19],[0:19],[0:19],[0:19],[0:19],[0:19],[0:19],[12:14],[0:19],[0:19],[0:19],[0:19],[0:19],[12:15],0
[0:19],[0:19],[0:19],[0:19],[0:19],[0:19],[0:19],[0:19],[0:19],[0:19],[0:19],[0:19],[0:19],[7:11],[0:19],[0:19],[0:19],[0:19],[0:19],[6:11],0
[0:19],[0:19],[0:19],[0:19],[0:19],[0:19],[0:19],[0:19],[0:19],[0:19],[0:19],[0:19],[0:19],[7:11],[0:19],[0:19],[0:19],[0:19],[0:19],[6:11],1
[0:19],[0:19],[0:19],[0:19],[0:19],[0:19],[0:19],[0:19],[0:19],[0:19],[0:19],[0:19],[0:19],[7:11],[0:19],[0:19],[0:19],[0:19],[0:19],[6:11],0
[0:19],[0:19],[0:19],[0:19],[0:19],[0:19],[0:19],[0:19],[0:19],[0:19],[0:19],[0:19],[0:19],[12:14],[0:19],[0:19],[0:19],[0:19],[0:19],[6:11],1
[0:19],[0:19],[0:19],[0:19],[0:19],[0:19],[0:19],[0:19],[0:19],[0:19],[0:19],[0:19],[0:19],[12:14],[0:19],[0:19],[0:19],[0:19],[0:19],[6:11],0
[0:19],[0:19],[0:19],[0:19],[0:19],[0:19],[0:19],[0:19],[0:19],[0:19],[0:19],[0:19],[0:19],[7:11],[0:19],[0:19],[0:19],[0:19],[0:19],[6:11],1
[0:19],[0:19],[0:19],[0:19],[0:19],[0:19],[0:19],[0:19],[0:19],[0:19],[0:19],[0:19],[0:19],[7:11],[0:19],[0:19],[0:19],[0:19],[0:19],[6:11],0
[0:19],[0:19],[0:19],[0:19],[0:19],[0:19],[0:19],[0:19],[0:19],[0:19],[0:19],[0:19],[0:19],[7:11],[0:19],[0:19],[0:19],[0:19],[0:19],[6:11],1
[0:19],[0:19],[0:19],[0:19],[0:19],[0:19],[0:19],[0:19],[0:19],[0:19],[0:19],[0:19],[0:19],[12:14],[0:19],[0:19],[0:19],[0:19],[0:19],[12:15],0
[0:19],[0:19],[0:19],[0:19],[0:19],[0:19],[0:19],[0:19],[0:19],[0:19],[0:19],[0:19],[0:19],[7:11],[0:19],[0:19],[0:19],[0:19],[0:19],[6:11],1
[0:19],[0:19],[0:19],[0:19],[0:19],[0:19],[0:19],[0:19],[0:19],[0:19],[0:19],[0:19],[0:19],[7:11],[0:19],[0:19],[0:19],[0:19],[0:19],[6:11],1
[0:19],[0:19],[0:19],[0:19],[0:19],[0:19],[0:19],[0:19],[0:19],[0:19],[0:19],[0:19],[0:19],[7:11],[0:19],[0:19],[0:19],[0:19],[0:19],[6:11],0
[0:19],[0:19],[0:19],[0:19],[0:19],[0:19],[0:19],[0:19],[0:19],[0:19],[0:19],[0:19],[0:19],[7:11],[0:19],[0:19],[0:19],[0:19],[0:19],[6:11],1
[0:19],[0:19],[0:19],[0:19],[0:19],[0:19],[0:19],[0:19],[0:19],[0:19],[0:19],[0:19],[0:19],[0:6],[0:19],[0:19],[0:19],[0:19],[0:19],[6:11],0
[0:19],[0:19],[0:19],[0:19],[0:19],[0:19],[0:19],[0:19],[0:19],[0:19],[0:19],[0:19],[0:19],[7:11],[0:19],[0:19],[0:19],[0:19],[0:19],[6:11],0
[0:19],[0:19],[0:19],[0:19],[0:19],[0:19],[0:19],[0:19],[0:19],[0:19],[0:19],[0:19],[0:19],[7:11],[0:19],[0:19],[0:19],[0:19],[0:19],[6:11],1
[0:19],[0:19],[0:19],[0:19],[0:19],[0:19],[0:19],[0:19],[0:19],[0:19],[0:19],[0:19],[0:19],[7:11],[0:19],[0:19],[0:19],[0:19],[0:19],[6:11],1
[0:19],[0:19],[0:19],[0:19],[0:19],[0:19],[0:19],[0:19],[0:19],[0:19],[0:19],[0:19],[0:19],[7:11],[0:19],[0:19],[0:19],[0:19],[0:19],[12:15],0
[0:19],[0:19],[0:19],[0:19],[0:19],[0:19],[0:19],[0:19],[0:19],[0:19],[0:19],[0:19],[0:19],[7:11],[0:19],[0:19],[0:19],[0:19],[0:19],[6:11],1
[0:19],[0:19],[0:19],[0:19],[0:19],[0:19],[0:19],[0:19],[0:19],[0:19],[0:19],[0:19],[0:19],[7:11],[0:19],[0:19],[0:19],[0:19],[0:19],[6:11],1
[0:19],[0:19],[0:19],[0:19],[0:19],[0:19],[0:19],[0:19],[0:19],[0:19],[0:19],[0:19],[0:19],[7:11],[0:19],[0:19],[0:19],[0:19],[0:19],[6:11],1
[0:19],[0:19],[0:19],[0:19],[0:19],[0:19],[0:19],[0:19],[0:19],[0:19],[0:19],[0:19],[0:19],[7:11],[0:19],[0:19],[0:19],[0:19],[0:19],[6:11],1
[0:19],[0:19],[0:19],[0:19],[0:19],[0:19],[0:19],[0:19],[0:19],[0:19],[0:19],[0:19],[0:19],[7:11],[0:19],[0:19],[0:19],[0:19],[0:19],[3:5],0
[0:19],[0:19],[0:19],[0:19],[0:19],[0:19],[0:19],[0:19],[0:19],[0:19],[0:19],[0:19],[0:19],[7:11],[0:19],[0:19],[0:19],[0:19],[0:19],[6:11],1
[0:19],[0:19],[0:19],[0:19],[0:19],[0:19],[0:19],[0:19],[0:19],[0:19],[0:19],[0:19],[0:19],[7:11],[0:19],[0:19],[0:19],[0:19],[0:19],[6:11],1
[0:19],[0:19],[0:19],[0:19],[0:19],[0:19],[0:19],[0:19],[0:19],[0:19],[0:19],[0:19],[0:19],[7:11],[0:19],[0:19],[0:19],[0:19],[0:19],[6:11],0
[0:19],[0:19],[0:19],[0:19],[0:19],[0:19],[0:19],[0:19],[0:19],[0:19],[0:19],[0:19],[0:19],[7:11],[0:19],[0:19],[0:19],[0:19],[0:19],[6:11],1
[0:19],[0:19],[0:19],[0:19],[0:19],[0:19],[0:19],[0:19],[0:19],[0:19],[0:19],[0:19],[0:19],[7:11],[0:19],[0:19],[0:19],[0:19],[0:19],[3:5],0
[0:19],[0:19],[0:19],[0:19],[0:19],[0:19],[0:19],[0:19],[0:19],[0:19],[0:19],[0:19],[0:19],[7:11],[0:19],[0:19],[0:19],[0:19],[0:19],[6:11],1
[0:19],[0:19],[0:19],[0:19],[0:19],[0:19],[0:19],[0:19],[0:19],[0:19],[0:19],[0:19],[0:19],[7:11],[0:19],[0:19],[0:19],[0:19],[0:19],[3:5],0
[0:19],[0:19],[0:19],[0:19],[0:19],[0:19],[0:19],[0:19],[0:19],[0:19],[0:19],[0:19],[0:19],[12:14],[0:19],[0:19],[0:19],[0:19],[0:19],[6:11],1
[0:19],[0:19],[0:19],[0:19],[0:19],[0:19],[0:19],[0:19],[0:19],[0:19],[0:19],[0:19],[0:19],[7:11],[0:19],[0:19],[0:19],[0:19],[0:19],[6:11],0
[0:19],[0:19],[0:19],[0:19],[0:19],[0:19],[0:19],[0:19],[0:19],[0:19],[0:19],[0:19],[0:19],[12:14],[0:19],[0:19],[0:19],[0:19],[0:19],[6:11],1
[0:19],[0:19],[0:19],[0:19],[0:19],[0:19],[0:19],[0:19],[0:19],[0:19],[0:19],[0:19],[0:19],[0:6],[0:19],[0:19],[0:19],[0:19],[0:19],[6:11],0
[0:19],[0:19],[0:19],[0:19],[0:19],[0:19],[0:19],[0:19],[0:19],[0:19],[0:19],[0:19],[0:19],[12:14],[0:19],[0:19],[0:19],[0:19],[0:19],[6:11],1
[0:19],[0:19],[0:19],[0:19],[0:19],[0:19],[0:19],[0:19],[0:19],[0:19],[0:19],[0:19],[0:19],[7:11],[0:19],[0:19],[0:19],[0:19],[0:19],[6:11],0
[0:19],[0:19],[0:19],[0:19],[0:19],[0:19],[0:19],[0:19],[0:19],[0:19],[0:19],[0:19],[0:19],[7:11],[0:19],[0:19],[0:19],[0:19],[0:19],[6:11],1
[0:19],[0:19],[0:19],[0:19],[0:19],[0:19],[0:19],[0:19],[0:19],[0:19],[0:19],[0:19],[0:19],[7:11],[0:19],[0:19],[0:19],[0:19],[0:19],[6:11],1
[0:19],[0:19],[0:19],[0:19],[0:19],[0:19],[0:19],[0:19],[0:19],[0:19],[0:19],[0:19],[0:19],[7:11],[0:19],[0:19],[0:19],[0:19],[0:19],[6:11],0
[0:19],[0:19],[0:19],[0:19],[0:19],[0:19],[0:19],[0:19],[0:19],[0:19],[0:19],[0:19],[0:19],[7:11],[0:19],[0:19],[0:19],[0:19],[0:19],[6:11],0
[0:19],[0:19],[0:19],[0:19],[0:19],[0:19],[0:19],[0:19],[0:19],[0:19],[0:19],[0:19],[0:19],[7:11],[0:19],[0:19],[0:19],[0:19],[0:19],[6:11],1
[0:19],[0:19],[0:19],[0:19],[0:19],[0:19],[0:19],[0:19],[0:19],[0:19],[0:19],[0:19],[0:19],[7:11],[0:19],[0:19],[0:19],[0:19],[0:19],[6:11],1
[0:19],[0:19],[0:19],[0:19],[0:19],[0:19],[0:19],[0:19],[0:19],[0:19],[0:19],[0:19],[0:19],[12:14],[0:19],[0:19],[0:19],[0:19],[0:19],[12:15],0
[0:19],[0:19],[0:19],[0:19],[0:19],[0:19],[0:19],[0:19],[0:19],[0:19],[0:19],[0:19],[0:19],[7:11],[0:19],[0:19],[0:19],[0:19],[0:19],[6:11],1
[0:19],[0:19],[0:19],[0:19],[0:19],[0:19],[0:19],[0:19],[0:19],[0:19],[0:19],[0:19],[0:19],[0:6],[0:19],[0:19],[0:19],[0:19],[0:19],[12:15],0
[0:19],[0:19],[0:19],[0:19],[0:19],[0:19],[0:19],[0:19],[0:19],[0:19],[0:19],[0:19],[0:19],[0:6],[0:19],[0:19],[0:19],[0:19],[0:19],[6:11],0
[0:19],[0:19],[0:19],[0:19],[0:19],[0:19],[0:19],[0:19],[0:19],[0:19],[0:19],[0:19],[0:19],[12:14],[0:19],[0:19],[0:19],[0:19],[0:19],[6:11],0
[0:19],[0:19],[0:19],[0:19],[0:19],[0:19],[0:19],[0:19],[0:19],[0:19],[0:19],[0:19],[0:19],[7:11],[0:19],[0:19],[0:19],[0:19],[0:19],[6:11],0
[0:19],[0:19],[0:19],[0:19],[0:19],[0:19],[0:19],[0:19],[0:19],[0:19],[0:19],[0:19],[0:19],[0:6],[0:19],[0:19],[0:19],[0:19],[0:19],[3:5],0
[0:19],[0:19],[0:19],[0:19],[0:19],[0:19],[0:19],[0:19],[0:19],[0:19],[0:19],[0:19],[0:19],[7:11],[0:19],[0:19],[0:19],[0:19],[0:19],[6:11],0
[0:19],[0:19],[0:19],[0:19],[0:19],[0:19],[0:19],[0:19],[0:19],[0:19],[0:19],[0:19],[0:19],[7:11],[0:19],[0:19],[0:19],[0:19],[0:19],[6:11],1
[0:19],[0:19],[0:19],[0:19],[0:19],[0:19],[0:19],[0:19],[0:19],[0:19],[0:19],[0:19],[0:19],[7:11],[0:19],[0:19],[0:19],[0:19],[0:19],[6:11],1
[0:19],[0:19],[0:19],[0:19],[0:19],[0:19],[0:19],[0:19],[0:19],[0:19],[0:19],[0:19],[0:19],[7:11],[0:19],[0:19],[0:19],[0:19],[0:19],[6:11],1
[0:19],[0:19],[0:19],[0:19],[0:19],[0:19],[0:19],[0:19],[0:19],[0:19],[0:19],[0:19],[0:19],[0:6],[0:19],[0:19],[0:19],[0:19],[0:19],[6:11],0
[0:19],[0:19],[0:19],[0:19],[0:19],[0:19],[0:19],[0:19],[0:19],[0:19],[0:19],[0:19],[0:19],[7:11],[0:19],[0:19],[0:19],[0:19],[0:19],[6:11],1
[0:19],[0:19],[0:19],[0:19],[0:19],[0:19],[0:19],[0:19],[0:19],[0:19],[0:19],[0:19],[0:19],[7:11],[0:19],[0:19],[0:19],[0:19],[0:19],[6:11],1
[0:19],[0:19],[0:19],[0:19],[0:19],[0:19],[0:19],[0:19],[0:19],[0:19],[0:19],[0:19],[0:19],[7:11],[0:19],[0:19],[0:19],[0:19],[0:19],[6:11],0
[0:19],[0:19],[0:19],[0:19],[0:19],[0:19],[0:19],[0:19],[0:19],[0:19],[0:19],[0:19],[0:19],[7:11],[0:19],[0:19],[0:19],[0:19],[0:19],[6:11],1
[0:19],[0:19],[0:19],[0:19],[0:19],[0:19],[0:19],[0:19],[0:19],[0:19],[0:19],[0:19],[0:19],[7:11],[0:19],[0:19],[0:19],[0:19],[0:19],[6:11],1
[0:19],[0:19],[0:19],[0:19],[0:19],[0:19],[0:19],[0:19],[0:19],[0:19],[0:19],[0:19],[0:19],[7:11],[0:19],[0:19],[0:19],[0:19],[0:19],[6:11],1
[0:19],[0:19],[0:19],[0:19],[0:19],[0:19],[0:19],[0:19],[0:19],[0:19],[0:19],[0:19],[0:19],[7:11],[0:19],[0:19],[0:19],[0:19],[0:19],[6:11],1
[0:19],[0:19],[0:19],[0:19],[0:19],[0:19],[0:19],[0:19],[0:19],[0:19],[0:19],[0:19],[0:19],[7:11],[0:19],[0:19],[0:19],[0:19],[0:19],[6:11],0
[0:19],[0:19],[0:19],[0:19],[0:19],[0:19],[0:19],[0:19],[0:19],[0:19],[0:19],[0:19],[0:19],[0:6],[0:19],[0:19],[0:19],[0:19],[0:19],[6:11],1
[0:19],[0:19],[0:19],[0:19],[0:19],[0:19],[0:19],[0:19],[0:19],[0:19],[0:19],[0:19],[0:19],[7:11],[0:19],[0:19],[0:19],[0:19],[0:19],[6:11],1
[0:19],[0:19],[0:19],[0:19],[0:19],[0:19],[0:19],[0:19],[0:19],[0:19],[0:19],[0:19],[0:19],[7:11],[0:19],[0:19],[0:19],[0:19],[0:19],[6:11],0
[0:19],[0:19],[0:19],[0:19],[0:19],[0:19],[0:19],[0:19],[0:19],[0:19],[0:19],[0:19],[0:19],[12:14],[0:19],[0:19],[0:19],[0:19],[0:19],[6:11],0
[0:19],[0:19],[0:19],[0:19],[0:19],[0:19],[0:19],[0:19],[0:19],[0:19],[0:19],[0:19],[0:19],[12:14],[0:19],[0:19],[0:19],[0:19],[0:19],[6:11],1
[0:19],[0:19],[0:19],[0:19],[0:19],[0:19],[0:19],[0:19],[0:19],[0:19],[0:19],[0:19],[0:19],[7:11],[0:19],[0:19],[0:19],[0:19],[0:19],[6:11],0
[0:19],[0:19],[0:19],[0:19],[0:19],[0:19],[0:19],[0:19],[0:19],[0:19],[0:19],[0:19],[0:19],[7:11],[0:19],[0:19],[0:19],[0:19],[0:19],[6:11],1
[0:19],[0:19],[0:19],[0:19],[0:19],[0:19],[0:19],[0:19],[0:19],[0:19],[0:19],[0:19],[0:19],[7:11],[0:19],[0:19],[0:19],[0:19],[0:19],[6:11],1
[0:19],[0:19],[0:19],[0:19],[0:19],[0:19],[0:19],[0:19],[0:19],[0:19],[0:19],[0:19],[0:19],[7:11],[0:19],[0:19],[0:19],[0:19],[0:19],[6:11],0
[0:19],[0:19],[0:19],[0:19],[0:19],[0:19],[0:19],[0:19],[0:19],[0:19],[0:19],[0:19],[0:19],[12:14],[0:19],[0:19],[0:19],[0:19],[0:19],[6:11],1
[0:19],[0:19],[0:19],[0:19],[0:19],[0:19],[0:19],[0:19],[0:19],[0:19],[0:19],[0:19],[0:19],[7:11],[0:19],[0:19],[0:19],[0:19],[0:19],[6:11],1
[0:19],[0:19],[0:19],[0:19],[0:19],[0:19],[0:19],[0:19],[0:19],[0:19],[0:19],[0:19],[0:19],[7:11],[0:19],[0:19],[0:19],[0:19],[0:19],[3:5],0
[0:19],[0:19],[0:19],[0:19],[0:19],[0:19],[0:19],[0:19],[0:19],[0:19],[0:19],[0:19],[0:19],[7:11],[0:19],[0:19],[0:19],[0:19],[0:19],[6:11],1
[0:19],[0:19],[0:19],[0:19],[0:19],[0:19],[0:19],[0:19],[0:19],[0:19],[0:19],[0:19],[0:19],[12:14],[0:19],[0:19],[0:19],[0:19],[0:19],[3:5],0
[0:19],[0:19],[0:19],[0:19],[0:19],[0:19],[0:19],[0:19],[0:19],[0:19],[0:19],[0:19],[0:19],[7:11],[0:19],[0:19],[0:19],[0:19],[0:19],[6:11],1
[0:19],[0:19],[0:19],[0:19],[0:19],[0:19],[0:19],[0:19],[0:19],[0:19],[0:19],[0:19],[0:19],[7:11],[0:19],[0:19],[0:19],[0:19],[0:19],[6:11],1
[0:19],[0:19],[0:19],[0:19],[0:19],[0:19],[0:19],[0:19],[0:19],[0:19],[0:19],[0:19],[0:19],[7:11],[0:19],[0:19],[0:19],[0:19],[0:19],[6:11],1
[0:19],[0:19],[0:19],[0:19],[0:19],[0:19],[0:19],[0:19],[0:19],[0:19],[0:19],[0:19],[0:19],[7:11],[0:19],[0:19],[0:19],[0:19],[0:19],[6:11],1
[0:19],[0:19],[0:19],[0:19],[0:19],[0:19],[0:19],[0:19],[0:19],[0:19],[0:19],[0:19],[0:19],[12:14],[0:19],[0:19],[0:19],[0:19],[0:19],[6:11],1
[0:19],[0:19],[0:19],[0:19],[0:19],[0:19],[0:19],[0:19],[0:19],[0:19],[0:19],[0:19],[0:19],[7:11],[0:19],[0:19],[0:19],[0:19],[0:19],[12:15],0
[0:19],[0:19],[0:19],[0:19],[0:19],[0:19],[0:19],[0:19],[0:19],[0:19],[0:19],[0:19],[0:19],[7:11],[0:19],[0:19],[0:19],[0:19],[0:19],[6:11],0
[0:19],[0:19],[0:19],[0:19],[0:19],[0:19],[0:19],[0:19],[0:19],[0:19],[0:19],[0:19],[0:19],[12:14],[0:19],[0:19],[0:19],[0:19],[0:19],[6:11],1
[0:19],[0:19],[0:19],[0:19],[0:19],[0:19],[0:19],[0:19],[0:19],[0:19],[0:19],[0:19],[0:19],[7:11],[0:19],[0:19],[0:19],[0:19],[0:19],[6:11],0
[0:19],[0:19],[0:19],[0:19],[0:19],[0:19],[0:19],[0:19],[0:19],[0:19],[0:19],[0:19],[0:19],[7:11],[0:19],[0:19],[0:19],[0:19],[0:19],[6:11],0
[0:19],[0:19],[0:19],[0:19],[0:19],[0:19],[0:19],[0:19],[0:19],[0:19],[0:19],[0:19],[0:19],[7:11],[0:19],[0:19],[0:19],[0:19],[0:19],[12:15],1
[0:19],[0:19],[0:19],[0:19],[0:19],[0:19],[0:19],[0:19],[0:19],[0:19],[0:19],[0:19],[0:19],[7:11],[0:19],[0:19],[0:19],[0:19],[0:19],[12:15],1
[0:19],[0:19],[0:19],[0:19],[0:19],[0:19],[0:19],[0:19],[0:19],[0:19],[0:19],[0:19],[0:19],[12:14],[0:19],[0:19],[0:19],[0:19],[0:19],[12:15],0
[0:19],[0:19],[0:19],[0:19],[0:19],[0:19],[0:19],[0:19],[0:19],[0:19],[0:19],[0:19],[0:19],[12:14],[0:19],[0:19],[0:19],[0:19],[0:19],[6:11],0
[0:19],[0:19],[0:19],[0:19],[0:19],[0:19],[0:19],[0:19],[0:19],[0:19],[0:19],[0:19],[0:19],[7:11],[0:19],[0:19],[0:19],[0:19],[0:19],[12:15],0
[0:19],[0:19],[0:19],[0:19],[0:19],[0:19],[0:19],[0:19],[0:19],[0:19],[0:19],[0:19],[0:19],[7:11],[0:19],[0:19],[0:19],[0:19],[0:19],[6:11],1
[0:19],[0:19],[0:19],[0:19],[0:19],[0:19],[0:19],[0:19],[0:19],[0:19],[0:19],[0:19],[0:19],[7:11],[0:19],[0:19],[0:19],[0:19],[0:19],[12:15],1
[0:19],[0:19],[0:19],[0:19],[0:19],[0:19],[0:19],[0:19],[0:19],[0:19],[0:19],[0:19],[0:19],[7:11],[0:19],[0:19],[0:19],[0:19],[0:19],[12:15],0
[0:19],[0:19],[0:19],[0:19],[0:19],[0:19],[0:19],[0:19],[0:19],[0:19],[0:19],[0:19],[0:19],[7:11],[0:19],[0:19],[0:19],[0:19],[0:19],[3:5],0
[0:19],[0:19],[0:19],[0:19],[0:19],[0:19],[0:19],[0:19],[0:19],[0:19],[0:19],[0:19],[0:19],[12:14],[0:19],[0:19],[0:19],[0:19],[0:19],[6:11],1
[0:19],[0:19],[0:19],[0:19],[0:19],[0:19],[0:19],[0:19],[0:19],[0:19],[0:19],[0:19],[0:19],[0:6],[0:19],[0:19],[0:19],[0:19],[0:19],[6:11],0
[0:19],[0:19],[0:19],[0:19],[0:19],[0:19],[0:19],[0:19],[0:19],[0:19],[0:19],[0:19],[0:19],[12:14],[0:19],[0:19],[0:19],[0:19],[0:19],[6:11],0
[0:19],[0:19],[0:19],[0:19],[0:19],[0:19],[0:19],[0:19],[0:19],[0:19],[0:19],[0:19],[0:19],[7:11],[0:19],[0:19],[0:19],[0:19],[0:19],[6:11],0
[0:19],[0:19],[0:19],[0:19],[0:19],[0:19],[0:19],[0:19],[0:19],[0:19],[0:19],[0:19],[0:19],[7:11],[0:19],[0:19],[0:19],[0:19],[0:19],[6:11],1
[0:19],[0:19],[0:19],[0:19],[0:19],[0:19],[0:19],[0:19],[0:19],[0:19],[0:19],[0:19],[0:19],[7:11],[0:19],[0:19],[0:19],[0:19],[0:19],[6:11],1
[0:19],[0:19],[0:19],[0:19],[0:19],[0:19],[0:19],[0:19],[0:19],[0:19],[0:19],[0:19],[0:19],[12:14],[0:19],[0:19],[0:19],[0:19],[0:19],[6:11],1
[0:19],[0:19],[0:19],[0:19],[0:19],[0:19],[0:19],[0:19],[0:19],[0:19],[0:19],[0:19],[0:19],[7:11],[0:19],[0:19],[0:19],[0:19],[0:19],[6:11],1
[0:19],[0:19],[0:19],[0:19],[0:19],[0:19],[0:19],[0:19],[0:19],[0:19],[0:19],[0:19],[0:19],[7:11],[0:19],[0:19],[0:19],[0:19],[0:19],[6:11],1
[0:19],[0:19],[0:19],[0:19],[0:19],[0:19],[0:19],[0:19],[0:19],[0:19],[0:19],[0:19],[0:19],[7:11],[0:19],[0:19],[0:19],[0:19],[0:19],[6:11],1
[0:19],[0:19],[0:19],[0:19],[0:19],[0:19],[0:19],[0:19],[0:19],[0:19],[0:19],[0:19],[0:19],[7:11],[0:19],[0:19],[0:19],[0:19],[0:19],[6:11],1
[0:19],[0:19],[0:19],[0:19],[0:19],[0:19],[0:19],[0:19],[0:19],[0:19],[0:19],[0:19],[0:19],[7:11],[0:19],[0:19],[0:19],[0:19],[0:19],[6:11],1
[0:19],[0:19],[0:19],[0:19],[0:19],[0:19],[0:19],[0:19],[0:19],[0:19],[0:19],[0:19],[0:19],[7:11],[0:19],[0:19],[0:19],[0:19],[0:19],[6:11],1
[0:19],[0:19],[0:19],[0:19],[0:19],[0:19],[0:19],[0:19],[0:19],[0:19],[0:19],[0:19],[0:19],[7:11],[0:19],[0:19],[0:19],[0:19],[0:19],[6:11],1
[0:19],[0:19],[0:19],[0:19],[0:19],[0:19],[0:19],[0:19],[0:19],[0:19],[0:19],[0:19],[0:19],[7:11],[0:19],[0:19],[0:19],[0:19],[0:19],[6:11],1
[0:19],[0:19],[0:19],[0:19],[0:19],[0:19],[0:19],[0:19],[0:19],[0:19],[0:19],[0:19],[0:19],[7:11],[0:19],[0:19],[0:19],[0:19],[0:19],[3:5],0
[0:19],[0:19],[0:19],[0:19],[0:19],[0:19],[0:19],[0:19],[0:19],[0:19],[0:19],[0:19],[0:19],[7:11],[0:19],[0:19],[0:19],[0:19],[0:19],[6:11],0
[0:19],[0:19],[0:19],[0:19],[0:19],[0:19],[0:19],[0:19],[0:19],[0:19],[0:19],[0:19],[0:19],[7:11],[0:19],[0:19],[0:19],[0:19],[0:19],[6:11],0
[0:19],[0:19],[0:19],[0:19],[0:19],[0:19],[0:19],[0:19],[0:19],[0:19],[0:19],[0:19],[0:19],[7:11],[0:19],[0:19],[0:19],[0:19],[0:19],[6:11],0
[0:19],[0:19],[0:19],[0:19],[0:19],[0:19],[0:19],[0:19],[0:19],[0:19],[0:19],[0:19],[0:19],[7:11],[0:19],[0:19],[0:19],[0:19],[0:19],[6:11],0
[0:19],[0:19],[0:19],[0:19],[0:19],[0:19],[0:19],[0:19],[0:19],[0:19],[0:19],[0:19],[0:19],[7:11],[0:19],[0:19],[0:19],[0:19],[0:19],[6:11],1
[0:19],[0:19],[0:19],[0:19],[0:19],[0:19],[0:19],[0:19],[0:19],[0:19],[0:19],[0:19],[0:19],[7:11],[0:19],[0:19],[0:19],[0:19],[0:19],[6:11],1
[0:19],[0:19],[0:19],[0:19],[0:19],[0:19],[0:19],[0:19],[0:19],[0:19],[0:19],[0:19],[0:19],[12:14],[0:19],[0:19],[0:19],[0:19],[0:19],[6:11],0
[0:19],[0:19],[0:19],[0:19],[0:19],[0:19],[0:19],[0:19],[0:19],[0:19],[0:19],[0:19],[0:19],[7:11],[0:19],[0:19],[0:19],[0:19],[0:19],[6:11],0
[0:19],[0:19],[0:19],[0:19],[0:19],[0:19],[0:19],[0:19],[0:19],[0:19],[0:19],[0:19],[0:19],[12:14],[0:19],[0:19],[0:19],[0:19],[0:19],[6:11],0
[0:19],[0:19],[0:19],[0:19],[0:19],[0:19],[0:19],[0:19],[0:19],[0:19],[0:19],[0:19],[0:19],[7:11],[0:19],[0:19],[0:19],[0:19],[0:19],[6:11],0
[0:19],[0:19],[0:19],[0:19],[0:19],[0:19],[0:19],[0:19],[0:19],[0:19],[0:19],[0:19],[0:19],[7:11],[0:19],[0:19],[0:19],[0:19],[0:19],[6:11],0
[0:19],[0:19],[0:19],[0:19],[0:19],[0:19],[0:19],[0:19],[0:19],[0:19],[0:19],[0:19],[0:19],[12:14],[0:19],[0:19],[0:19],[0:19],[0:19],[6:11],1
[0:19],[0:19],[0:19],[0:19],[0:19],[0:19],[0:19],[0:19],[0:19],[0:19],[0:19],[0:19],[0:19],[7:11],[0:19],[0:19],[0:19],[0:19],[0:19],[6:11],0
[0:19],[0:19],[0:19],[0:19],[0:19],[0:19],[0:19],[0:19],[0:19],[0:19],[0:19],[0:19],[0:19],[7:11],[0:19],[0:19],[0:19],[0:19],[0:19],[6:11],0
[0:19],[0:19],[0:19],[0:19],[0:19],[0:19],[0:19],[0:19],[0:19],[0:19],[0:19],[0:19],[0:19],[7:11],[0:19],[0:19],[0:19],[0:19],[0:19],[6:11],0
[0:19],[0:19],[0:19],[0:19],[0:19],[0:19],[0:19],[0:19],[0:19],[0:19],[0:19],[0:19],[0:19],[7:11],[0:19],[0:19],[0:19],[0:19],[0:19],[3:5],0
[0:19],[0:19],[0:19],[0:19],[0:19],[0:19],[0:19],[0:19],[0:19],[0:19],[0:19],[0:19],[0:19],[7:11],[0:19],[0:19],[0:19],[0:19],[0:19],[6:11],1
[0:19],[0:19],[0:19],[0:19],[0:19],[0:19],[0:19],[0:19],[0:19],[0:19],[0:19],[0:19],[0:19],[7:11],[0:19],[0:19],[0:19],[0:19],[0:19],[6:11],1
[0:19],[0:19],[0:19],[0:19],[0:19],[0:19],[0:19],[0:19],[0:19],[0:19],[0:19],[0:19],[0:19],[7:11],[0:19],[0:19],[0:19],[0:19],[0:19],[6:11],0
[0:19],[0:19],[0:19],[0:19],[0:19],[0:19],[0:19],[0:19],[0:19],[0:19],[0:19],[0:19],[0:19],[7:11],[0:19],[0:19],[0:19],[0:19],[0:19],[6:11],0
[0:19],[0:19],[0:19],[0:19],[0:19],[0:19],[0:19],[0:19],[0:19],[0:19],[0:19],[0:19],[0:19],[7:11],[0:19],[0:19],[0:19],[0:19],[0:19],[3:5],0
[0:19],[0:19],[0:19],[0:19],[0:19],[0:19],[0:19],[0:19],[0:19],[0:19],[0:19],[0:19],[0:19],[7:11],[0:19],[0:19],[0:19],[0:19],[0:19],[6:11],1
[0:19],[0:19],[0:19],[0:19],[0:19],[0:19],[0:19],[0:19],[0:19],[0:19],[0:19],[0:19],[0:19],[7:11],[0:19],[0:19],[0:19],[0:19],[0:19],[12:15],0
[0:19],[0:19],[0:19],[0:19],[0:19],[0:19],[0:19],[0:19],[0:19],[0:19],[0:19],[0:19],[0:19],[7:11],[0:19],[0:19],[0:19],[0:19],[0:19],[6:11],1
[0:19],[0:19],[0:19],[0:19],[0:19],[0:19],[0:19],[0:19],[0:19],[0:19],[0:19],[0:19],[0:19],[0:6],[0:19],[0:19],[0:19],[0:19],[0:19],[6:11],0
[0:19],[0:19],[0:19],[0:19],[0:19],[0:19],[0:19],[0:19],[0:19],[0:19],[0:19],[0:19],[0:19],[7:11],[0:19],[0:19],[0:19],[0:19],[0:19],[6:11],1
[0:19],[0:19],[0:19],[0:19],[0:19],[0:19],[0:19],[0:19],[0:19],[0:19],[0:19],[0:19],[0:19],[0:6],[0:19],[0:19],[0:19],[0:19],[0:19],[6:11],0
[0:19],[0:19],[0:19],[0:19],[0:19],[0:19],[0:19],[0:19],[0:19],[0:19],[0:19],[0:19],[0:19],[12:14],[0:19],[0:19],[0:19],[0:19],[0:19],[6:11],1
[0:19],[0:19],[0:19],[0:19],[0:19],[0:19],[0:19],[0:19],[0:19],[0:19],[0:19],[0:19],[0:19],[7:11],[0:19],[0:19],[0:19],[0:19],[0:19],[6:11],0
[0:19],[0:19],[0:19],[0:19],[0:19],[0:19],[0:19],[0:19],[0:19],[0:19],[0:19],[0:19],[0:19],[7:11],[0:19],[0:19],[0:19],[0:19],[0:19],[6:11],1
[0:19],[0:19],[0:19],[0:19],[0:19],[0:19],[0:19],[0:19],[0:19],[0:19],[0:19],[0:19],[0:19],[7:11],[0:19],[0:19],[0:19],[0:19],[0:19],[12:15],1
[0:19],[0:19],[0:19],[0:19],[0:19],[0:19],[0:19],[0:19],[0:19],[0:19],[0:19],[0:19],[0:19],[12:14],[0:19],[0:19],[0:19],[0:19],[0:19],[6:11],1
[0:19],[0:19],[0:19],[0:19],[0:19],[0:19],[0:19],[0:19],[0:19],[0:19],[0:19],[0:19],[0:19],[0:6],[0:19],[0:19],[0:19],[0:19],[0:19],[6:11],0
[0:19],[0:19],[0:19],[0:19],[0:19],[0:19],[0:19],[0:19],[0:19],[0:19],[0:19],[0:19],[0:19],[0:6],[0:19],[0:19],[0:19],[0:19],[0:19],[6:11],1
[0:19],[0:19],[0:19],[0:19],[0:19],[0:19],[0:19],[0:19],[0:19],[0:19],[0:19],[0:19],[0:19],[12:14],[0:19],[0:19],[0:19],[0:19],[0:19],[6:11],0
[0:19],[0:19],[0:19],[0:19],[0:19],[0:19],[0:19],[0:19],[0:19],[0:19],[0:19],[0:19],[0:19],[7:11],[0:19],[0:19],[0:19],[0:19],[0:19],[6:11],1
[0:19],[0:19],[0:19],[0:19],[0:19],[0:19],[0:19],[0:19],[0:19],[0:19],[0:19],[0:19],[0:19],[7:11],[0:19],[0:19],[0:19],[0:19],[0:19],[12:15],0
[0:19],[0:19],[0:19],[0:19],[0:19],[0:19],[0:19],[0:19],[0:19],[0:19],[0:19],[0:19],[0:19],[7:11],[0:19],[0:19],[0:19],[0:19],[0:19],[6:11],0
[0:19],[0:19],[0:19],[0:19],[0:19],[0:19],[0:19],[0:19],[0:19],[0:19],[0:19],[0:19],[0:19],[7:11],[0:19],[0:19],[0:19],[0:19],[0:19],[6:11],1
[0:19],[0:19],[0:19],[0:19],[0:19],[0:19],[0:19],[0:19],[0:19],[0:19],[0:19],[0:19],[0:19],[7:11],[0:19],[0:19],[0:19],[0:19],[0:19],[6:11],1
[0:19],[0:19],[0:19],[0:19],[0:19],[0:19],[0:19],[0:19],[0:19],[0:19],[0:19],[0:19],[0:19],[0:6],[0:19],[0:19],[0:19],[0:19],[0:19],[6:11],0
[0:19],[0:19],[0:19],[0:19],[0:19],[0:19],[0:19],[0:19],[0:19],[0:19],[0:19],[0:19],[0:19],[7:11],[0:19],[0:19],[0:19],[0:19],[0:19],[6:11],1
[0:19],[0:19],[0:19],[0:19],[0:19],[0:19],[0:19],[0:19],[0:19],[0:19],[0:19],[0:19],[0:19],[7:11],[0:19],[0:19],[0:19],[0:19],[0:19],[6:11],1
[0:19],[0:19],[0:19],[0:19],[0:19],[0:19],[0:19],[0:19],[0:19],[0:19],[0:19],[0:19],[0:19],[7:11],[0:19],[0:19],[0:19],[0:19],[0:19],[6:11],0
[0:19],[0:19],[0:19],[0:19],[0:19],[0:19],[0:19],[0:19],[0:19],[0:19],[0:19],[0:19],[0:19],[7:11],[0:19],[0:19],[0:19],[0:19],[0:19],[6:11],0
[0:19],[0:19],[0:19],[0:19],[0:19],[0:19],[0:19],[0:19],[0:19],[0:19],[0:19],[0:19],[0:19],[7:11],[0:19],[0:19],[0:19],[0:19],[0:19],[12:15],1
[0:19],[0:19],[0:19],[0:19],[0:19],[0:19],[0:19],[0:19],[0:19],[0:19],[0:19],[0:19],[0:19],[7:11],[0:19],[0:19],[0:19],[0:19],[0:19],[6:11],1
[0:19],[0:19],[0:19],[0:19],[0:19],[0:19],[0:19],[0:19],[0:19],[0:19],[0:19],[0:19],[0:19],[7:11],[0:19],[0:19],[0:19],[0:19],[0:19],[6:11],1
[0:19],[0:19],[0:19],[0:19],[0:19],[0:19],[0:19],[0:19],[0:19],[0:19],[0:19],[0:19],[0:19],[7:11],[0:19],[0:19],[0:19],[0:19],[0:19],[6:11],1
[0:19],[0:19],[0:19],[0:19],[0:19],[0:19],[0:19],[0:19],[0:19],[0:19],[0:19],[0:19],[0:19],[12:14],[0:19],[0:19],[0:19],[0:19],[0:19],[6:11],1
[0:19],[0:19],[0:19],[0:19],[0:19],[0:19],[0:19],[0:19],[0:19],[0:19],[0:19],[0:19],[0:19],[7:11],[0:19],[0:19],[0:19],[0:19],[0:19],[6:11],1
[0:19],[0:19],[0:19],[0:19],[0:19],[0:19],[0:19],[0:19],[0:19],[0:19],[0:19],[0:19],[0:19],[7:11],[0:19],[0:19],[0:19],[0:19],[0:19],[6:11],0
[0:19],[0:19],[0:19],[0:19],[0:19],[0:19],[0:19],[0:19],[0:19],[0:19],[0:19],[0:19],[0:19],[7:11],[0:19],[0:19],[0:19],[0:19],[0:19],[6:11],0
[0:19],[0:19],[0:19],[0:19],[0:19],[0:19],[0:19],[0:19],[0:19],[0:19],[0:19],[0:19],[0:19],[7:11],[0:19],[0:19],[0:19],[0:19],[0:19],[12:15],0
[0:19],[0:19],[0:19],[0:19],[0:19],[0:19],[0:19],[0:19],[0:19],[0:19],[0:19],[0:19],[0:19],[12:14],[0:19],[0:19],[0:19],[0:19],[0:19],[12:15],0
[0:19],[0:19],[0:19],[0:19],[0:19],[0:19],[0:19],[0:19],[0:19],[0:19],[0:19],[0:19],[0:19],[7:11],[0:19],[0:19],[0:19],[0:19],[0:19],[6:11],1
[0:19],[0:19],[0:19],[0:19],[0:19],[0:19],[0:19],[0:19],[0:19],[0:19],[0:19],[0:19],[0:19],[7:11],[0:19],[0:19],[0:19],[0:19],[0:19],[6:11],1
[0:19],[0:19],[0:19],[0:19],[0:19],[0:19],[0:19],[0:19],[0:19],[0:19],[0:19],[0:19],[0:19],[0:6],[0:19],[0:19],[0:19],[0:19],[0:19],[12:15],0
[0:19],[0:19],[0:19],[0:19],[0:19],[0:19],[0:19],[0:19],[0:19],[0:19],[0:19],[0:19],[0:19],[12:14],[0:19],[0:19],[0:19],[0:19],[0:19],[6:11],0
[0:19],[0:19],[0:19],[0:19],[0:19],[0:19],[0:19],[0:19],[0:19],[0:19],[0:19],[0:19],[0:19],[7:11],[0:19],[0:19],[0:19],[0:19],[0:19],[6:11],1
[0:19],[0:19],[0:19],[0:19],[0:19],[0:19],[0:19],[0:19],[0:19],[0:19],[0:19],[0:19],[0:19],[12:14],[0:19],[0:19],[0:19],[0:19],[0:19],[6:11],1
[0:19],[0:19],[0:19],[0:19],[0:19],[0:19],[0:19],[0:19],[0:19],[0:19],[0:19],[0:19],[0:19],[7:11],[0:19],[0:19],[0:19],[0:19],[0:19],[6:11],1
[0:19],[0:19],[0:19],[0:19],[0:19],[0:19],[0:19],[0:19],[0:19],[0:19],[0:19],[0:19],[0:19],[12:14],[0:19],[0:19],[0:19],[0:19],[0:19],[6:11],0
[0:19],[0:19],[0:19],[0:19],[0:19],[0:19],[0:19],[0:19],[0:19],[0:19],[0:19],[0:19],[0:19],[7:11],[0:19],[0:19],[0:19],[0:19],[0:19],[6:11],0
[0:19],[0:19],[0:19],[0:19],[0:19],[0:19],[0:19],[0:19],[0:19],[0:19],[0:19],[0:19],[0:19],[7:11],[0:19],[0:19],[0:19],[0:19],[0:19],[3:5],0
[0:19],[0:19],[0:19],[0:19],[0:19],[0:19],[0:19],[0:19],[0:19],[0:19],[0:19],[0:19],[0:19],[12:14],[0:19],[0:19],[0:19],[0:19],[0:19],[6:11],0
[0:19],[0:19],[0:19],[0:19],[0:19],[0:19],[0:19],[0:19],[0:19],[0:19],[0:19],[0:19],[0:19],[7:11],[0:19],[0:19],[0:19],[0:19],[0:19],[6:11],0
[0:19],[0:19],[0:19],[0:19],[0:19],[0:19],[0:19],[0:19],[0:19],[0:19],[0:19],[0:19],[0:19],[12:14],[0:19],[0:19],[0:19],[0:19],[0:19],[6:11],0
[0:19],[0:19],[0:19],[0:19],[0:19],[0:19],[0:19],[0:19],[0:19],[0:19],[0:19],[0:19],[0:19],[0:6],[0:19],[0:19],[0:19],[0:19],[0:19],[6:11],0
[0:19],[0:19],[0:19],[0:19],[0:19],[0:19],[0:19],[0:19],[0:19],[0:19],[0:19],[0:19],[0:19],[7:11],[0:19],[0:19],[0:19],[0:19],[0:19],[6:11],0
[0:19],[0:19],[0:19],[0:19],[0:19],[0:19],[0:19],[0:19],[0:19],[0:19],[0:19],[0:19],[0:19],[7:11],[0:19],[0:19],[0:19],[0:19],[0:19],[6:11],1
[0:19],[0:19],[0:19],[0:19],[0:19],[0:19],[0:19],[0:19],[0:19],[0:19],[0:19],[0:19],[0:19],[7:11],[0:19],[0:19],[0:19],[0:19],[0:19],[6:11],1
[0:19],[0:19],[0:19],[0:19],[0:19],[0:19],[0:19],[0:19],[0:19],[0:19],[0:19],[0:19],[0:19],[7:11],[0:19],[0:19],[0:19],[0:19],[0:19],[6:11],0
[0:19],[0:19],[0:19],[0:19],[0:19],[0:19],[0:19],[0:19],[0:19],[0:19],[0:19],[0:19],[0:19],[12:14],[0:19],[0:19],[0:19],[0:19],[0:19],[6:11],1
[0:19],[0:19],[0:19],[0:19],[0:19],[0:19],[0:19],[0:19],[0:19],[0:19],[0:19],[0:19],[0:19],[7:11],[0:19],[0:19],[0:19],[0:19],[0:19],[6:11],0
[0:19],[0:19],[0:19],[0:19],[0:19],[0:19],[0:19],[0:19],[0:19],[0:19],[0:19],[0:19],[0:19],[7:11],[0:19],[0:19],[0:19],[0:19],[0:19],[12:15],0
[0:19],[0:19],[0:19],[0:19],[0:19],[0:19],[0:19],[0:19],[0:19],[0:19],[0:19],[0:19],[0:19],[12:14],[0:19],[0:19],[0:19],[0:19],[0:19],[12:15],1
[0:19],[0:19],[0:19],[0:19],[0:19],[0:19],[0:19],[0:19],[0:19],[0:19],[0:19],[0:19],[0:19],[12:14],[0:19],[0:19],[0:19],[0:19],[0:19],[6:11],0
[0:19],[0:19],[0:19],[0:19],[0:19],[0:19],[0:19],[0:19],[0:19],[0:19],[0:19],[0:19],[0:19],[7:11],[0:19],[0:19],[0:19],[0:19],[0:19],[6:11],0
[0:19],[0:19],[0:19],[0:19],[0:19],[0:19],[0:19],[0:19],[0:19],[0:19],[0:19],[0:19],[0:19],[7:11],[0:19],[0:19],[0:19],[0:19],[0:19],[6:11],0
[0:19],[0:19],[0:19],[0:19],[0:19],[0:19],[0:19],[0:19],[0:19],[0:19],[0:19],[0:19],[0:19],[7:11],[0:19],[0:19],[0:19],[0:19],[0:19],[6:11],0
[0:19],[0:19],[0:19],[0:19],[0:19],[0:19],[0:19],[0:19],[0:19],[0:19],[0:19],[0:19],[0:19],[7:11],[0:19],[0:19],[0:19],[0:19],[0:19],[6:11],1
[0:19],[0:19],[0:19],[0:19],[0:19],[0:19],[0:19],[0:19],[0:19],[0:19],[0:19],[0:19],[0:19],[7:11],[0:19],[0:19],[0:19],[0:19],[0:19],[6:11],0
[0:19],[0:19],[0:19],[0:19],[0:19],[0:19],[0:19],[0:19],[0:19],[0:19],[0:19],[0:19],[0:19],[7:11],[0:19],[0:19],[0:19],[0:19],[0:19],[12:15],0
[0:19],[0:19],[0:19],[0:19],[0:19],[0:19],[0:19],[0:19],[0:19],[0:19],[0:19],[0:19],[0:19],[7:11],[0:19],[0:19],[0:19],[0:19],[0:19],[6:11],1
[0:19],[0:19],[0:19],[0:19],[0:19],[0:19],[0:19],[0:19],[0:19],[0:19],[0:19],[0:19],[0:19],[7:11],[0:19],[0:19],[0:19],[0:19],[0:19],[6:11],0
[0:19],[0:19],[0:19],[0:19],[0:19],[0:19],[0:19],[0:19],[0:19],[0:19],[0:19],[0:19],[0:19],[12:14],[0:19],[0:19],[0:19],[0:19],[0:19],[6:11],1
[0:19],[0:19],[0:19],[0:19],[0:19],[0:19],[0:19],[0:19],[0:19],[0:19],[0:19],[0:19],[0:19],[7:11],[0:19],[0:19],[0:19],[0:19],[0:19],[6:11],1
[0:19],[0:19],[0:19],[0:19],[0:19],[0:19],[0:19],[0:19],[0:19],[0:19],[0:19],[0:19],[0:19],[7:11],[0:19],[0:19],[0:19],[0:19],[0:19],[6:11],1
[0:19],[0:19],[0:19],[0:19],[0:19],[0:19],[0:19],[0:19],[0:19],[0:19],[0:19],[0:19],[0:19],[7:11],[0:19],[0:19],[0:19],[0:19],[0:19],[6:11],1
[0:19],[0:19],[0:19],[0:19],[0:19],[0:19],[0:19],[0:19],[0:19],[0:19],[0:19],[0:19],[0:19],[7:11],[0:19],[0:19],[0:19],[0:19],[0:19],[6:11],1
[0:19],[0:19],[0:19],[0:19],[0:19],[0:19],[0:19],[0:19],[0:19],[0:19],[0:19],[0:19],[0:19],[7:11],[0:19],[0:19],[0:19],[0:19],[0:19],[6:11],1
[0:19],[0:19],[0:19],[0:19],[0:19],[0:19],[0:19],[0:19],[0:19],[0:19],[0:19],[0:19],[0:19],[12:14],[0:19],[0:19],[0:19],[0:19],[0:19],[6:11],1
[0:19],[0:19],[0:19],[0:19],[0:19],[0:19],[0:19],[0:19],[0:19],[0:19],[0:19],[0:19],[0:19],[7:11],[0:19],[0:19],[0:19],[0:19],[0:19],[6:11],0
[0:19],[0:19],[0:19],[0:19],[0:19],[0:19],[0:19],[0:19],[0:19],[0:19],[0:19],[0:19],[0:19],[7:11],[0:19],[0:19],[0:19],[0:19],[0:19],[6:11],1
[0:19],[0:19],[0:19],[0:19],[0:19],[0:19],[0:19],[0:19],[0:19],[0:19],[0:19],[0:19],[0:19],[7:11],[0:19],[0:19],[0:19],[0:19],[0:19],[6:11],1
[0:19],[0:19],[0:19],[0:19],[0:19],[0:19],[0:19],[0:19],[0:19],[0:19],[0:19],[0:19],[0:19],[7:11],[0:19],[0:19],[0:19],[0:19],[0:19],[6:11],1
[0:19],[0:19],[0:19],[0:19],[0:19],[0:19],[0:19],[0:19],[0:19],[0:19],[0:19],[0:19],[0:19],[7:11],[0:19],[0:19],[0:19],[0:19],[0:19],[12:15],1
[0:19],[0:19],[0:19],[0:19],[0:19],[0:19],[0:19],[0:19],[0:19],[0:19],[0:19],[0:19],[0:19],[15:19],[0:19],[0:19],[0:19],[0:19],[0:19],[6:11],0
[0:19],[0:19],[0:19],[0:19],[0:19],[0:19],[0:19],[0:19],[0:19],[0:19],[0:19],[0:19],[0:19],[7:11],[0:19],[0:19],[0:19],[0:19],[0:19],[6:11],0
[0:19],[0:19],[0:19],[0:19],[0:19],[0:19],[0:19],[0:19],[0:19],[0:19],[0:19],[0:19],[0:19],[7:11],[0:19],[0:19],[0:19],[0:19],[0:19],[3:5],0
[0:19],[0:19],[0:19],[0:19],[0:19],[0:19],[0:19],[0:19],[0:19],[0:19],[0:19],[0:19],[0:19],[7:11],[0:19],[0:19],[0:19],[0:19],[0:19],[6:11],0
[0:19],[0:19],[0:19],[0:19],[0:19],[0:19],[0:19],[0:19],[0:19],[0:19],[0:19],[0:19],[0:19],[7:11],[0:19],[0:19],[0:19],[0:19],[0:19],[6:11],0
[0:19],[0:19],[0:19],[0:19],[0:19],[0:19],[0:19],[0:19],[0:19],[0:19],[0:19],[0:19],[0:19],[7:11],[0:19],[0:19],[0:19],[0:19],[0:19],[6:11],1
[0:19],[0:19],[0:19],[0:19],[0:19],[0:19],[0:19],[0:19],[0:19],[0:19],[0:19],[0:19],[0:19],[7:11],[0:19],[0:19],[0:19],[0:19],[0:19],[6:11],0
[0:19],[0:19],[0:19],[0:19],[0:19],[0:19],[0:19],[0:19],[0:19],[0:19],[0:19],[0:19],[0:19],[7:11],[0:19],[0:19],[0:19],[0:19],[0:19],[6:11],0
[0:19],[0:19],[0:19],[0:19],[0:19],[0:19],[0:19],[0:19],[0:19],[0:19],[0:19],[0:19],[0:19],[7:11],[0:19],[0:19],[0:19],[0:19],[0:19],[6:11],0
[0:19],[0:19],[0:19],[0:19],[0:19],[0:19],[0:19],[0:19],[0:19],[0:19],[0:19],[0:19],[0:19],[7:11],[0:19],[0:19],[0:19],[0:19],[0:19],[6:11],1
[0:19],[0:19],[0:19],[0:19],[0:19],[0:19],[0:19],[0:19],[0:19],[0:19],[0:19],[0:19],[0:19],[7:11],[0:19],[0:19],[0:19],[0:19],[0:19],[6:11],1
[0:19],[0:19],[0:19],[0:19],[0:19],[0:19],[0:19],[0:19],[0:19],[0:19],[0:19],[0:19],[0:19],[7:11],[0:19],[0:19],[0:19],[0:19],[0:19],[6:11],1
[0:19],[0:19],[0:19],[0:19],[0:19],[0:19],[0:19],[0:19],[0:19],[0:19],[0:19],[0:19],[0:19],[7:11],[0:19],[0:19],[0:19],[0:19],[0:19],[6:11],0
[0:19],[0:19],[0:19],[0:19],[0:19],[0:19],[0:19],[0:19],[0:19],[0:19],[0:19],[0:19],[0:19],[7:11],[0:19],[0:19],[0:19],[0:19],[0:19],[6:11],0
[0:19],[0:19],[0:19],[0:19],[0:19],[0:19],[0:19],[0:19],[0:19],[0:19],[0:19],[0:19],[0:19],[7:11],[0:19],[0:19],[0:19],[0:19],[0:19],[6:11],1
[0:19],[0:19],[0:19],[0:19],[0:19],[0:19],[0:19],[0:19],[0:19],[0:19],[0:19],[0:19],[0:19],[7:11],[0:19],[0:19],[0:19],[0:19],[0:19],[6:11],0
[0:19],[0:19],[0:19],[0:19],[0:19],[0:19],[0:19],[0:19],[0:19],[0:19],[0:19],[0:19],[0:19],[7:11],[0:19],[0:19],[0:19],[0:19],[0:19],[12:15],1
[0:19],[0:19],[0:19],[0:19],[0:19],[0:19],[0:19],[0:19],[0:19],[0:19],[0:19],[0:19],[0:19],[7:11],[0:19],[0:19],[0:19],[0:19],[0:19],[12:15],1
[0:19],[0:19],[0:19],[0:19],[0:19],[0:19],[0:19],[0:19],[0:19],[0:19],[0:19],[0:19],[0:19],[12:14],[0:19],[0:19],[0:19],[0:19],[0:19],[6:11],1
[0:19],[0:19],[0:19],[0:19],[0:19],[0:19],[0:19],[0:19],[0:19],[0:19],[0:19],[0:19],[0:19],[0:6],[0:19],[0:19],[0:19],[0:19],[0:19],[6:11],0
[0:19],[0:19],[0:19],[0:19],[0:19],[0:19],[0:19],[0:19],[0:19],[0:19],[0:19],[0:19],[0:19],[7:11],[0:19],[0:19],[0:19],[0:19],[0:19],[6:11],0
[0:19],[0:19],[0:19],[0:19],[0:19],[0:19],[0:19],[0:19],[0:19],[0:19],[0:19],[0:19],[0:19],[12:14],[0:19],[0:19],[0:19],[0:19],[0:19],[6:11],1
[0:19],[0:19],[0:19],[0:19],[0:19],[0:19],[0:19],[0:19],[0:19],[0:19],[0:19],[0:19],[0:19],[7:11],[0:19],[0:19],[0:19],[0:19],[0:19],[6:11],1
[0:19],[0:19],[0:19],[0:19],[0:19],[0:19],[0:19],[0:19],[0:19],[0:19],[0:19],[0:19],[0:19],[7:11],[0:19],[0:19],[0:19],[0:19],[0:19],[12:15],0
[0:19],[0:19],[0:19],[0:19],[0:19],[0:19],[0:19],[0:19],[0:19],[0:19],[0:19],[0:19],[0:19],[7:11],[0:19],[0:19],[0:19],[0:19],[0:19],[6:11],0
[0:19],[0:19],[0:19],[0:19],[0:19],[0:19],[0:19],[0:19],[0:19],[0:19],[0:19],[0:19],[0:19],[7:11],[0:19],[0:19],[0:19],[0:19],[0:19],[12:15],0
[0:19],[0:19],[0:19],[0:19],[0:19],[0:19],[0:19],[0:19],[0:19],[0:19],[0:19],[0:19],[0:19],[7:11],[0:19],[0:19],[0:19],[0:19],[0:19],[6:11],0
[0:19],[0:19],[0:19],[0:19],[0:19],[0:19],[0:19],[0:19],[0:19],[0:19],[0:19],[0:19],[0:19],[7:11],[0:19],[0:19],[0:19],[0:19],[0:19],[6:11],1
[0:19],[0:19],[0:19],[0:19],[0:19],[0:19],[0:19],[0:19],[0:19],[0:19],[0:19],[0:19],[0:19],[12:14],[0:19],[0:19],[0:19],[0:19],[0:19],[3:5],0
[0:19],[0:19],[0:19],[0:19],[0:19],[0:19],[0:19],[0:19],[0:19],[0:19],[0:19],[0:19],[0:19],[7:11],[0:19],[0:19],[0:19],[0:19],[0:19],[12:15],0
[0:19],[0:19],[0:19],[0:19],[0:19],[0:19],[0:19],[0:19],[0:19],[0:19],[0:19],[0:19],[0:19],[7:11],[0:19],[0:19],[0:19],[0:19],[0:19],[6:11],0
[0:19],[0:19],[0:19],[0:19],[0:19],[0:19],[0:19],[0:19],[0:19],[0:19],[0:19],[0:19],[0:19],[7:11],[0:19],[0:19],[0:19],[0:19],[0:19],[6:11],1
[0:19],[0:19],[0:19],[0:19],[0:19],[0:19],[0:19],[0:19],[0:19],[0:19],[0:19],[0:19],[0:19],[7:11],[0:19],[0:19],[0:19],[0:19],[0:19],[6:11],0
[0:19],[0:19],[0:19],[0:19],[0:19],[0:19],[0:19],[0:19],[0:19],[0:19],[0:19],[0:19],[0:19],[7:11],[0:19],[0:19],[0:19],[0:19],[0:19],[6:11],0
[0:19],[0:19],[0:19],[0:19],[0:19],[0:19],[0:19],[0:19],[0:19],[0:19],[0:19],[0:19],[0:19],[7:11],[0:19],[0:19],[0:19],[0:19],[0:19],[12:15],1
[0:19],[0:19],[0:19],[0:19],[0:19],[0:19],[0:19],[0:19],[0:19],[0:19],[0:19],[0:19],[0:19],[7:11],[0:19],[0:19],[0:19],[0:19],[0:19],[6:11],1
[0:19],[0:19],[0:19],[0:19],[0:19],[0:19],[0:19],[0:19],[0:19],[0:19],[0:19],[0:19],[0:19],[7:11],[0:19],[0:19],[0:19],[0:19],[0:19],[6:11],1
[0:19],[0:19],[0:19],[0:19],[0:19],[0:19],[0:19],[0:19],[0:19],[0:19],[0:19],[0:19],[0:19],[7:11],[0:19],[0:19],[0:19],[0:19],[0:19],[12:15],0
[0:19],[0:19],[0:19],[0:19],[0:19],[0:19],[0:19],[0:19],[0:19],[0:19],[0:19],[0:19],[0:19],[7:11],[0:19],[0:19],[0:19],[0:19],[0:19],[6:11],0
[0:19],[0:19],[0:19],[0:19],[0:19],[0:19],[0:19],[0:19],[0:19],[0:19],[0:19],[0:19],[0:19],[7:11],[0:19],[0:19],[0:19],[0:19],[0:19],[6:11],1
[0:19],[0:19],[0:19],[0:19],[0:19],[0:19],[0:19],[0:19],[0:19],[0:19],[0:19],[0:19],[0:19],[7:11],[0:19],[0:19],[0:19],[0:19],[0:19],[6:11],1
[0:19],[0:19],[0:19],[0:19],[0:19],[0:19],[0:19],[0:19],[0:19],[0:19],[0:19],[0:19],[0:19],[0:6],[0:19],[0:19],[0:19],[0:19],[0:19],[12:15],0
[0:19],[0:19],[0:19],[0:19],[0:19],[0:19],[0:19],[0:19],[0:19],[0:19],[0:19],[0:19],[0:19],[7:11],[0:19],[0:19],[0:19],[0:19],[0:19],[6:11],1
[0:19],[0:19],[0:19],[0:19],[0:19],[0:19],[0:19],[0:19],[0:19],[0:19],[0:19],[0:19],[0:19],[7:11],[0:19],[0:19],[0:19],[0:19],[0:19],[6:11],1
[0:19],[0:19],[0:19],[0:19],[0:19],[0:19],[0:19],[0:19],[0:19],[0:19],[0:19],[0:19],[0:19],[7:11],[0:19],[0:19],[0:19],[0:19],[0:19],[6:11],1
[0:19],[0:19],[0:19],[0:19],[0:19],[0:19],[0:19],[0:19],[0:19],[0:19],[0:19],[0:19],[0:19],[12:14],[0:19],[0:19],[0:19],[0:19],[0:19],[6:11],1
[0:19],[0:19],[0:19],[0:19],[0:19],[0:19],[0:19],[0:19],[0:19],[0:19],[0:19],[0:19],[0:19],[7:11],[0:19],[0:19],[0:19],[0:19],[0:19],[6:11],0
[0:19],[0:19],[0:19],[0:19],[0:19],[0:19],[0:19],[0:19],[0:19],[0:19],[0:19],[0:19],[0:19],[7:11],[0:19],[0:19],[0:19],[0:19],[0:19],[6:11],1
[0:19],[0:19],[0:19],[0:19],[0:19],[0:19],[0:19],[0:19],[0:19],[0:19],[0:19],[0:19],[0:19],[7:11],[0:19],[0:19],[0:19],[0:19],[0:19],[6:11],0
[0:19],[0:19],[0:19],[0:19],[0:19],[0:19],[0:19],[0:19],[0:19],[0:19],[0:19],[0:19],[0:19],[7:11],[0:19],[0:19],[0:19],[0:19],[0:19],[6:11],1
[0:19],[0:19],[0:19],[0:19],[0:19],[0:19],[0:19],[0:19],[0:19],[0:19],[0:19],[0:19],[0:19],[7:11],[0:19],[0:19],[0:19],[0:19],[0:19],[6:11],1
[0:19],[0:19],[0:19],[0:19],[0:19],[0:19],[0:19],[0:19],[0:19],[0:19],[0:19],[0:19],[0:19],[7:11],[0:19],[0:19],[0:19],[0:19],[0:19],[6:11],0
[0:19],[0:19],[0:19],[0:19],[0:19],[0:19],[0:19],[0:19],[0:19],[0:19],[0:19],[0:19],[0:19],[7:11],[0:19],[0:19],[0:19],[0:19],[0:19],[12:15],1
[0:19],[0:19],[0:19],[0:19],[0:19],[0:19],[0:19],[0:19],[0:19],[0:19],[0:19],[0:19],[0:19],[12:14],[0:19],[0:19],[0:19],[0:19],[0:19],[6:11],0
[0:19],[0:19],[0:19],[0:19],[0:19],[0:19],[0:19],[0:19],[0:19],[0:19],[0:19],[0:19],[0:19],[12:14],[0:19],[0:19],[0:19],[0:19],[0:19],[16:19],0
[0:19],[0:19],[0:19],[0:19],[0:19],[0:19],[0:19],[0:19],[0:19],[0:19],[0:19],[0:19],[0:19],[7:11],[0:19],[0:19],[0:19],[0:19],[0:19],[6:11],0
[0:19],[0:19],[0:19],[0:19],[0:19],[0:19],[0:19],[0:19],[0:19],[0:19],[0:19],[0:19],[0:19],[7:11],[0:19],[0:19],[0:19],[0:19],[0:19],[6:11],1
[0:19],[0:19],[0:19],[0:19],[0:19],[0:19],[0:19],[0:19],[0:19],[0:19],[0:19],[0:19],[0:19],[7:11],[0:19],[0:19],[0:19],[0:19],[0:19],[6:11],1
[0:19],[0:19],[0:19],[0:19],[0:19],[0:19],[0:19],[0:19],[0:19],[0:19],[0:19],[0:19],[0:19],[7:11],[0:19],[0:19],[0:19],[0:19],[0:19],[12:15],1
[0:19],[0:19],[0:19],[0:19],[0:19],[0:19],[0:19],[0:19],[0:19],[0:19],[0:19],[0:19],[0:19],[7:11],[0:19],[0:19],[0:19],[0:19],[0:19],[6:11],1
[0:19],[0:19],[0:19],[0:19],[0:19],[0:19],[0:19],[0:19],[0:19],[0:19],[0:19],[0:19],[0:19],[7:11],[0:19],[0:19],[0:19],[0:19],[0:19],[6:11],0
[0:19],[0:19],[0:19],[0:19],[0:19],[0:19],[0:19],[0:19],[0:19],[0:19],[0:19],[0:19],[0:19],[7:11],[0:19],[0:19],[0:19],[0:19],[0:19],[6:11],1
[0:19],[0:19],[0:19],[0:19],[0:19],[0:19],[0:19],[0:19],[0:19],[0:19],[0:19],[0:19],[0:19],[15:19],[0:19],[0:19],[0:19],[0:19],[0:19],[12:15],0
[0:19],[0:19],[0:19],[0:19],[0:19],[0:19],[0:19],[0:19],[0:19],[0:19],[0:19],[0:19],[0:19],[7:11],[0:19],[0:19],[0:19],[0:19],[0:19],[12:15],0
[0:19],[0:19],[0:19],[0:19],[0:19],[0:19],[0:19],[0:19],[0:19],[0:19],[0:19],[0:19],[0:19],[7:11],[0:19],[0:19],[0:19],[0:19],[0:19],[6:11],0
[0:19],[0:19],[0:19],[0:19],[0:19],[0:19],[0:19],[0:19],[0:19],[0:19],[0:19],[0:19],[0:19],[7:11],[0:19],[0:19],[0:19],[0:19],[0:19],[12:15],0
[0:19],[0:19],[0:19],[0:19],[0:19],[0:19],[0:19],[0:19],[0:19],[0:19],[0:19],[0:19],[0:19],[7:11],[0:19],[0:19],[0:19],[0:19],[0:19],[6:11],1
[0:19],[0:19],[0:19],[0:19],[0:19],[0:19],[0:19],[0:19],[0:19],[0:19],[0:19],[0:19],[0:19],[7:11],[0:19],[0:19],[0:19],[0:19],[0:19],[12:15],1
[0:19],[0:19],[0:19],[0:19],[0:19],[0:19],[0:19],[0:19],[0:19],[0:19],[0:19],[0:19],[0:19],[7:11],[0:19],[0:19],[0:19],[0:19],[0:19],[6:11],1
[0:19],[0:19],[0:19],[0:19],[0:19],[0:19],[0:19],[0:19],[0:19],[0:19],[0:19],[0:19],[0:19],[12:14],[0:19],[0:19],[0:19],[0:19],[0:19],[6:11],1
[0:19],[0:19],[0:19],[0:19],[0:19],[0:19],[0:19],[0:19],[0:19],[0:19],[0:19],[0:19],[0:19],[0:6],[0:19],[0:19],[0:19],[0:19],[0:19],[12:15],0
[0:19],[0:19],[0:19],[0:19],[0:19],[0:19],[0:19],[0:19],[0:19],[0:19],[0:19],[0:19],[0:19],[0:6],[0:19],[0:19],[0:19],[0:19],[0:19],[6:11],0
[0:19],[0:19],[0:19],[0:19],[0:19],[0:19],[0:19],[0:19],[0:19],[0:19],[0:19],[0:19],[0:19],[7:11],[0:19],[0:19],[0:19],[0:19],[0:19],[6:11],0
[0:19],[0:19],[0:19],[0:19],[0:19],[0:19],[0:19],[0:19],[0:19],[0:19],[0:19],[0:19],[0:19],[7:11],[0:19],[0:19],[0:19],[0:19],[0:19],[6:11],1
[0:19],[0:19],[0:19],[0:19],[0:19],[0:19],[0:19],[0:19],[0:19],[0:19],[0:19],[0:19],[0:19],[7:11],[0:19],[0:19],[0:19],[0:19],[0:19],[6:11],1
[0:19],[0:19],[0:19],[0:19],[0:19],[0:19],[0:19],[0:19],[0:19],[0:19],[0:19],[0:19],[0:19],[7:11],[0:19],[0:19],[0:19],[0:19],[0:19],[6:11],0
[0:19],[0:19],[0:19],[0:19],[0:19],[0:19],[0:19],[0:19],[0:19],[0:19],[0:19],[0:19],[0:19],[7:11],[0:19],[0:19],[0:19],[0:19],[0:19],[6:11],0
[0:19],[0:19],[0:19],[0:19],[0:19],[0:19],[0:19],[0:19],[0:19],[0:19],[0:19],[0:19],[0:19],[7:11],[0:19],[0:19],[0:19],[0:19],[0:19],[6:11],0
[0:19],[0:19],[0:19],[0:19],[0:19],[0:19],[0:19],[0:19],[0:19],[0:19],[0:19],[0:19],[0:19],[7:11],[0:19],[0:19],[0:19],[0:19],[0:19],[6:11],1
[0:19],[0:19],[0:19],[0:19],[0:19],[0:19],[0:19],[0:19],[0:19],[0:19],[0:19],[0:19],[0:19],[12:14],[0:19],[0:19],[0:19],[0:19],[0:19],[6:11],1
[0:19],[0:19],[0:19],[0:19],[0:19],[0:19],[0:19],[0:19],[0:19],[0:19],[0:19],[0:19],[0:19],[7:11],[0:19],[0:19],[0:19],[0:19],[0:19],[6:11],1
[0:19],[0:19],[0:19],[0:19],[0:19],[0:19],[0:19],[0:19],[0:19],[0:19],[0:19],[0:19],[0:19],[7:11],[0:19],[0:19],[0:19],[0:19],[0:19],[6:11],0
[0:19],[0:19],[0:19],[0:19],[0:19],[0:19],[0:19],[0:19],[0:19],[0:19],[0:19],[0:19],[0:19],[12:14],[0:19],[0:19],[0:19],[0:19],[0:19],[6:11],1
[0:19],[0:19],[0:19],[0:19],[0:19],[0:19],[0:19],[0:19],[0:19],[0:19],[0:19],[0:19],[0:19],[7:11],[0:19],[0:19],[0:19],[0:19],[0:19],[12:15],0
[0:19],[0:19],[0:19],[0:19],[0:19],[0:19],[0:19],[0:19],[0:19],[0:19],[0:19],[0:19],[0:19],[7:11],[0:19],[0:19],[0:19],[0:19],[0:19],[6:11],1
[0:19],[0:19],[0:19],[0:19],[0:19],[0:19],[0:19],[0:19],[0:19],[0:19],[0:19],[0:19],[0:19],[7:11],[0:19],[0:19],[0:19],[0:19],[0:19],[6:11],1
[0:19],[0:19],[0:19],[0:19],[0:19],[0:19],[0:19],[0:19],[0:19],[0:19],[0:19],[0:19],[0:19],[7:11],[0:19],[0:19],[0:19],[0:19],[0:19],[6:11],0
[0:19],[0:19],[0:19],[0:19],[0:19],[0:19],[0:19],[0:19],[0:19],[0:19],[0:19],[0:19],[0:19],[7:11],[0:19],[0:19],[0:19],[0:19],[0:19],[6:11],1
[0:19],[0:19],[0:19],[0:19],[0:19],[0:19],[0:19],[0:19],[0:19],[0:19],[0:19],[0:19],[0:19],[7:11],[0:19],[0:19],[0:19],[0:19],[0:19],[6:11],0
[0:19],[0:19],[0:19],[0:19],[0:19],[0:19],[0:19],[0:19],[0:19],[0:19],[0:19],[0:19],[0:19],[7:11],[0:19],[0:19],[0:19],[0:19],[0:19],[6:11],1
[0:19],[0:19],[0:19],[0:19],[0:19],[0:19],[0:19],[0:19],[0:19],[0:19],[0:19],[0:19],[0:19],[7:11],[0:19],[0:19],[0:19],[0:19],[0:19],[12:15],0
[0:19],[0:19],[0:19],[0:19],[0:19],[0:19],[0:19],[0:19],[0:19],[0:19],[0:19],[0:19],[0:19],[7:11],[0:19],[0:19],[0:19],[0:19],[0:19],[6:11],1
[0:19],[0:19],[0:19],[0:19],[0:19],[0:19],[0:19],[0:19],[0:19],[0:19],[0:19],[0:19],[0:19],[7:11],[0:19],[0:19],[0:19],[0:19],[0:19],[6:11],0
[0:19],[0:19],[0:19],[0:19],[0:19],[0:19],[0:19],[0:19],[0:19],[0:19],[0:19],[0:19],[0:19],[7:11],[0:19],[0:19],[0:19],[0:19],[0:19],[6:11],1
[0:19],[0:19],[0:19],[0:19],[0:19],[0:19],[0:19],[0:19],[0:19],[0:19],[0:19],[0:19],[0:19],[7:11],[0:19],[0:19],[0:19],[0:19],[0:19],[6:11],0
[0:19],[0:19],[0:19],[0:19],[0:19],[0:19],[0:19],[0:19],[0:19],[0:19],[0:19],[0:19],[0:19],[7:11],[0:19],[0:19],[0:19],[0:19],[0:19],[6:11],1
[0:19],[0:19],[0:19],[0:19],[0:19],[0:19],[0:19],[0:19],[0:19],[0:19],[0:19],[0:19],[0:19],[12:14],[0:19],[0:19],[0:19],[0:19],[0:19],[6:11],0
[0:19],[0:19],[0:19],[0:19],[0:19],[0:19],[0:19],[0:19],[0:19],[0:19],[0:19],[0:19],[0:19],[7:11],[0:19],[0:19],[0:19],[0:19],[0:19],[6:11],0
[0:19],[0:19],[0:19],[0:19],[0:19],[0:19],[0:19],[0:19],[0:19],[0:19],[0:19],[0:19],[0:19],[7:11],[0:19],[0:19],[0:19],[0:19],[0:19],[6:11],1
[0:19],[0:19],[0:19],[0:19],[0:19],[0:19],[0:19],[0:19],[0:19],[0:19],[0:19],[0:19],[0:19],[12:14],[0:19],[0:19],[0:19],[0:19],[0:19],[6:11],0
[0:19],[0:19],[0:19],[0:19],[0:19],[0:19],[0:19],[0:19],[0:19],[0:19],[0:19],[0:19],[0:19],[7:11],[0:19],[0:19],[0:19],[0:19],[0:19],[6:11],0
[0:19],[0:19],[0:19],[0:19],[0:19],[0:19],[0:19],[0:19],[0:19],[0:19],[0:19],[0:19],[0:19],[7:11],[0:19],[0:19],[0:19],[0:19],[0:19],[6:11],1
[0:19],[0:19],[0:19],[0:19],[0:19],[0:19],[0:19],[0:19],[0:19],[0:19],[0:19],[0:19],[0:19],[7:11],[0:19],[0:19],[0:19],[0:19],[0:19],[12:15],0
[0:19],[0:19],[0:19],[0:19],[0:19],[0:19],[0:19],[0:19],[0:19],[0:19],[0:19],[0:19],[0:19],[7:11],[0:19],[0:19],[0:19],[0:19],[0:19],[6:11],0
[0:19],[0:19],[0:19],[0:19],[0:19],[0:19],[0:19],[0:19],[0:19],[0:19],[0:19],[0:19],[0:19],[7:11],[0:19],[0:19],[0:19],[0:19],[0:19],[6:11],1
[0:19],[0:19],[0:19],[0:19],[0:19],[0:19],[0:19],[0:19],[0:19],[0:19],[0:19],[0:19],[0:19],[7:11],[0:19],[0:19],[0:19],[0:19],[0:19],[6:11],1
[0:19],[0:19],[0:19],[0:19],[0:19],[0:19],[0:19],[0:19],[0:19],[0:19],[0:19],[0:19],[0:19],[15:19],[0:19],[0:19],[0:19],[0:19],[0:19],[6:11],0
[0:19],[0:19],[0:19],[0:19],[0:19],[0:19],[0:19],[0:19],[0:19],[0:19],[0:19],[0:19],[0:19],[7:11],[0:19],[0:19],[0:19],[0:19],[0:19],[0:2],0
[0:19],[0:19],[0:19],[0:19],[0:19],[0:19],[0:19],[0:19],[0:19],[0:19],[0:19],[0:19],[0:19],[7:11],[0:19],[0:19],[0:19],[0:19],[0:19],[6:11],1
[0:19],[0:19],[0:19],[0:19],[0:19],[0:19],[0:19],[0:19],[0:19],[0:19],[0:19],[0:19],[0:19],[12:14],[0:19],[0:19],[0:19],[0:19],[0:19],[6:11],0
[0:19],[0:19],[0:19],[0:19],[0:19],[0:19],[0:19],[0:19],[0:19],[0:19],[0:19],[0:19],[0:19],[7:11],[0:19],[0:19],[0:19],[0:19],[0:19],[0:2],0
[0:19],[0:19],[0:19],[0:19],[0:19],[0:19],[0:19],[0:19],[0:19],[0:19],[0:19],[0:19],[0:19],[7:11],[0:19],[0:19],[0:19],[0:19],[0:19],[6:11],1
[0:19],[0:19],[0:19],[0:19],[0:19],[0:19],[0:19],[0:19],[0:19],[0:19],[0:19],[0:19],[0:19],[0:6],[0:19],[0:19],[0:19],[0:19],[0:19],[12:15],0
[0:19],[0:19],[0:19],[0:19],[0:19],[0:19],[0:19],[0:19],[0:19],[0:19],[0:19],[0:19],[0:19],[12:14],[0:19],[0:19],[0:19],[0:19],[0:19],[6:11],0
[0:19],[0:19],[0:19],[0:19],[0:19],[0:19],[0:19],[0:19],[0:19],[0:19],[0:19],[0:19],[0:19],[7:11],[0:19],[0:19],[0:19],[0:19],[0:19],[6:11],1
[0:19],[0:19],[0:19],[0:19],[0:19],[0:19],[0:19],[0:19],[0:19],[0:19],[0:19],[0:19],[0:19],[12:14],[0:19],[0:19],[0:19],[0:19],[0:19],[6:11],1
[0:19],[0:19],[0:19],[0:19],[0:19],[0:19],[0:19],[0:19],[0:19],[0:19],[0:19],[0:19],[0:19],[7:11],[0:19],[0:19],[0:19],[0:19],[0:19],[6:11],1
[0:19],[0:19],[0:19],[0:19],[0:19],[0:19],[0:19],[0:19],[0:19],[0:19],[0:19],[0:19],[0:19],[12:14],[0:19],[0:19],[0:19],[0:19],[0:19],[6:11],1
[0:19],[0:19],[0:19],[0:19],[0:19],[0:19],[0:19],[0:19],[0:19],[0:19],[0:19],[0:19],[0:19],[7:11],[0:19],[0:19],[0:19],[0:19],[0:19],[6:11],1
[0:19],[0:19],[0:19],[0:19],[0:19],[0:19],[0:19],[0:19],[0:19],[0:19],[0:19],[0:19],[0:19],[7:11],[0:19],[0:19],[0:19],[0:19],[0:19],[12:15],1
[0:19],[0:19],[0:19],[0:19],[0:19],[0:19],[0:19],[0:19],[0:19],[0:19],[0:19],[0:19],[0:19],[7:11],[0:19],[0:19],[0:19],[0:19],[0:19],[3:5],0
[0:19],[0:19],[0:19],[0:19],[0:19],[0:19],[0:19],[0:19],[0:19],[0:19],[0:19],[0:19],[0:19],[7:11],[0:19],[0:19],[0:19],[0:19],[0:19],[6:11],0
[0:19],[0:19],[0:19],[0:19],[0:19],[0:19],[0:19],[0:19],[0:19],[0:19],[0:19],[0:19],[0:19],[7:11],[0:19],[0:19],[0:19],[0:19],[0:19],[6:11],1
[0:19],[0:19],[0:19],[0:19],[0:19],[0:19],[0:19],[0:19],[0:19],[0:19],[0:19],[0:19],[0:19],[15:19],[0:19],[0:19],[0:19],[0:19],[0:19],[6:11],0
[0:19],[0:19],[0:19],[0:19],[0:19],[0:19],[0:19],[0:19],[0:19],[0:19],[0:19],[0:19],[0:19],[12:14],[0:19],[0:19],[0:19],[0:19],[0:19],[6:11],1
[0:19],[0:19],[0:19],[0:19],[0:19],[0:19],[0:19],[0:19],[0:19],[0:19],[0:19],[0:19],[0:19],[12:14],[0:19],[0:19],[0:19],[0:19],[0:19],[6:11],0
[0:19],[0:19],[0:19],[0:19],[0:19],[0:19],[0:19],[0:19],[0:19],[0:19],[0:19],[0:19],[0:19],[7:11],[0:19],[0:19],[0:19],[0:19],[0:19],[6:11],1
[0:19],[0:19],[0:19],[0:19],[0:19],[0:19],[0:19],[0:19],[0:19],[0:19],[0:19],[0:19],[0:19],[12:14],[0:19],[0:19],[0:19],[0:19],[0:19],[16:19],0
[0:19],[0:19],[0:19],[0:19],[0:19],[0:19],[0:19],[0:19],[0:19],[0:19],[0:19],[0:19],[0:19],[7:11],[0:19],[0:19],[0:19],[0:19],[0:19],[6:11],1
[0:19],[0:19],[0:19],[0:19],[0:19],[0:19],[0:19],[0:19],[0:19],[0:19],[0:19],[0:19],[0:19],[7:11],[0:19],[0:19],[0:19],[0:19],[0:19],[6:11],1
[0:19],[0:19],[0:19],[0:19],[0:19],[0:19],[0:19],[0:19],[0:19],[0:19],[0:19],[0:19],[0:19],[7:11],[0:19],[0:19],[0:19],[0:19],[0:19],[6:11],1
[0:19],[0:19],[0:19],[0:19],[0:19],[0:19],[0:19],[0:19],[0:19],[0:19],[0:19],[0:19],[0:19],[7:11],[0:19],[0:19],[0:19],[0:19],[0:19],[6:11],1
[0:19],[0:19],[0:19],[0:19],[0:19],[0:19],[0:19],[0:19],[0:19],[0:19],[0:19],[0:19],[0:19],[7:11],[0:19],[0:19],[0:19],[0:19],[0:19],[6:11],1
[0:19],[0:19],[0:19],[0:19],[0:19],[0:19],[0:19],[0:19],[0:19],[0:19],[0:19],[0:19],[0:19],[7:11],[0:19],[0:19],[0:19],[0:19],[0:19],[6:11],0
[0:19],[0:19],[0:19],[0:19],[0:19],[0:19],[0:19],[0:19],[0:19],[0:19],[0:19],[0:19],[0:19],[7:11],[0:19],[0:19],[0:19],[0:19],[0:19],[6:11],1
[0:19],[0:19],[0:19],[0:19],[0:19],[0:19],[0:19],[0:19],[0:19],[0:19],[0:19],[0:19],[0:19],[12:14],[0:19],[0:19],[0:19],[0:19],[0:19],[6:11],1
[0:19],[0:19],[0:19],[0:19],[0:19],[0:19],[0:19],[0:19],[0:19],[0:19],[0:19],[0:19],[0:19],[7:11],[0:19],[0:19],[0:19],[0:19],[0:19],[6:11],0
[0:19],[0:19],[0:19],[0:19],[0:19],[0:19],[0:19],[0:19],[0:19],[0:19],[0:19],[0:19],[0:19],[7:11],[0:19],[0:19],[0:19],[0:19],[0:19],[12:15],0
[0:19],[0:19],[0:19],[0:19],[0:19],[0:19],[0:19],[0:19],[0:19],[0:19],[0:19],[0:19],[0:19],[7:11],[0:19],[0:19],[0:19],[0:19],[0:19],[6:11],0
[0:19],[0:19],[0:19],[0:19],[0:19],[0:19],[0:19],[0:19],[0:19],[0:19],[0:19],[0:19],[0:19],[7:11],[0:19],[0:19],[0:19],[0:19],[0:19],[6:11],0
[0:19],[0:19],[0:19],[0:19],[0:19],[0:19],[0:19],[0:19],[0:19],[0:19],[0:19],[0:19],[0:19],[7:11],[0:19],[0:19],[0:19],[0:19],[0:19],[6:11],1
[0:19],[0:19],[0:19],[0:19],[0:19],[0:19],[0:19],[0:19],[0:19],[0:19],[0:19],[0:19],[0:19],[7:11],[0:19],[0:19],[0:19],[0:19],[0:19],[12:15],0
[0:19],[0:19],[0:19],[0:19],[0:19],[0:19],[0:19],[0:19],[0:19],[0:19],[0:19],[0:19],[0:19],[7:11],[0:19],[0:19],[0:19],[0:19],[0:19],[6:11],0
[0:19],[0:19],[0:19],[0:19],[0:19],[0:19],[0:19],[0:19],[0:19],[0:19],[0:19],[0:19],[0:19],[7:11],[0:19],[0:19],[0:19],[0:19],[0:19],[6:11],0
[0:19],[0:19],[0:19],[0:19],[0:19],[0:19],[0:19],[0:19],[0:19],[0:19],[0:19],[0:19],[0:19],[12:14],[0:19],[0:19],[0:19],[0:19],[0:19],[6:11],0
[0:19],[0:19],[0:19],[0:19],[0:19],[0:19],[0:19],[0:19],[0:19],[0:19],[0:19],[0:19],[0:19],[7:11],[0:19],[0:19],[0:19],[0:19],[0:19],[6:11],0
[0:19],[0:19],[0:19],[0:19],[0:19],[0:19],[0:19],[0:19],[0:19],[0:19],[0:19],[0:19],[0:19],[7:11],[0:19],[0:19],[0:19],[0:19],[0:19],[12:15],0
[0:19],[0:19],[0:19],[0:19],[0:19],[0:19],[0:19],[0:19],[0:19],[0:19],[0:19],[0:19],[0:19],[12:14],[0:19],[0:19],[0:19],[0:19],[0:19],[6:11],0
[0:19],[0:19],[0:19],[0:19],[0:19],[0:19],[0:19],[0:19],[0:19],[0:19],[0:19],[0:19],[0:19],[12:14],[0:19],[0:19],[0:19],[0:19],[0:19],[6:11],1
[0:19],[0:19],[0:19],[0:19],[0:19],[0:19],[0:19],[0:19],[0:19],[0:19],[0:19],[0:19],[0:19],[7:11],[0:19],[0:19],[0:19],[0:19],[0:19],[6:11],0
[0:19],[0:19],[0:19],[0:19],[0:19],[0:19],[0:19],[0:19],[0:19],[0:19],[0:19],[0:19],[0:19],[7:11],[0:19],[0:19],[0:19],[0:19],[0:19],[6:11],1
[0:19],[0:19],[0:19],[0:19],[0:19],[0:19],[0:19],[0:19],[0:19],[0:19],[0:19],[0:19],[0:19],[7:11],[0:19],[0:19],[0:19],[0:19],[0:19],[6:11],1
[0:19],[0:19],[0:19],[0:19],[0:19],[0:19],[0:19],[0:19],[0:19],[0:19],[0:19],[0:19],[0:19],[7:11],[0:19],[0:19],[0:19],[0:19],[0:19],[6:11],1
[0:19],[0:19],[0:19],[0:19],[0:19],[0:19],[0:19],[0:19],[0:19],[0:19],[0:19],[0:19],[0:19],[7:11],[0:19],[0:19],[0:19],[0:19],[0:19],[6:11],1
[0:19],[0:19],[0:19],[0:19],[0:19],[0:19],[0:19],[0:19],[0:19],[0:19],[0:19],[0:19],[0:19],[7:11],[0:19],[0:19],[0:19],[0:19],[0:19],[6:11],0
[0:19],[0:19],[0:19],[0:19],[0:19],[0:19],[0:19],[0:19],[0:19],[0:19],[0:19],[0:19],[0:19],[12:14],[0:19],[0:19],[0:19],[0:19],[0:19],[6:11],1
[0:19],[0:19],[0:19],[0:19],[0:19],[0:19],[0:19],[0:19],[0:19],[0:19],[0:19],[0:19],[0:19],[7:11],[0:19],[0:19],[0:19],[0:19],[0:19],[6:11],1
[0:19],[0:19],[0:19],[0:19],[0:19],[0:19],[0:19],[0:19],[0:19],[0:19],[0:19],[0:19],[0:19],[7:11],[0:19],[0:19],[0:19],[0:19],[0:19],[6:11],0
[0:19],[0:19],[0:19],[0:19],[0:19],[0:19],[0:19],[0:19],[0:19],[0:19],[0:19],[0:19],[0:19],[7:11],[0:19],[0:19],[0:19],[0:19],[0:19],[6:11],0
[0:19],[0:19],[0:19],[0:19],[0:19],[0:19],[0:19],[0:19],[0:19],[0:19],[0:19],[0:19],[0:19],[7:11],[0:19],[0:19],[0:19],[0:19],[0:19],[6:11],1
[0:19],[0:19],[0:19],[0:19],[0:19],[0:19],[0:19],[0:19],[0:19],[0:19],[0:19],[0:19],[0:19],[7:11],[0:19],[0:19],[0:19],[0:19],[0:19],[6:11],0
[0:19],[0:19],[0:19],[0:19],[0:19],[0:19],[0:19],[0:19],[0:19],[0:19],[0:19],[0:19],[0:19],[7:11],[0:19],[0:19],[0:19],[0:19],[0:19],[6:11],1
[0:19],[0:19],[0:19],[0:19],[0:19],[0:19],[0:19],[0:19],[0:19],[0:19],[0:19],[0:19],[0:19],[7:11],[0:19],[0:19],[0:19],[0:19],[0:19],[6:11],0
[0:19],[0:19],[0:19],[0:19],[0:19],[0:19],[0:19],[0:19],[0:19],[0:19],[0:19],[0:19],[0:19],[7:11],[0:19],[0:19],[0:19],[0:19],[0:19],[6:11],0
[0:19],[0:19],[0:19],[0:19],[0:19],[0:19],[0:19],[0:19],[0:19],[0:19],[0:19],[0:19],[0:19],[7:11],[0:19],[0:19],[0:19],[0:19],[0:19],[12:15],0
[0:19],[0:19],[0:19],[0:19],[0:19],[0:19],[0:19],[0:19],[0:19],[0:19],[0:19],[0:19],[0:19],[7:11],[0:19],[0:19],[0:19],[0:19],[0:19],[6:11],1
[0:19],[0:19],[0:19],[0:19],[0:19],[0:19],[0:19],[0:19],[0:19],[0:19],[0:19],[0:19],[0:19],[7:11],[0:19],[0:19],[0:19],[0:19],[0:19],[6:11],1
[0:19],[0:19],[0:19],[0:19],[0:19],[0:19],[0:19],[0:19],[0:19],[0:19],[0:19],[0:19],[0:19],[7:11],[0:19],[0:19],[0:19],[0:19],[0:19],[12:15],0
[0:19],[0:19],[0:19],[0:19],[0:19],[0:19],[0:19],[0:19],[0:19],[0:19],[0:19],[0:19],[0:19],[7:11],[0:19],[0:19],[0:19],[0:19],[0:19],[6:11],1
[0:19],[0:19],[0:19],[0:19],[0:19],[0:19],[0:19],[0:19],[0:19],[0:19],[0:19],[0:19],[0:19],[7:11],[0:19],[0:19],[0:19],[0:19],[0:19],[6:11],0
[0:19],[0:19],[0:19],[0:19],[0:19],[0:19],[0:19],[0:19],[0:19],[0:19],[0:19],[0:19],[0:19],[7:11],[0:19],[0:19],[0:19],[0:19],[0:19],[6:11],0
[0:19],[0:19],[0:19],[0:19],[0:19],[0:19],[0:19],[0:19],[0:19],[0:19],[0:19],[0:19],[0:19],[7:11],[0:19],[0:19],[0:19],[0:19],[0:19],[6:11],0
[0:19],[0:19],[0:19],[0:19],[0:19],[0:19],[0:19],[0:19],[0:19],[0:19],[0:19],[0:19],[0:19],[7:11],[0:19],[0:19],[0:19],[0:19],[0:19],[6:11],1
[0:19],[0:19],[0:19],[0:19],[0:19],[0:19],[0:19],[0:19],[0:19],[0:19],[0:19],[0:19],[0:19],[12:14],[0:19],[0:19],[0:19],[0:19],[0:19],[6:11],1
[0:19],[0:19],[0:19],[0:19],[0:19],[0:19],[0:19],[0:19],[0:19],[0:19],[0:19],[0:19],[0:19],[7:11],[0:19],[0:19],[0:19],[0:19],[0:19],[12:15],0
[0:19],[0:19],[0:19],[0:19],[0:19],[0:19],[0:19],[0:19],[0:19],[0:19],[0:19],[0:19],[0:19],[7:11],[0:19],[0:19],[0:19],[0:19],[0:19],[12:15],0
[0:19],[0:19],[0:19],[0:19],[0:19],[0:19],[0:19],[0:19],[0:19],[0:19],[0:19],[0:19],[0:19],[7:11],[0:19],[0:19],[0:19],[0:19],[0:19],[6:11],0
[0:19],[0:19],[0:19],[0:19],[0:19],[0:19],[0:19],[0:19],[0:19],[0:19],[0:19],[0:19],[0:19],[7:11],[0:19],[0:19],[0:19],[0:19],[0:19],[6:11],0
[0:19],[0:19],[0:19],[0:19],[0:19],[0:19],[0:19],[0:19],[0:19],[0:19],[0:19],[0:19],[0:19],[12:14],[0:19],[0:19],[0:19],[0:19],[0:19],[6:11],0
[0:19],[0:19],[0:19],[0:19],[0:19],[0:19],[0:19],[0:19],[0:19],[0:19],[0:19],[0:19],[0:19],[12:14],[0:19],[0:19],[0:19],[0:19],[0:19],[6:11],1
[0:19],[0:19],[0:19],[0:19],[0:19],[0:19],[0:19],[0:19],[0:19],[0:19],[0:19],[0:19],[0:19],[7:11],[0:19],[0:19],[0:19],[0:19],[0:19],[6:11],1
[0:19],[0:19],[0:19],[0:19],[0:19],[0:19],[0:19],[0:19],[0:19],[0:19],[0:19],[0:19],[0:19],[7:11],[0:19],[0:19],[0:19],[0:19],[0:19],[6:11],0
[0:19],[0:19],[0:19],[0:19],[0:19],[0:19],[0:19],[0:19],[0:19],[0:19],[0:19],[0:19],[0:19],[7:11],[0:19],[0:19],[0:19],[0:19],[0:19],[6:11],1
[0:19],[0:19],[0:19],[0:19],[0:19],[0:19],[0:19],[0:19],[0:19],[0:19],[0:19],[0:19],[0:19],[7:11],[0:19],[0:19],[0:19],[0:19],[0:19],[6:11],1
[0:19],[0:19],[0:19],[0:19],[0:19],[0:19],[0:19],[0:19],[0:19],[0:19],[0:19],[0:19],[0:19],[12:14],[0:19],[0:19],[0:19],[0:19],[0:19],[6:11],0
[0:19],[0:19],[0:19],[0:19],[0:19],[0:19],[0:19],[0:19],[0:19],[0:19],[0:19],[0:19],[0:19],[7:11],[0:19],[0:19],[0:19],[0:19],[0:19],[6:11],1
[0:19],[0:19],[0:19],[0:19],[0:19],[0:19],[0:19],[0:19],[0:19],[0:19],[0:19],[0:19],[0:19],[12:14],[0:19],[0:19],[0:19],[0:19],[0:19],[6:11],0
[0:19],[0:19],[0:19],[0:19],[0:19],[0:19],[0:19],[0:19],[0:19],[0:19],[0:19],[0:19],[0:19],[7:11],[0:19],[0:19],[0:19],[0:19],[0:19],[6:11],0
[0:19],[0:19],[0:19],[0:19],[0:19],[0:19],[0:19],[0:19],[0:19],[0:19],[0:19],[0:19],[0:19],[15:19],[0:19],[0:19],[0:19],[0:19],[0:19],[12:15],0
[0:19],[0:19],[0:19],[0:19],[0:19],[0:19],[0:19],[0:19],[0:19],[0:19],[0:19],[0:19],[0:19],[7:11],[0:19],[0:19],[0:19],[0:19],[0:19],[6:11],1
[0:19],[0:19],[0:19],[0:19],[0:19],[0:19],[0:19],[0:19],[0:19],[0:19],[0:19],[0:19],[0:19],[12:14],[0:19],[0:19],[0:19],[0:19],[0:19],[3:5],0
[0:19],[0:19],[0:19],[0:19],[0:19],[0:19],[0:19],[0:19],[0:19],[0:19],[0:19],[0:19],[0:19],[12:14],[0:19],[0:19],[0:19],[0:19],[0:19],[6:11],1
[0:19],[0:19],[0:19],[0:19],[0:19],[0:19],[0:19],[0:19],[0:19],[0:19],[0:19],[0:19],[0:19],[7:11],[0:19],[0:19],[0:19],[0:19],[0:19],[6:11],1
[0:19],[0:19],[0:19],[0:19],[0:19],[0:19],[0:19],[0:19],[0:19],[0:19],[0:19],[0:19],[0:19],[12:14],[0:19],[0:19],[0:19],[0:19],[0:19],[6:11],1
[0:19],[0:19],[0:19],[0:19],[0:19],[0:19],[0:19],[0:19],[0:19],[0:19],[0:19],[0:19],[0:19],[12:14],[0:19],[0:19],[0:19],[0:19],[0:19],[6:11],0
[0:19],[0:19],[0:19],[0:19],[0:19],[0:19],[0:19],[0:19],[0:19],[0:19],[0:19],[0:19],[0:19],[12:14],[0:19],[0:19],[0:19],[0:19],[0:19],[6:11],0
[0:19],[0:19],[0:19],[0:19],[0:19],[0:19],[0:19],[0:19],[0:19],[0:19],[0:19],[0:19],[0:19],[7:11],[0:19],[0:19],[0:19],[0:19],[0:19],[6:11],1
[0:19],[0:19],[0:19],[0:19],[0:19],[0:19],[0:19],[0:19],[0:19],[0:19],[0:19],[0:19],[0:19],[7:11],[0:19],[0:19],[0:19],[0:19],[0:19],[6:11],1
[0:19],[0:19],[0:19],[0:19],[0:19],[0:19],[0:19],[0:19],[0:19],[0:19],[0:19],[0:19],[0:19],[7:11],[0:19],[0:19],[0:19],[0:19],[0:19],[6:11],0
[0:19],[0:19],[0:19],[0:19],[0:19],[0:19],[0:19],[0:19],[0:19],[0:19],[0:19],[0:19],[0:19],[7:11],[0:19],[0:19],[0:19],[0:19],[0:19],[6:11],0
[0:19],[0:19],[0:19],[0:19],[0:19],[0:19],[0:19],[0:19],[0:19],[0:19],[0:19],[0:19],[0:19],[7:11],[0:19],[0:19],[0:19],[0:19],[0:19],[3:5],0
[0:19],[0:19],[0:19],[0:19],[0:19],[0:19],[0:19],[0:19],[0:19],[0:19],[0:19],[0:19],[0:19],[7:11],[0:19],[0:19],[0:19],[0:19],[0:19],[6:11],0
[0:19],[0:19],[0:19],[0:19],[0:19],[0:19],[0:19],[0:19],[0:19],[0:19],[0:19],[0:19],[0:19],[7:11],[0:19],[0:19],[0:19],[0:19],[0:19],[6:11],0
[0:19],[0:19],[0:19],[0:19],[0:19],[0:19],[0:19],[0:19],[0:19],[0:19],[0:19],[0:19],[0:19],[7:11],[0:19],[0:19],[0:19],[0:19],[0:19],[6:11],1
[0:19],[0:19],[0:19],[0:19],[0:19],[0:19],[0:19],[0:19],[0:19],[0:19],[0:19],[0:19],[0:19],[7:11],[0:19],[0:19],[0:19],[0:19],[0:19],[6:11],0
[0:19],[0:19],[0:19],[0:19],[0:19],[0:19],[0:19],[0:19],[0:19],[0:19],[0:19],[0:19],[0:19],[7:11],[0:19],[0:19],[0:19],[0:19],[0:19],[6:11],0
[0:19],[0:19],[0:19],[0:19],[0:19],[0:19],[0:19],[0:19],[0:19],[0:19],[0:19],[0:19],[0:19],[7:11],[0:19],[0:19],[0:19],[0:19],[0:19],[6:11],0
[0:19],[0:19],[0:19],[0:19],[0:19],[0:19],[0:19],[0:19],[0:19],[0:19],[0:19],[0:19],[0:19],[7:11],[0:19],[0:19],[0:19],[0:19],[0:19],[6:11],0
[0:19],[0:19],[0:19],[0:19],[0:19],[0:19],[0:19],[0:19],[0:19],[0:19],[0:19],[0:19],[0:19],[7:11],[0:19],[0:19],[0:19],[0:19],[0:19],[6:11],0
[0:19],[0:19],[0:19],[0:19],[0:19],[0:19],[0:19],[0:19],[0:19],[0:19],[0:19],[0:19],[0:19],[7:11],[0:19],[0:19],[0:19],[0:19],[0:19],[6:11],0
[0:19],[0:19],[0:19],[0:19],[0:19],[0:19],[0:19],[0:19],[0:19],[0:19],[0:19],[0:19],[0:19],[7:11],[0:19],[0:19],[0:19],[0:19],[0:19],[6:11],1
[0:19],[0:19],[0:19],[0:19],[0:19],[0:19],[0:19],[0:19],[0:19],[0:19],[0:19],[0:19],[0:19],[7:11],[0:19],[0:19],[0:19],[0:19],[0:19],[6:11],1
[0:19],[0:19],[0:19],[0:19],[0:19],[0:19],[0:19],[0:19],[0:19],[0:19],[0:19],[0:19],[0:19],[7:11],[0:19],[0:19],[0:19],[0:19],[0:19],[12:15],0
[0:19],[0:19],[0:19],[0:19],[0:19],[0:19],[0:19],[0:19],[0:19],[0:19],[0:19],[0:19],[0:19],[0:6],[0:19],[0:19],[0:19],[0:19],[0:19],[3:5],0
[0:19],[0:19],[0:19],[0:19],[0:19],[0:19],[0:19],[0:19],[0:19],[0:19],[0:19],[0:19],[0:19],[7:11],[0:19],[0:19],[0:19],[0:19],[0:19],[6:11],1
[0:19],[0:19],[0:19],[0:19],[0:19],[0:19],[0:19],[0:19],[0:19],[0:19],[0:19],[0:19],[0:19],[12:14],[0:19],[0:19],[0:19],[0:19],[0:19],[6:11],1
[0:19],[0:19],[0:19],[0:19],[0:19],[0:19],[0:19],[0:19],[0:19],[0:19],[0:19],[0:19],[0:19],[7:11],[0:19],[0:19],[0:19],[0:19],[0:19],[6:11],1
[0:19],[0:19],[0:19],[0:19],[0:19],[0:19],[0:19],[0:19],[0:19],[0:19],[0:19],[0:19],[0:19],[0:6],[0:19],[0:19],[0:19],[0:19],[0:19],[6:11],0
[0:19],[0:19],[0:19],[0:19],[0:19],[0:19],[0:19],[0:19],[0:19],[0:19],[0:19],[0:19],[0:19],[12:14],[0:19],[0:19],[0:19],[0:19],[0:19],[6:11],1
[0:19],[0:19],[0:19],[0:19],[0:19],[0:19],[0:19],[0:19],[0:19],[0:19],[0:19],[0:19],[0:19],[7:11],[0:19],[0:19],[0:19],[0:19],[0:19],[6:11],0
[0:19],[0:19],[0:19],[0:19],[0:19],[0:19],[0:19],[0:19],[0:19],[0:19],[0:19],[0:19],[0:19],[7:11],[0:19],[0:19],[0:19],[0:19],[0:19],[6:11],1
[0:19],[0:19],[0:19],[0:19],[0:19],[0:19],[0:19],[0:19],[0:19],[0:19],[0:19],[0:19],[0:19],[7:11],[0:19],[0:19],[0:19],[0:19],[0:19],[12:15],1
[0:19],[0:19],[0:19],[0:19],[0:19],[0:19],[0:19],[0:19],[0:19],[0:19],[0:19],[0:19],[0:19],[7:11],[0:19],[0:19],[0:19],[0:19],[0:19],[12:15],1
[0:19],[0:19],[0:19],[0:19],[0:19],[0:19],[0:19],[0:19],[0:19],[0:19],[0:19],[0:19],[0:19],[7:11],[0:19],[0:19],[0:19],[0:19],[0:19],[6:11],0
[0:19],[0:19],[0:19],[0:19],[0:19],[0:19],[0:19],[0:19],[0:19],[0:19],[0:19],[0:19],[0:19],[15:19],[0:19],[0:19],[0:19],[0:19],[0:19],[12:15],0
[0:19],[0:19],[0:19],[0:19],[0:19],[0:19],[0:19],[0:19],[0:19],[0:19],[0:19],[0:19],[0:19],[0:6],[0:19],[0:19],[0:19],[0:19],[0:19],[6:11],0
[0:19],[0:19],[0:19],[0:19],[0:19],[0:19],[0:19],[0:19],[0:19],[0:19],[0:19],[0:19],[0:19],[7:11],[0:19],[0:19],[0:19],[0:19],[0:19],[6:11],0
[0:19],[0:19],[0:19],[0:19],[0:19],[0:19],[0:19],[0:19],[0:19],[0:19],[0:19],[0:19],[0:19],[7:11],[0:19],[0:19],[0:19],[0:19],[0:19],[6:11],0
[0:19],[0:19],[0:19],[0:19],[0:19],[0:19],[0:19],[0:19],[0:19],[0:19],[0:19],[0:19],[0:19],[7:11],[0:19],[0:19],[0:19],[0:19],[0:19],[6:11],1
[0:19],[0:19],[0:19],[0:19],[0:19],[0:19],[0:19],[0:19],[0:19],[0:19],[0:19],[0:19],[0:19],[7:11],[0:19],[0:19],[0:19],[0:19],[0:19],[6:11],1
[0:19],[0:19],[0:19],[0:19],[0:19],[0:19],[0:19],[0:19],[0:19],[0:19],[0:19],[0:19],[0:19],[7:11],[0:19],[0:19],[0:19],[0:19],[0:19],[6:11],1
[0:19],[0:19],[0:19],[0:19],[0:19],[0:19],[0:19],[0:19],[0:19],[0:19],[0:19],[0:19],[0:19],[12:14],[0:19],[0:19],[0:19],[0:19],[0:19],[6:11],1
[0:19],[0:19],[0:19],[0:19],[0:19],[0:19],[0:19],[0:19],[0:19],[0:19],[0:19],[0:19],[0:19],[7:11],[0:19],[0:19],[0:19],[0:19],[0:19],[6:11],0
[0:19],[0:19],[0:19],[0:19],[0:19],[0:19],[0:19],[0:19],[0:19],[0:19],[0:19],[0:19],[0:19],[7:11],[0:19],[0:19],[0:19],[0:19],[0:19],[6:11],0
[0:19],[0:19],[0:19],[0:19],[0:19],[0:19],[0:19],[0:19],[0:19],[0:19],[0:19],[0:19],[0:19],[0:6],[0:19],[0:19],[0:19],[0:19],[0:19],[12:15],0
[0:19],[0:19],[0:19],[0:19],[0:19],[0:19],[0:19],[0:19],[0:19],[0:19],[0:19],[0:19],[0:19],[7:11],[0:19],[0:19],[0:19],[0:19],[0:19],[6:11],1
[0:19],[0:19],[0:19],[0:19],[0:19],[0:19],[0:19],[0:19],[0:19],[0:19],[0:19],[0:19],[0:19],[7:11],[0:19],[0:19],[0:19],[0:19],[0:19],[6:11],0
[0:19],[0:19],[0:19],[0:19],[0:19],[0:19],[0:19],[0:19],[0:19],[0:19],[0:19],[0:19],[0:19],[7:11],[0:19],[0:19],[0:19],[0:19],[0:19],[6:11],1
[0:19],[0:19],[0:19],[0:19],[0:19],[0:19],[0:19],[0:19],[0:19],[0:19],[0:19],[0:19],[0:19],[7:11],[0:19],[0:19],[0:19],[0:19],[0:19],[6:11],1
[0:19],[0:19],[0:19],[0:19],[0:19],[0:19],[0:19],[0:19],[0:19],[0:19],[0:19],[0:19],[0:19],[7:11],[0:19],[0:19],[0:19],[0:19],[0:19],[6:11],1
[0:19],[0:19],[0:19],[0:19],[0:19],[0:19],[0:19],[0:19],[0:19],[0:19],[0:19],[0:19],[0:19],[7:11],[0:19],[0:19],[0:19],[0:19],[0:19],[6:11],1
[0:19],[0:19],[0:19],[0:19],[0:19],[0:19],[0:19],[0:19],[0:19],[0:19],[0:19],[0:19],[0:19],[7:11],[0:19],[0:19],[0:19],[0:19],[0:19],[3:5],1
[0:19],[0:19],[0:19],[0:19],[0:19],[0:19],[0:19],[0:19],[0:19],[0:19],[0:19],[0:19],[0:19],[7:11],[0:19],[0:19],[0:19],[0:19],[0:19],[6:11],0
[0:19],[0:19],[0:19],[0:19],[0:19],[0:19],[0:19],[0:19],[0:19],[0:19],[0:19],[0:19],[0:19],[7:11],[0:19],[0:19],[0:19],[0:19],[0:19],[6:11],0
[0:19],[0:19],[0:19],[0:19],[0:19],[0:19],[0:19],[0:19],[0:19],[0:19],[0:19],[0:19],[0:19],[7:11],[0:19],[0:19],[0:19],[0:19],[0:19],[6:11],1
[0:19],[0:19],[0:19],[0:19],[0:19],[0:19],[0:19],[0:19],[0:19],[0:19],[0:19],[0:19],[0:19],[7:11],[0:19],[0:19],[0:19],[0:19],[0:19],[6:11],1
[0:19],[0:19],[0:19],[0:19],[0:19],[0:19],[0:19],[0:19],[0:19],[0:19],[0:19],[0:19],[0:19],[7:11],[0:19],[0:19],[0:19],[0:19],[0:19],[6:11],1
[0:19],[0:19],[0:19],[0:19],[0:19],[0:19],[0:19],[0:19],[0:19],[0:19],[0:19],[0:19],[0:19],[7:11],[0:19],[0:19],[0:19],[0:19],[0:19],[6:11],0
[0:19],[0:19],[0:19],[0:19],[0:19],[0:19],[0:19],[0:19],[0:19],[0:19],[0:19],[0:19],[0:19],[7:11],[0:19],[0:19],[0:19],[0:19],[0:19],[6:11],1
[0:19],[0:19],[0:19],[0:19],[0:19],[0:19],[0:19],[0:19],[0:19],[0:19],[0:19],[0:19],[0:19],[7:11],[0:19],[0:19],[0:19],[0:19],[0:19],[6:11],0
[0:19],[0:19],[0:19],[0:19],[0:19],[0:19],[0:19],[0:19],[0:19],[0:19],[0:19],[0:19],[0:19],[7:11],[0:19],[0:19],[0:19],[0:19],[0:19],[6:11],0
[0:19],[0:19],[0:19],[0:19],[0:19],[0:19],[0:19],[0:19],[0:19],[0:19],[0:19],[0:19],[0:19],[7:11],[0:19],[0:19],[0:19],[0:19],[0:19],[6:11],1
[0:19],[0:19],[0:19],[0:19],[0:19],[0:19],[0:19],[0:19],[0:19],[0:19],[0:19],[0:19],[0:19],[7:11],[0:19],[0:19],[0:19],[0:19],[0:19],[12:15],0
[0:19],[0:19],[0:19],[0:19],[0:19],[0:19],[0:19],[0:19],[0:19],[0:19],[0:19],[0:19],[0:19],[7:11],[0:19],[0:19],[0:19],[0:19],[0:19],[6:11],1
[0:19],[0:19],[0:19],[0:19],[0:19],[0:19],[0:19],[0:19],[0:19],[0:19],[0:19],[0:19],[0:19],[12:14],[0:19],[0:19],[0:19],[0:19],[0:19],[6:11],1
[0:19],[0:19],[0:19],[0:19],[0:19],[0:19],[0:19],[0:19],[0:19],[0:19],[0:19],[0:19],[0:19],[12:14],[0:19],[0:19],[0:19],[0:19],[0:19],[6:11],1
[0:19],[0:19],[0:19],[0:19],[0:19],[0:19],[0:19],[0:19],[0:19],[0:19],[0:19],[0:19],[0:19],[7:11],[0:19],[0:19],[0:19],[0:19],[0:19],[6:11],0
[0:19],[0:19],[0:19],[0:19],[0:19],[0:19],[0:19],[0:19],[0:19],[0:19],[0:19],[0:19],[0:19],[7:11],[0:19],[0:19],[0:19],[0:19],[0:19],[12:15],1
[0:19],[0:19],[0:19],[0:19],[0:19],[0:19],[0:19],[0:19],[0:19],[0:19],[0:19],[0:19],[0:19],[7:11],[0:19],[0:19],[0:19],[0:19],[0:19],[3:5],0
[0:19],[0:19],[0:19],[0:19],[0:19],[0:19],[0:19],[0:19],[0:19],[0:19],[0:19],[0:19],[0:19],[7:11],[0:19],[0:19],[0:19],[0:19],[0:19],[6:11],1
[0:19],[0:19],[0:19],[0:19],[0:19],[0:19],[0:19],[0:19],[0:19],[0:19],[0:19],[0:19],[0:19],[7:11],[0:19],[0:19],[0:19],[0:19],[0:19],[12:15],0
[0:19],[0:19],[0:19],[0:19],[0:19],[0:19],[0:19],[0:19],[0:19],[0:19],[0:19],[0:19],[0:19],[7:11],[0:19],[0:19],[0:19],[0:19],[0:19],[6:11],1
[0:19],[0:19],[0:19],[0:19],[0:19],[0:19],[0:19],[0:19],[0:19],[0:19],[0:19],[0:19],[0:19],[7:11],[0:19],[0:19],[0:19],[0:19],[0:19],[6:11],1
[0:19],[0:19],[0:19],[0:19],[0:19],[0:19],[0:19],[0:19],[0:19],[0:19],[0:19],[0:19],[0:19],[7:11],[0:19],[0:19],[0:19],[0:19],[0:19],[6:11],1
[0:19],[0:19],[0:19],[0:19],[0:19],[0:19],[0:19],[0:19],[0:19],[0:19],[0:19],[0:19],[0:19],[7:11],[0:19],[0:19],[0:19],[0:19],[0:19],[12:15],0
[0:19],[0:19],[0:19],[0:19],[0:19],[0:19],[0:19],[0:19],[0:19],[0:19],[0:19],[0:19],[0:19],[12:14],[0:19],[0:19],[0:19],[0:19],[0:19],[6:11],1
[0:19],[0:19],[0:19],[0:19],[0:19],[0:19],[0:19],[0:19],[0:19],[0:19],[0:19],[0:19],[0:19],[0:6],[0:19],[0:19],[0:19],[0:19],[0:19],[6:11],0
[0:19],[0:19],[0:19],[0:19],[0:19],[0:19],[0:19],[0:19],[0:19],[0:19],[0:19],[0:19],[0:19],[12:14],[0:19],[0:19],[0:19],[0:19],[0:19],[6:11],1
[0:19],[0:19],[0:19],[0:19],[0:19],[0:19],[0:19],[0:19],[0:19],[0:19],[0:19],[0:19],[0:19],[12:14],[0:19],[0:19],[0:19],[0:19],[0:19],[6:11],1
[0:19],[0:19],[0:19],[0:19],[0:19],[0:19],[0:19],[0:19],[0:19],[0:19],[0:19],[0:19],[0:19],[7:11],[0:19],[0:19],[0:19],[0:19],[0:19],[6:11],0
[0:19],[0:19],[0:19],[0:19],[0:19],[0:19],[0:19],[0:19],[0:19],[0:19],[0:19],[0:19],[0:19],[7:11],[0:19],[0:19],[0:19],[0:19],[0:19],[12:15],0
[0:19],[0:19],[0:19],[0:19],[0:19],[0:19],[0:19],[0:19],[0:19],[0:19],[0:19],[0:19],[0:19],[7:11],[0:19],[0:19],[0:19],[0:19],[0:19],[6:11],1
[0:19],[0:19],[0:19],[0:19],[0:19],[0:19],[0:19],[0:19],[0:19],[0:19],[0:19],[0:19],[0:19],[7:11],[0:19],[0:19],[0:19],[0:19],[0:19],[6:11],1
[0:19],[0:19],[0:19],[0:19],[0:19],[0:19],[0:19],[0:19],[0:19],[0:19],[0:19],[0:19],[0:19],[7:11],[0:19],[0:19],[0:19],[0:19],[0:19],[6:11],0
[0:19],[0:19],[0:19],[0:19],[0:19],[0:19],[0:19],[0:19],[0:19],[0:19],[0:19],[0:19],[0:19],[15:19],[0:19],[0:19],[0:19],[0:19],[0:19],[6:11],0
[0:19],[0:19],[0:19],[0:19],[0:19],[0:19],[0:19],[0:19],[0:19],[0:19],[0:19],[0:19],[0:19],[7:11],[0:19],[0:19],[0:19],[0:19],[0:19],[6:11],1
[0:19],[0:19],[0:19],[0:19],[0:19],[0:19],[0:19],[0:19],[0:19],[0:19],[0:19],[0:19],[0:19],[7:11],[0:19],[0:19],[0:19],[0:19],[0:19],[6:11],0
[0:19],[0:19],[0:19],[0:19],[0:19],[0:19],[0:19],[0:19],[0:19],[0:19],[0:19],[0:19],[0:19],[7:11],[0:19],[0:19],[0:19],[0:19],[0:19],[6:11],0
[0:19],[0:19],[0:19],[0:19],[0:19],[0:19],[0:19],[0:19],[0:19],[0:19],[0:19],[0:19],[0:19],[7:11],[0:19],[0:19],[0:19],[0:19],[0:19],[3:5],0
[0:19],[0:19],[0:19],[0:19],[0:19],[0:19],[0:19],[0:19],[0:19],[0:19],[0:19],[0:19],[0:19],[12:14],[0:19],[0:19],[0:19],[0:19],[0:19],[0:2],0
[0:19],[0:19],[0:19],[0:19],[0:19],[0:19],[0:19],[0:19],[0:19],[0:19],[0:19],[0:19],[0:19],[12:14],[0:19],[0:19],[0:19],[0:19],[0:19],[6:11],0
[0:19],[0:19],[0:19],[0:19],[0:19],[0:19],[0:19],[0:19],[0:19],[0:19],[0:19],[0:19],[0:19],[7:11],[0:19],[0:19],[0:19],[0:19],[0:19],[6:11],1
[0:19],[0:19],[0:19],[0:19],[0:19],[0:19],[0:19],[0:19],[0:19],[0:19],[0:19],[0:19],[0:19],[7:11],[0:19],[0:19],[0:19],[0:19],[0:19],[12:15],1
[0:19],[0:19],[0:19],[0:19],[0:19],[0:19],[0:19],[0:19],[0:19],[0:19],[0:19],[0:19],[0:19],[7:11],[0:19],[0:19],[0:19],[0:19],[0:19],[12:15],1
[0:19],[0:19],[0:19],[0:19],[0:19],[0:19],[0:19],[0:19],[0:19],[0:19],[0:19],[0:19],[0:19],[7:11],[0:19],[0:19],[0:19],[0:19],[0:19],[6:11],0
[0:19],[0:19],[0:19],[0:19],[0:19],[0:19],[0:19],[0:19],[0:19],[0:19],[0:19],[0:19],[0:19],[0:6],[0:19],[0:19],[0:19],[0:19],[0:19],[6:11],0
[0:19],[0:19],[0:19],[0:19],[0:19],[0:19],[0:19],[0:19],[0:19],[0:19],[0:19],[0:19],[0:19],[7:11],[0:19],[0:19],[0:19],[0:19],[0:19],[6:11],1
[0:19],[0:19],[0:19],[0:19],[0:19],[0:19],[0:19],[0:19],[0:19],[0:19],[0:19],[0:19],[0:19],[7:11],[0:19],[0:19],[0:19],[0:19],[0:19],[3:5],0
[0:19],[0:19],[0:19],[0:19],[0:19],[0:19],[0:19],[0:19],[0:19],[0:19],[0:19],[0:19],[0:19],[12:14],[0:19],[0:19],[0:19],[0:19],[0:19],[6:11],1
[0:19],[0:19],[0:19],[0:19],[0:19],[0:19],[0:19],[0:19],[0:19],[0:19],[0:19],[0:19],[0:19],[12:14],[0:19],[0:19],[0:19],[0:19],[0:19],[6:11],1
[0:19],[0:19],[0:19],[0:19],[0:19],[0:19],[0:19],[0:19],[0:19],[0:19],[0:19],[0:19],[0:19],[7:11],[0:19],[0:19],[0:19],[0:19],[0:19],[6:11],0
[0:19],[0:19],[0:19],[0:19],[0:19],[0:19],[0:19],[0:19],[0:19],[0:19],[0:19],[0:19],[0:19],[7:11],[0:19],[0:19],[0:19],[0:19],[0:19],[12:15],0
[0:19],[0:19],[0:19],[0:19],[0:19],[0:19],[0:19],[0:19],[0:19],[0:19],[0:19],[0:19],[0:19],[7:11],[0:19],[0:19],[0:19],[0:19],[0:19],[6:11],1
[0:19],[0:19],[0:19],[0:19],[0:19],[0:19],[0:19],[0:19],[0:19],[0:19],[0:19],[0:19],[0:19],[12:14],[0:19],[0:19],[0:19],[0:19],[0:19],[6:11],0
[0:19],[0:19],[0:19],[0:19],[0:19],[0:19],[0:19],[0:19],[0:19],[0:19],[0:19],[0:19],[0:19],[7:11],[0:19],[0:19],[0:19],[0:19],[0:19],[12:15],1
[0:19],[0:19],[0:19],[0:19],[0:19],[0:19],[0:19],[0:19],[0:19],[0:19],[0:19],[0:19],[0:19],[7:11],[0:19],[0:19],[0:19],[0:19],[0:19],[6:11],0
[0:19],[0:19],[0:19],[0:19],[0:19],[0:19],[0:19],[0:19],[0:19],[0:19],[0:19],[0:19],[0:19],[7:11],[0:19],[0:19],[0:19],[0:19],[0:19],[6:11],1
[0:19],[0:19],[0:19],[0:19],[0:19],[0:19],[0:19],[0:19],[0:19],[0:19],[0:19],[0:19],[0:19],[7:11],[0:19],[0:19],[0:19],[0:19],[0:19],[6:11],1
[0:19],[0:19],[0:19],[0:19],[0:19],[0:19],[0:19],[0:19],[0:19],[0:19],[0:19],[0:19],[0:19],[7:11],[0:19],[0:19],[0:19],[0:19],[0:19],[6:11],1
[0:19],[0:19],[0:19],[0:19],[0:19],[0:19],[0:19],[0:19],[0:19],[0:19],[0:19],[0:19],[0:19],[7:11],[0:19],[0:19],[0:19],[0:19],[0:19],[12:15],0
[0:19],[0:19],[0:19],[0:19],[0:19],[0:19],[0:19],[0:19],[0:19],[0:19],[0:19],[0:19],[0:19],[7:11],[0:19],[0:19],[0:19],[0:19],[0:19],[6:11],1
[0:19],[0:19],[0:19],[0:19],[0:19],[0:19],[0:19],[0:19],[0:19],[0:19],[0:19],[0:19],[0:19],[7:11],[0:19],[0:19],[0:19],[0:19],[0:19],[6:11],1
[0:19],[0:19],[0:19],[0:19],[0:19],[0:19],[0:19],[0:19],[0:19],[0:19],[0:19],[0:19],[0:19],[7:11],[0:19],[0:19],[0:19],[0:19],[0:19],[6:11],1
[0:19],[0:19],[0:19],[0:19],[0:19],[0:19],[0:19],[0:19],[0:19],[0:19],[0:19],[0:19],[0:19],[0:6],[0:19],[0:19],[0:19],[0:19],[0:19],[6:11],0
[0:19],[0:19],[0:19],[0:19],[0:19],[0:19],[0:19],[0:19],[0:19],[0:19],[0:19],[0:19],[0:19],[7:11],[0:19],[0:19],[0:19],[0:19],[0:19],[6:11],0
[0:19],[0:19],[0:19],[0:19],[0:19],[0:19],[0:19],[0:19],[0:19],[0:19],[0:19],[0:19],[0:19],[7:11],[0:19],[0:19],[0:19],[0:19],[0:19],[12:15],0
[0:19],[0:19],[0:19],[0:19],[0:19],[0:19],[0:19],[0:19],[0:19],[0:19],[0:19],[0:19],[0:19],[12:14],[0:19],[0:19],[0:19],[0:19],[0:19],[6:11],1
[0:19],[0:19],[0:19],[0:19],[0:19],[0:19],[0:19],[0:19],[0:19],[0:19],[0:19],[0:19],[0:19],[7:11],[0:19],[0:19],[0:19],[0:19],[0:19],[6:11],1
[0:19],[0:19],[0:19],[0:19],[0:19],[0:19],[0:19],[0:19],[0:19],[0:19],[0:19],[0:19],[0:19],[7:11],[0:19],[0:19],[0:19],[0:19],[0:19],[6:11],1
[0:19],[0:19],[0:19],[0:19],[0:19],[0:19],[0:19],[0:19],[0:19],[0:19],[0:19],[0:19],[0:19],[7:11],[0:19],[0:19],[0:19],[0:19],[0:19],[6:11],0
[0:19],[0:19],[0:19],[0:19],[0:19],[0:19],[0:19],[0:19],[0:19],[0:19],[0:19],[0:19],[0:19],[12:14],[0:19],[0:19],[0:19],[0:19],[0:19],[6:11],0
[0:19],[0:19],[0:19],[0:19],[0:19],[0:19],[0:19],[0:19],[0:19],[0:19],[0:19],[0:19],[0:19],[7:11],[0:19],[0:19],[0:19],[0:19],[0:19],[12:15],0
[0:19],[0:19],[0:19],[0:19],[0:19],[0:19],[0:19],[0:19],[0:19],[0:19],[0:19],[0:19],[0:19],[7:11],[0:19],[0:19],[0:19],[0:19],[0:19],[6:11],1
[0:19],[0:19],[0:19],[0:19],[0:19],[0:19],[0:19],[0:19],[0:19],[0:19],[0:19],[0:19],[0:19],[7:11],[0:19],[0:19],[0:19],[0:19],[0:19],[6:11],1
[0:19],[0:19],[0:19],[0:19],[0:19],[0:19],[0:19],[0:19],[0:19],[0:19],[0:19],[0:19],[0:19],[7:11],[0:19],[0:19],[0:19],[0:19],[0:19],[6:11],1
[0:19],[0:19],[0:19],[0:19],[0:19],[0:19],[0:19],[0:19],[0:19],[0:19],[0:19],[0:19],[0:19],[7:11],[0:19],[0:19],[0:19],[0:19],[0:19],[6:11],0
[0:19],[0:19],[0:19],[0:19],[0:19],[0:19],[0:19],[0:19],[0:19],[0:19],[0:19],[0:19],[0:19],[7:11],[0:19],[0:19],[0:19],[0:19],[0:19],[6:11],0
[0:19],[0:19],[0:19],[0:19],[0:19],[0:19],[0:19],[0:19],[0:19],[0:19],[0:19],[0:19],[0:19],[7:11],[0:19],[0:19],[0:19],[0:19],[0:19],[6:11],1
[0:19],[0:19],[0:19],[0:19],[0:19],[0:19],[0:19],[0:19],[0:19],[0:19],[0:19],[0:19],[0:19],[7:11],[0:19],[0:19],[0:19],[0:19],[0:19],[6:11],0
[0:19],[0:19],[0:19],[0:19],[0:19],[0:19],[0:19],[0:19],[0:19],[0:19],[0:19],[0:19],[0:19],[12:14],[0:19],[0:19],[0:19],[0:19],[0:19],[6:11],0
[0:19],[0:19],[0:19],[0:19],[0:19],[0:19],[0:19],[0:19],[0:19],[0:19],[0:19],[0:19],[0:19],[7:11],[0:19],[0:19],[0:19],[0:19],[0:19],[6:11],0
[0:19],[0:19],[0:19],[0:19],[0:19],[0:19],[0:19],[0:19],[0:19],[0:19],[0:19],[0:19],[0:19],[7:11],[0:19],[0:19],[0:19],[0:19],[0:19],[6:11],1
[0:19],[0:19],[0:19],[0:19],[0:19],[0:19],[0:19],[0:19],[0:19],[0:19],[0:19],[0:19],[0:19],[7:11],[0:19],[0:19],[0:19],[0:19],[0:19],[6:11],0
[0:19],[0:19],[0:19],[0:19],[0:19],[0:19],[0:19],[0:19],[0:19],[0:19],[0:19],[0:19],[0:19],[7:11],[0:19],[0:19],[0:19],[0:19],[0:19],[6:11],0
[0:19],[0:19],[0:19],[0:19],[0:19],[0:19],[0:19],[0:19],[0:19],[0:19],[0:19],[0:19],[0:19],[7:11],[0:19],[0:19],[0:19],[0:19],[0:19],[12:15],0
[0:19],[0:19],[0:19],[0:19],[0:19],[0:19],[0:19],[0:19],[0:19],[0:19],[0:19],[0:19],[0:19],[7:11],[0:19],[0:19],[0:19],[0:19],[0:19],[6:11],1
[0:19],[0:19],[0:19],[0:19],[0:19],[0:19],[0:19],[0:19],[0:19],[0:19],[0:19],[0:19],[0:19],[7:11],[0:19],[0:19],[0:19],[0:19],[0:19],[6:11],1
[0:19],[0:19],[0:19],[0:19],[0:19],[0:19],[0:19],[0:19],[0:19],[0:19],[0:19],[0:19],[0:19],[12:14],[0:19],[0:19],[0:19],[0:19],[0:19],[6:11],1
[0:19],[0:19],[0:19],[0:19],[0:19],[0:19],[0:19],[0:19],[0:19],[0:19],[0:19],[0:19],[0:19],[7:11],[0:19],[0:19],[0:19],[0:19],[0:19],[12:15],1
[0:19],[0:19],[0:19],[0:19],[0:19],[0:19],[0:19],[0:19],[0:19],[0:19],[0:19],[0:19],[0:19],[7:11],[0:19],[0:19],[0:19],[0:19],[0:19],[12:15],1
[0:19],[0:19],[0:19],[0:19],[0:19],[0:19],[0:19],[0:19],[0:19],[0:19],[0:19],[0:19],[0:19],[12:14],[0:19],[0:19],[0:19],[0:19],[0:19],[6:11],1
[0:19],[0:19],[0:19],[0:19],[0:19],[0:19],[0:19],[0:19],[0:19],[0:19],[0:19],[0:19],[0:19],[7:11],[0:19],[0:19],[0:19],[0:19],[0:19],[6:11],0
[0:19],[0:19],[0:19],[0:19],[0:19],[0:19],[0:19],[0:19],[0:19],[0:19],[0:19],[0:19],[0:19],[7:11],[0:19],[0:19],[0:19],[0:19],[0:19],[3:5],0
[0:19],[0:19],[0:19],[0:19],[0:19],[0:19],[0:19],[0:19],[0:19],[0:19],[0:19],[0:19],[0:19],[7:11],[0:19],[0:19],[0:19],[0:19],[0:19],[6:11],1
[0:19],[0:19],[0:19],[0:19],[0:19],[0:19],[0:19],[0:19],[0:19],[0:19],[0:19],[0:19],[0:19],[0:6],[0:19],[0:19],[0:19],[0:19],[0:19],[3:5],0
[0:19],[0:19],[0:19],[0:19],[0:19],[0:19],[0:19],[0:19],[0:19],[0:19],[0:19],[0:19],[0:19],[12:14],[0:19],[0:19],[0:19],[0:19],[0:19],[6:11],1
[0:19],[0:19],[0:19],[0:19],[0:19],[0:19],[0:19],[0:19],[0:19],[0:19],[0:19],[0:19],[0:19],[7:11],[0:19],[0:19],[0:19],[0:19],[0:19],[6:11],1
[0:19],[0:19],[0:19],[0:19],[0:19],[0:19],[0:19],[0:19],[0:19],[0:19],[0:19],[0:19],[0:19],[7:11],[0:19],[0:19],[0:19],[0:19],[0:19],[6:11],1
[0:19],[0:19],[0:19],[0:19],[0:19],[0:19],[0:19],[0:19],[0:19],[0:19],[0:19],[0:19],[0:19],[7:11],[0:19],[0:19],[0:19],[0:19],[0:19],[6:11],1
[0:19],[0:19],[0:19],[0:19],[0:19],[0:19],[0:19],[0:19],[0:19],[0:19],[0:19],[0:19],[0:19],[7:11],[0:19],[0:19],[0:19],[0:19],[0:19],[6:11],0
[0:19],[0:19],[0:19],[0:19],[0:19],[0:19],[0:19],[0:19],[0:19],[0:19],[0:19],[0:19],[0:19],[7:11],[0:19],[0:19],[0:19],[0:19],[0:19],[6:11],1
[0:19],[0:19],[0:19],[0:19],[0:19],[0:19],[0:19],[0:19],[0:19],[0:19],[0:19],[0:19],[0:19],[7:11],[0:19],[0:19],[0:19],[0:19],[0:19],[6:11],1
[0:19],[0:19],[0:19],[0:19],[0:19],[0:19],[0:19],[0:19],[0:19],[0:19],[0:19],[0:19],[0:19],[12:14],[0:19],[0:19],[0:19],[0:19],[0:19],[6:11],0
[0:19],[0:19],[0:19],[0:19],[0:19],[0:19],[0:19],[0:19],[0:19],[0:19],[0:19],[0:19],[0:19],[7:11],[0:19],[0:19],[0:19],[0:19],[0:19],[3:5],0
[0:19],[0:19],[0:19],[0:19],[0:19],[0:19],[0:19],[0:19],[0:19],[0:19],[0:19],[0:19],[0:19],[7:11],[0:19],[0:19],[0:19],[0:19],[0:19],[6:11],0
[0:19],[0:19],[0:19],[0:19],[0:19],[0:19],[0:19],[0:19],[0:19],[0:19],[0:19],[0:19],[0:19],[7:11],[0:19],[0:19],[0:19],[0:19],[0:19],[3:5],0
[0:19],[0:19],[0:19],[0:19],[0:19],[0:19],[0:19],[0:19],[0:19],[0:19],[0:19],[0:19],[0:19],[7:11],[0:19],[0:19],[0:19],[0:19],[0:19],[6:11],1
[0:19],[0:19],[0:19],[0:19],[0:19],[0:19],[0:19],[0:19],[0:19],[0:19],[0:19],[0:19],[0:19],[7:11],[0:19],[0:19],[0:19],[0:19],[0:19],[6:11],1
[0:19],[0:19],[0:19],[0:19],[0:19],[0:19],[0:19],[0:19],[0:19],[0:19],[0:19],[0:19],[0:19],[12:14],[0:19],[0:19],[0:19],[0:19],[0:19],[6:11],0
[0:19],[0:19],[0:19],[0:19],[0:19],[0:19],[0:19],[0:19],[0:19],[0:19],[0:19],[0:19],[0:19],[7:11],[0:19],[0:19],[0:19],[0:19],[0:19],[6:11],0
[0:19],[0:19],[0:19],[0:19],[0:19],[0:19],[0:19],[0:19],[0:19],[0:19],[0:19],[0:19],[0:19],[7:11],[0:19],[0:19],[0:19],[0:19],[0:19],[6:11],1
[0:19],[0:19],[0:19],[0:19],[0:19],[0:19],[0:19],[0:19],[0:19],[0:19],[0:19],[0:19],[0:19],[7:11],[0:19],[0:19],[0:19],[0:19],[0:19],[6:11],0
[0:19],[0:19],[0:19],[0:19],[0:19],[0:19],[0:19],[0:19],[0:19],[0:19],[0:19],[0:19],[0:19],[7:11],[0:19],[0:19],[0:19],[0:19],[0:19],[6:11],0
[0:19],[0:19],[0:19],[0:19],[0:19],[0:19],[0:19],[0:19],[0:19],[0:19],[0:19],[0:19],[0:19],[12:14],[0:19],[0:19],[0:19],[0:19],[0:19],[6:11],0
[0:19],[0:19],[0:19],[0:19],[0:19],[0:19],[0:19],[0:19],[0:19],[0:19],[0:19],[0:19],[0:19],[12:14],[0:19],[0:19],[0:19],[0:19],[0:19],[6:11],1
[0:19],[0:19],[0:19],[0:19],[0:19],[0:19],[0:19],[0:19],[0:19],[0:19],[0:19],[0:19],[0:19],[7:11],[0:19],[0:19],[0:19],[0:19],[0:19],[6:11],1
[0:19],[0:19],[0:19],[0:19],[0:19],[0:19],[0:19],[0:19],[0:19],[0:19],[0:19],[0:19],[0:19],[7:11],[0:19],[0:19],[0:19],[0:19],[0:19],[6:11],0
[0:19],[0:19],[0:19],[0:19],[0:19],[0:19],[0:19],[0:19],[0:19],[0:19],[0:19],[0:19],[0:19],[12:14],[0:19],[0:19],[0:19],[0:19],[0:19],[6:11],0
[0:19],[0:19],[0:19],[0:19],[0:19],[0:19],[0:19],[0:19],[0:19],[0:19],[0:19],[0:19],[0:19],[7:11],[0:19],[0:19],[0:19],[0:19],[0:19],[6:11],0
[0:19],[0:19],[0:19],[0:19],[0:19],[0:19],[0:19],[0:19],[0:19],[0:19],[0:19],[0:19],[0:19],[7:11],[0:19],[0:19],[0:19],[0:19],[0:19],[6:11],1
[0:19],[0:19],[0:19],[0:19],[0:19],[0:19],[0:19],[0:19],[0:19],[0:19],[0:19],[0:19],[0:19],[7:11],[0:19],[0:19],[0:19],[0:19],[0:19],[6:11],1
[0:19],[0:19],[0:19],[0:19],[0:19],[0:19],[0:19],[0:19],[0:19],[0:19],[0:19],[0:19],[0:19],[7:11],[0:19],[0:19],[0:19],[0:19],[0:19],[6:11],1
[0:19],[0:19],[0:19],[0:19],[0:19],[0:19],[0:19],[0:19],[0:19],[0:19],[0:19],[0:19],[0:19],[7:11],[0:19],[0:19],[0:19],[0:19],[0:19],[6:11],0
[0:19],[0:19],[0:19],[0:19],[0:19],[0:19],[0:19],[0:19],[0:19],[0:19],[0:19],[0:19],[0:19],[7:11],[0:19],[0:19],[0:19],[0:19],[0:19],[6:11],0
[0:19],[0:19],[0:19],[0:19],[0:19],[0:19],[0:19],[0:19],[0:19],[0:19],[0:19],[0:19],[0:19],[7:11],[0:19],[0:19],[0:19],[0:19],[0:19],[6:11],0
[0:19],[0:19],[0:19],[0:19],[0:19],[0:19],[0:19],[0:19],[0:19],[0:19],[0:19],[0:19],[0:19],[12:14],[0:19],[0:19],[0:19],[0:19],[0:19],[6:11],0
[0:19],[0:19],[0:19],[0:19],[0:19],[0:19],[0:19],[0:19],[0:19],[0:19],[0:19],[0:19],[0:19],[12:14],[0:19],[0:19],[0:19],[0:19],[0:19],[6:11],0
[0:19],[0:19],[0:19],[0:19],[0:19],[0:19],[0:19],[0:19],[0:19],[0:19],[0:19],[0:19],[0:19],[7:11],[0:19],[0:19],[0:19],[0:19],[0:19],[6:11],0
[0:19],[0:19],[0:19],[0:19],[0:19],[0:19],[0:19],[0:19],[0:19],[0:19],[0:19],[0:19],[0:19],[12:14],[0:19],[0:19],[0:19],[0:19],[0:19],[6:11],1
[0:19],[0:19],[0:19],[0:19],[0:19],[0:19],[0:19],[0:19],[0:19],[0:19],[0:19],[0:19],[0:19],[12:14],[0:19],[0:19],[0:19],[0:19],[0:19],[6:11],0
[0:19],[0:19],[0:19],[0:19],[0:19],[0:19],[0:19],[0:19],[0:19],[0:19],[0:19],[0:19],[0:19],[0:6],[0:19],[0:19],[0:19],[0:19],[0:19],[6:11],1
[0:19],[0:19],[0:19],[0:19],[0:19],[0:19],[0:19],[0:19],[0:19],[0:19],[0:19],[0:19],[0:19],[7:11],[0:19],[0:19],[0:19],[0:19],[0:19],[6:11],1
[0:19],[0:19],[0:19],[0:19],[0:19],[0:19],[0:19],[0:19],[0:19],[0:19],[0:19],[0:19],[0:19],[7:11],[0:19],[0:19],[0:19],[0:19],[0:19],[6:11],1
[0:19],[0:19],[0:19],[0:19],[0:19],[0:19],[0:19],[0:19],[0:19],[0:19],[0:19],[0:19],[0:19],[0:6],[0:19],[0:19],[0:19],[0:19],[0:19],[6:11],0
[0:19],[0:19],[0:19],[0:19],[0:19],[0:19],[0:19],[0:19],[0:19],[0:19],[0:19],[0:19],[0:19],[7:11],[0:19],[0:19],[0:19],[0:19],[0:19],[6:11],1
[0:19],[0:19],[0:19],[0:19],[0:19],[0:19],[0:19],[0:19],[0:19],[0:19],[0:19],[0:19],[0:19],[7:11],[0:19],[0:19],[0:19],[0:19],[0:19],[6:11],1
[0:19],[0:19],[0:19],[0:19],[0:19],[0:19],[0:19],[0:19],[0:19],[0:19],[0:19],[0:19],[0:19],[7:11],[0:19],[0:19],[0:19],[0:19],[0:19],[6:11],1
[0:19],[0:19],[0:19],[0:19],[0:19],[0:19],[0:19],[0:19],[0:19],[0:19],[0:19],[0:19],[0:19],[7:11],[0:19],[0:19],[0:19],[0:19],[0:19],[6:11],1
[0:19],[0:19],[0:19],[0:19],[0:19],[0:19],[0:19],[0:19],[0:19],[0:19],[0:19],[0:19],[0:19],[12:14],[0:19],[0:19],[0:19],[0:19],[0:19],[12:15],0
[0:19],[0:19],[0:19],[0:19],[0:19],[0:19],[0:19],[0:19],[0:19],[0:19],[0:19],[0:19],[0:19],[7:11],[0:19],[0:19],[0:19],[0:19],[0:19],[6:11],0
[0:19],[0:19],[0:19],[0:19],[0:19],[0:19],[0:19],[0:19],[0:19],[0:19],[0:19],[0:19],[0:19],[7:11],[0:19],[0:19],[0:19],[0:19],[0:19],[6:11],0
[0:19],[0:19],[0:19],[0:19],[0:19],[0:19],[0:19],[0:19],[0:19],[0:19],[0:19],[0:19],[0:19],[7:11],[0:19],[0:19],[0:19],[0:19],[0:19],[6:11],1
[0:19],[0:19],[0:19],[0:19],[0:19],[0:19],[0:19],[0:19],[0:19],[0:19],[0:19],[0:19],[0:19],[12:14],[0:19],[0:19],[0:19],[0:19],[0:19],[6:11],0
[0:19],[0:19],[0:19],[0:19],[0:19],[0:19],[0:19],[0:19],[0:19],[0:19],[0:19],[0:19],[0:19],[12:14],[0:19],[0:19],[0:19],[0:19],[0:19],[6:11],0
[0:19],[0:19],[0:19],[0:19],[0:19],[0:19],[0:19],[0:19],[0:19],[0:19],[0:19],[0:19],[0:19],[7:11],[0:19],[0:19],[0:19],[0:19],[0:19],[3:5],0
[0:19],[0:19],[0:19],[0:19],[0:19],[0:19],[0:19],[0:19],[0:19],[0:19],[0:19],[0:19],[0:19],[7:11],[0:19],[0:19],[0:19],[0:19],[0:19],[12:15],1
[0:19],[0:19],[0:19],[0:19],[0:19],[0:19],[0:19],[0:19],[0:19],[0:19],[0:19],[0:19],[0:19],[7:11],[0:19],[0:19],[0:19],[0:19],[0:19],[6:11],0
[0:19],[0:19],[0:19],[0:19],[0:19],[0:19],[0:19],[0:19],[0:19],[0:19],[0:19],[0:19],[0:19],[0:6],[0:19],[0:19],[0:19],[0:19],[0:19],[12:15],0
[0:19],[0:19],[0:19],[0:19],[0:19],[0:19],[0:19],[0:19],[0:19],[0:19],[0:19],[0:19],[0:19],[7:11],[0:19],[0:19],[0:19],[0:19],[0:19],[6:11],1
[0:19],[0:19],[0:19],[0:19],[0:19],[0:19],[0:19],[0:19],[0:19],[0:19],[0:19],[0:19],[0:19],[7:11],[0:19],[0:19],[0:19],[0:19],[0:19],[6:11],1
[0:19],[0:19],[0:19],[0:19],[0:19],[0:19],[0:19],[0:19],[0:19],[0:19],[0:19],[0:19],[0:19],[0:6],[0:19],[0:19],[0:19],[0:19],[0:19],[6:11],0
[0:19],[0:19],[0:19],[0:19],[0:19],[0:19],[0:19],[0:19],[0:19],[0:19],[0:19],[0:19],[0:19],[7:11],[0:19],[0:19],[0:19],[0:19],[0:19],[6:11],0
[0:19],[0:19],[0:19],[0:19],[0:19],[0:19],[0:19],[0:19],[0:19],[0:19],[0:19],[0:19],[0:19],[7:11],[0:19],[0:19],[0:19],[0:19],[0:19],[6:11],1
[0:19],[0:19],[0:19],[0:19],[0:19],[0:19],[0:19],[0:19],[0:19],[0:19],[0:19],[0:19],[0:19],[7:11],[0:19],[0:19],[0:19],[0:19],[0:19],[12:15],1
[0:19],[0:19],[0:19],[0:19],[0:19],[0:19],[0:19],[0:19],[0:19],[0:19],[0:19],[0:19],[0:19],[7:11],[0:19],[0:19],[0:19],[0:19],[0:19],[6:11],1
[0:19],[0:19],[0:19],[0:19],[0:19],[0:19],[0:19],[0:19],[0:19],[0:19],[0:19],[0:19],[0:19],[7:11],[0:19],[0:19],[0:19],[0:19],[0:19],[6:11],0
[0:19],[0:19],[0:19],[0:19],[0:19],[0:19],[0:19],[0:19],[0:19],[0:19],[0:19],[0:19],[0:19],[7:11],[0:19],[0:19],[0:19],[0:19],[0:19],[6:11],1
[0:19],[0:19],[0:19],[0:19],[0:19],[0:19],[0:19],[0:19],[0:19],[0:19],[0:19],[0:19],[0:19],[12:14],[0:19],[0:19],[0:19],[0:19],[0:19],[6:11],1
[0:19],[0:19],[0:19],[0:19],[0:19],[0:19],[0:19],[0:19],[0:19],[0:19],[0:19],[0:19],[0:19],[12:14],[0:19],[0:19],[0:19],[0:19],[0:19],[6:11],0
[0:19],[0:19],[0:19],[0:19],[0:19],[0:19],[0:19],[0:19],[0:19],[0:19],[0:19],[0:19],[0:19],[7:11],[0:19],[0:19],[0:19],[0:19],[0:19],[12:15],0
[0:19],[0:19],[0:19],[0:19],[0:19],[0:19],[0:19],[0:19],[0:19],[0:19],[0:19],[0:19],[0:19],[7:11],[0:19],[0:19],[0:19],[0:19],[0:19],[6:11],0
[0:19],[0:19],[0:19],[0:19],[0:19],[0:19],[0:19],[0:19],[0:19],[0:19],[0:19],[0:19],[0:19],[12:14],[0:19],[0:19],[0:19],[0:19],[0:19],[12:15],0
[0:19],[0:19],[0:19],[0:19],[0:19],[0:19],[0:19],[0:19],[0:19],[0:19],[0:19],[0:19],[0:19],[7:11],[0:19],[0:19],[0:19],[0:19],[0:19],[6:11],0
[0:19],[0:19],[0:19],[0:19],[0:19],[0:19],[0:19],[0:19],[0:19],[0:19],[0:19],[0:19],[0:19],[0:6],[0:19],[0:19],[0:19],[0:19],[0:19],[6:11],0
[0:19],[0:19],[0:19],[0:19],[0:19],[0:19],[0:19],[0:19],[0:19],[0:19],[0:19],[0:19],[0:19],[7:11],[0:19],[0:19],[0:19],[0:19],[0:19],[12:15],0
[0:19],[0:19],[0:19],[0:19],[0:19],[0:19],[0:19],[0:19],[0:19],[0:19],[0:19],[0:19],[0:19],[7:11],[0:19],[0:19],[0:19],[0:19],[0:19],[6:11],1
[0:19],[0:19],[0:19],[0:19],[0:19],[0:19],[0:19],[0:19],[0:19],[0:19],[0:19],[0:19],[0:19],[0:6],[0:19],[0:19],[0:19],[0:19],[0:19],[6:11],0
[0:19],[0:19],[0:19],[0:19],[0:19],[0:19],[0:19],[0:19],[0:19],[0:19],[0:19],[0:19],[0:19],[7:11],[0:19],[0:19],[0:19],[0:19],[0:19],[3:5],0
[0:19],[0:19],[0:19],[0:19],[0:19],[0:19],[0:19],[0:19],[0:19],[0:19],[0:19],[0:19],[0:19],[7:11],[0:19],[0:19],[0:19],[0:19],[0:19],[6:11],1
[0:19],[0:19],[0:19],[0:19],[0:19],[0:19],[0:19],[0:19],[0:19],[0:19],[0:19],[0:19],[0:19],[12:14],[0:19],[0:19],[0:19],[0:19],[0:19],[6:11],1
[0:19],[0:19],[0:19],[0:19],[0:19],[0:19],[0:19],[0:19],[0:19],[0:19],[0:19],[0:19],[0:19],[7:11],[0:19],[0:19],[0:19],[0:19],[0:19],[6:11],1
[0:19],[0:19],[0:19],[0:19],[0:19],[0:19],[0:19],[0:19],[0:19],[0:19],[0:19],[0:19],[0:19],[7:11],[0:19],[0:19],[0:19],[0:19],[0:19],[6:11],1
[0:19],[0:19],[0:19],[0:19],[0:19],[0:19],[0:19],[0:19],[0:19],[0:19],[0:19],[0:19],[0:19],[7:11],[0:19],[0:19],[0:19],[0:19],[0:19],[6:11],0
[0:19],[0:19],[0:19],[0:19],[0:19],[0:19],[0:19],[0:19],[0:19],[0:19],[0:19],[0:19],[0:19],[7:11],[0:19],[0:19],[0:19],[0:19],[0:19],[6:11],1
[0:19],[0:19],[0:19],[0:19],[0:19],[0:19],[0:19],[0:19],[0:19],[0:19],[0:19],[0:19],[0:19],[7:11],[0:19],[0:19],[0:19],[0:19],[0:19],[6:11],1
[0:19],[0:19],[0:19],[0:19],[0:19],[0:19],[0:19],[0:19],[0:19],[0:19],[0:19],[0:19],[0:19],[7:11],[0:19],[0:19],[0:19],[0:19],[0:19],[6:11],0
[0:19],[0:19],[0:19],[0:19],[0:19],[0:19],[0:19],[0:19],[0:19],[0:19],[0:19],[0:19],[0:19],[7:11],[0:19],[0:19],[0:19],[0:19],[0:19],[6:11],1
[0:19],[0:19],[0:19],[0:19],[0:19],[0:19],[0:19],[0:19],[0:19],[0:19],[0:19],[0:19],[0:19],[7:11],[0:19],[0:19],[0:19],[0:19],[0:19],[6:11],0
[0:19],[0:19],[0:19],[0:19],[0:19],[0:19],[0:19],[0:19],[0:19],[0:19],[0:19],[0:19],[0:19],[7:11],[0:19],[0:19],[0:19],[0:19],[0:19],[6:11],1
[0:19],[0:19],[0:19],[0:19],[0:19],[0:19],[0:19],[0:19],[0:19],[0:19],[0:19],[0:19],[0:19],[7:11],[0:19],[0:19],[0:19],[0:19],[0:19],[6:11],0
[0:19],[0:19],[0:19],[0:19],[0:19],[0:19],[0:19],[0:19],[0:19],[0:19],[0:19],[0:19],[0:19],[7:11],[0:19],[0:19],[0:19],[0:19],[0:19],[12:15],1
[0:19],[0:19],[0:19],[0:19],[0:19],[0:19],[0:19],[0:19],[0:19],[0:19],[0:19],[0:19],[0:19],[7:11],[0:19],[0:19],[0:19],[0:19],[0:19],[12:15],1
[0:19],[0:19],[0:19],[0:19],[0:19],[0:19],[0:19],[0:19],[0:19],[0:19],[0:19],[0:19],[0:19],[7:11],[0:19],[0:19],[0:19],[0:19],[0:19],[6:11],1
[0:19],[0:19],[0:19],[0:19],[0:19],[0:19],[0:19],[0:19],[0:19],[0:19],[0:19],[0:19],[0:19],[7:11],[0:19],[0:19],[0:19],[0:19],[0:19],[6:11],1
[0:19],[0:19],[0:19],[0:19],[0:19],[0:19],[0:19],[0:19],[0:19],[0:19],[0:19],[0:19],[0:19],[12:14],[0:19],[0:19],[0:19],[0:19],[0:19],[6:11],0
[0:19],[0:19],[0:19],[0:19],[0:19],[0:19],[0:19],[0:19],[0:19],[0:19],[0:19],[0:19],[0:19],[7:11],[0:19],[0:19],[0:19],[0:19],[0:19],[6:11],0
[0:19],[0:19],[0:19],[0:19],[0:19],[0:19],[0:19],[0:19],[0:19],[0:19],[0:19],[0:19],[0:19],[7:11],[0:19],[0:19],[0:19],[0:19],[0:19],[6:11],1
[0:19],[0:19],[0:19],[0:19],[0:19],[0:19],[0:19],[0:19],[0:19],[0:19],[0:19],[0:19],[0:19],[7:11],[0:19],[0:19],[0:19],[0:19],[0:19],[6:11],0
[0:19],[0:19],[0:19],[0:19],[0:19],[0:19],[0:19],[0:19],[0:19],[0:19],[0:19],[0:19],[0:19],[7:11],[0:19],[0:19],[0:19],[0:19],[0:19],[6:11],1
[0:19],[0:19],[0:19],[0:19],[0:19],[0:19],[0:19],[0:19],[0:19],[0:19],[0:19],[0:19],[0:19],[7:11],[0:19],[0:19],[0:19],[0:19],[0:19],[6:11],1
[0:19],[0:19],[0:19],[0:19],[0:19],[0:19],[0:19],[0:19],[0:19],[0:19],[0:19],[0:19],[0:19],[12:14],[0:19],[0:19],[0:19],[0:19],[0:19],[12:15],0
[0:19],[0:19],[0:19],[0:19],[0:19],[0:19],[0:19],[0:19],[0:19],[0:19],[0:19],[0:19],[0:19],[12:14],[0:19],[0:19],[0:19],[0:19],[0:19],[6:11],1
[0:19],[0:19],[0:19],[0:19],[0:19],[0:19],[0:19],[0:19],[0:19],[0:19],[0:19],[0:19],[0:19],[7:11],[0:19],[0:19],[0:19],[0:19],[0:19],[6:11],1
[0:19],[0:19],[0:19],[0:19],[0:19],[0:19],[0:19],[0:19],[0:19],[0:19],[0:19],[0:19],[0:19],[7:11],[0:19],[0:19],[0:19],[0:19],[0:19],[6:11],0
[0:19],[0:19],[0:19],[0:19],[0:19],[0:19],[0:19],[0:19],[0:19],[0:19],[0:19],[0:19],[0:19],[7:11],[0:19],[0:19],[0:19],[0:19],[0:19],[3:5],0
[0:19],[0:19],[0:19],[0:19],[0:19],[0:19],[0:19],[0:19],[0:19],[0:19],[0:19],[0:19],[0:19],[7:11],[0:19],[0:19],[0:19],[0:19],[0:19],[6:11],1
[0:19],[0:19],[0:19],[0:19],[0:19],[0:19],[0:19],[0:19],[0:19],[0:19],[0:19],[0:19],[0:19],[0:6],[0:19],[0:19],[0:19],[0:19],[0:19],[6:11],0
[0:19],[0:19],[0:19],[0:19],[0:19],[0:19],[0:19],[0:19],[0:19],[0:19],[0:19],[0:19],[0:19],[7:11],[0:19],[0:19],[0:19],[0:19],[0:19],[6:11],0
[0:19],[0:19],[0:19],[0:19],[0:19],[0:19],[0:19],[0:19],[0:19],[0:19],[0:19],[0:19],[0:19],[7:11],[0:19],[0:19],[0:19],[0:19],[0:19],[6:11],0
[0:19],[0:19],[0:19],[0:19],[0:19],[0:19],[0:19],[0:19],[0:19],[0:19],[0:19],[0:19],[0:19],[7:11],[0:19],[0:19],[0:19],[0:19],[0:19],[6:11],1
[0:19],[0:19],[0:19],[0:19],[0:19],[0:19],[0:19],[0:19],[0:19],[0:19],[0:19],[0:19],[0:19],[7:11],[0:19],[0:19],[0:19],[0:19],[0:19],[6:11],0
[0:19],[0:19],[0:19],[0:19],[0:19],[0:19],[0:19],[0:19],[0:19],[0:19],[0:19],[0:19],[0:19],[7:11],[0:19],[0:19],[0:19],[0:19],[0:19],[6:11],0
[0:19],[0:19],[0:19],[0:19],[0:19],[0:19],[0:19],[0:19],[0:19],[0:19],[0:19],[0:19],[0:19],[7:11],[0:19],[0:19],[0:19],[0:19],[0:19],[6:11],1
[0:19],[0:19],[0:19],[0:19],[0:19],[0:19],[0:19],[0:19],[0:19],[0:19],[0:19],[0:19],[0:19],[7:11],[0:19],[0:19],[0:19],[0:19],[0:19],[6:11],0
[0:19],[0:19],[0:19],[0:19],[0:19],[0:19],[0:19],[0:19],[0:19],[0:19],[0:19],[0:19],[0:19],[12:14],[0:19],[0:19],[0:19],[0:19],[0:19],[0:2],0
[0:19],[0:19],[0:19],[0:19],[0:19],[0:19],[0:19],[0:19],[0:19],[0:19],[0:19],[0:19],[0:19],[7:11],[0:19],[0:19],[0:19],[0:19],[0:19],[6:11],1
[0:19],[0:19],[0:19],[0:19],[0:19],[0:19],[0:19],[0:19],[0:19],[0:19],[0:19],[0:19],[0:19],[12:14],[0:19],[0:19],[0:19],[0:19],[0:19],[6:11],1
[0:19],[0:19],[0:19],[0:19],[0:19],[0:19],[0:19],[0:19],[0:19],[0:19],[0:19],[0:19],[0:19],[7:11],[0:19],[0:19],[0:19],[0:19],[0:19],[12:15],0
[0:19],[0:19],[0:19],[0:19],[0:19],[0:19],[0:19],[0:19],[0:19],[0:19],[0:19],[0:19],[0:19],[7:11],[0:19],[0:19],[0:19],[0:19],[0:19],[6:11],1
[0:19],[0:19],[0:19],[0:19],[0:19],[0:19],[0:19],[0:19],[0:19],[0:19],[0:19],[0:19],[0:19],[0:6],[0:19],[0:19],[0:19],[0:19],[0:19],[6:11],0
[0:19],[0:19],[0:19],[0:19],[0:19],[0:19],[0:19],[0:19],[0:19],[0:19],[0:19],[0:19],[0:19],[7:11],[0:19],[0:19],[0:19],[0:19],[0:19],[6:11],1
[0:19],[0:19],[0:19],[0:19],[0:19],[0:19],[0:19],[0:19],[0:19],[0:19],[0:19],[0:19],[0:19],[7:11],[0:19],[0:19],[0:19],[0:19],[0:19],[6:11],0
[0:19],[0:19],[0:19],[0:19],[0:19],[0:19],[0:19],[0:19],[0:19],[0:19],[0:19],[0:19],[0:19],[7:11],[0:19],[0:19],[0:19],[0:19],[0:19],[6:11],1
[0:19],[0:19],[0:19],[0:19],[0:19],[0:19],[0:19],[0:19],[0:19],[0:19],[0:19],[0:19],[0:19],[7:11],[0:19],[0:19],[0:19],[0:19],[0:19],[6:11],0
[0:19],[0:19],[0:19],[0:19],[0:19],[0:19],[0:19],[0:19],[0:19],[0:19],[0:19],[0:19],[0:19],[7:11],[0:19],[0:19],[0:19],[0:19],[0:19],[6:11],1
[0:19],[0:19],[0:19],[0:19],[0:19],[0:19],[0:19],[0:19],[0:19],[0:19],[0:19],[0:19],[0:19],[12:14],[0:19],[0:19],[0:19],[0:19],[0:19],[6:11],1
[0:19],[0:19],[0:19],[0:19],[0:19],[0:19],[0:19],[0:19],[0:19],[0:19],[0:19],[0:19],[0:19],[7:11],[0:19],[0:19],[0:19],[0:19],[0:19],[6:11],0
[0:19],[0:19],[0:19],[0:19],[0:19],[0:19],[0:19],[0:19],[0:19],[0:19],[0:19],[0:19],[0:19],[7:11],[0:19],[0:19],[0:19],[0:19],[0:19],[6:11],1
[0:19],[0:19],[0:19],[0:19],[0:19],[0:19],[0:19],[0:19],[0:19],[0:19],[0:19],[0:19],[0:19],[0:6],[0:19],[0:19],[0:19],[0:19],[0:19],[12:15],0
[0:19],[0:19],[0:19],[0:19],[0:19],[0:19],[0:19],[0:19],[0:19],[0:19],[0:19],[0:19],[0:19],[7:11],[0:19],[0:19],[0:19],[0:19],[0:19],[6:11],1
[0:19],[0:19],[0:19],[0:19],[0:19],[0:19],[0:19],[0:19],[0:19],[0:19],[0:19],[0:19],[0:19],[7:11],[0:19],[0:19],[0:19],[0:19],[0:19],[6:11],0
[0:19],[0:19],[0:19],[0:19],[0:19],[0:19],[0:19],[0:19],[0:19],[0:19],[0:19],[0:19],[0:19],[7:11],[0:19],[0:19],[0:19],[0:19],[0:19],[12:15],1
[0:19],[0:19],[0:19],[0:19],[0:19],[0:19],[0:19],[0:19],[0:19],[0:19],[0:19],[0:19],[0:19],[15:19],[0:19],[0:19],[0:19],[0:19],[0:19],[3:5],0
[0:19],[0:19],[0:19],[0:19],[0:19],[0:19],[0:19],[0:19],[0:19],[0:19],[0:19],[0:19],[0:19],[7:11],[0:19],[0:19],[0:19],[0:19],[0:19],[6:11],1
[0:19],[0:19],[0:19],[0:19],[0:19],[0:19],[0:19],[0:19],[0:19],[0:19],[0:19],[0:19],[0:19],[7:11],[0:19],[0:19],[0:19],[0:19],[0:19],[6:11],1
[0:19],[0:19],[0:19],[0:19],[0:19],[0:19],[0:19],[0:19],[0:19],[0:19],[0:19],[0:19],[0:19],[7:11],[0:19],[0:19],[0:19],[0:19],[0:19],[6:11],1
[0:19],[0:19],[0:19],[0:19],[0:19],[0:19],[0:19],[0:19],[0:19],[0:19],[0:19],[0:19],[0:19],[7:11],[0:19],[0:19],[0:19],[0:19],[0:19],[12:15],0
[0:19],[0:19],[0:19],[0:19],[0:19],[0:19],[0:19],[0:19],[0:19],[0:19],[0:19],[0:19],[0:19],[7:11],[0:19],[0:19],[0:19],[0:19],[0:19],[6:11],1
[0:19],[0:19],[0:19],[0:19],[0:19],[0:19],[0:19],[0:19],[0:19],[0:19],[0:19],[0:19],[0:19],[7:11],[0:19],[0:19],[0:19],[0:19],[0:19],[6:11],1
[0:19],[0:19],[0:19],[0:19],[0:19],[0:19],[0:19],[0:19],[0:19],[0:19],[0:19],[0:19],[0:19],[7:11],[0:19],[0:19],[0:19],[0:19],[0:19],[6:11],0
[0:19],[0:19],[0:19],[0:19],[0:19],[0:19],[0:19],[0:19],[0:19],[0:19],[0:19],[0:19],[0:19],[7:11],[0:19],[0:19],[0:19],[0:19],[0:19],[6:11],0
[0:19],[0:19],[0:19],[0:19],[0:19],[0:19],[0:19],[0:19],[0:19],[0:19],[0:19],[0:19],[0:19],[7:11],[0:19],[0:19],[0:19],[0:19],[0:19],[12:15],1
[0:19],[0:19],[0:19],[0:19],[0:19],[0:19],[0:19],[0:19],[0:19],[0:19],[0:19],[0:19],[0:19],[7:11],[0:19],[0:19],[0:19],[0:19],[0:19],[6:11],1
[0:19],[0:19],[0:19],[0:19],[0:19],[0:19],[0:19],[0:19],[0:19],[0:19],[0:19],[0:19],[0:19],[7:11],[0:19],[0:19],[0:19],[0:19],[0:19],[6:11],0
[0:19],[0:19],[0:19],[0:19],[0:19],[0:19],[0:19],[0:19],[0:19],[0:19],[0:19],[0:19],[0:19],[7:11],[0:19],[0:19],[0:19],[0:19],[0:19],[6:11],1
[0:19],[0:19],[0:19],[0:19],[0:19],[0:19],[0:19],[0:19],[0:19],[0:19],[0:19],[0:19],[0:19],[7:11],[0:19],[0:19],[0:19],[0:19],[0:19],[6:11],0
[0:19],[0:19],[0:19],[0:19],[0:19],[0:19],[0:19],[0:19],[0:19],[0:19],[0:19],[0:19],[0:19],[7:11],[0:19],[0:19],[0:19],[0:19],[0:19],[6:11],0
[0:19],[0:19],[0:19],[0:19],[0:19],[0:19],[0:19],[0:19],[0:19],[0:19],[0:19],[0:19],[0:19],[7:11],[0:19],[0:19],[0:19],[0:19],[0:19],[6:11],0
[0:19],[0:19],[0:19],[0:19],[0:19],[0:19],[0:19],[0:19],[0:19],[0:19],[0:19],[0:19],[0:19],[7:11],[0:19],[0:19],[0:19],[0:19],[0:19],[6:11],0
[0:19],[0:19],[0:19],[0:19],[0:19],[0:19],[0:19],[0:19],[0:19],[0:19],[0:19],[0:19],[0:19],[7:11],[0:19],[0:19],[0:19],[0:19],[0:19],[6:11],1
[0:19],[0:19],[0:19],[0:19],[0:19],[0:19],[0:19],[0:19],[0:19],[0:19],[0:19],[0:19],[0:19],[7:11],[0:19],[0:19],[0:19],[0:19],[0:19],[6:11],0
[0:19],[0:19],[0:19],[0:19],[0:19],[0:19],[0:19],[0:19],[0:19],[0:19],[0:19],[0:19],[0:19],[12:14],[0:19],[0:19],[0:19],[0:19],[0:19],[6:11],0
[0:19],[0:19],[0:19],[0:19],[0:19],[0:19],[0:19],[0:19],[0:19],[0:19],[0:19],[0:19],[0:19],[7:11],[0:19],[0:19],[0:19],[0:19],[0:19],[6:11],0
[0:19],[0:19],[0:19],[0:19],[0:19],[0:19],[0:19],[0:19],[0:19],[0:19],[0:19],[0:19],[0:19],[7:11],[0:19],[0:19],[0:19],[0:19],[0:19],[6:11],0
[0:19],[0:19],[0:19],[0:19],[0:19],[0:19],[0:19],[0:19],[0:19],[0:19],[0:19],[0:19],[0:19],[7:11],[0:19],[0:19],[0:19],[0:19],[0:19],[6:11],1
[0:19],[0:19],[0:19],[0:19],[0:19],[0:19],[0:19],[0:19],[0:19],[0:19],[0:19],[0:19],[0:19],[12:14],[0:19],[0:19],[0:19],[0:19],[0:19],[3:5],0
[0:19],[0:19],[0:19],[0:19],[0:19],[0:19],[0:19],[0:19],[0:19],[0:19],[0:19],[0:19],[0:19],[7:11],[0:19],[0:19],[0:19],[0:19],[0:19],[6:11],0
[0:19],[0:19],[0:19],[0:19],[0:19],[0:19],[0:19],[0:19],[0:19],[0:19],[0:19],[0:19],[0:19],[7:11],[0:19],[0:19],[0:19],[0:19],[0:19],[6:11],1
[0:19],[0:19],[0:19],[0:19],[0:19],[0:19],[0:19],[0:19],[0:19],[0:19],[0:19],[0:19],[0:19],[7:11],[0:19],[0:19],[0:19],[0:19],[0:19],[6:11],1
[0:19],[0:19],[0:19],[0:19],[0:19],[0:19],[0:19],[0:19],[0:19],[0:19],[0:19],[0:19],[0:19],[7:11],[0:19],[0:19],[0:19],[0:19],[0:19],[6:11],1
[0:19],[0:19],[0:19],[0:19],[0:19],[0:19],[0:19],[0:19],[0:19],[0:19],[0:19],[0:19],[0:19],[12:14],[0:19],[0:19],[0:19],[0:19],[0:19],[6:11],0
[0:19],[0:19],[0:19],[0:19],[0:19],[0:19],[0:19],[0:19],[0:19],[0:19],[0:19],[0:19],[0:19],[15:19],[0:19],[0:19],[0:19],[0:19],[0:19],[6:11],0
[0:19],[0:19],[0:19],[0:19],[0:19],[0:19],[0:19],[0:19],[0:19],[0:19],[0:19],[0:19],[0:19],[7:11],[0:19],[0:19],[0:19],[0:19],[0:19],[12:15],1
[0:19],[0:19],[0:19],[0:19],[0:19],[0:19],[0:19],[0:19],[0:19],[0:19],[0:19],[0:19],[0:19],[12:14],[0:19],[0:19],[0:19],[0:19],[0:19],[6:11],1
[0:19],[0:19],[0:19],[0:19],[0:19],[0:19],[0:19],[0:19],[0:19],[0:19],[0:19],[0:19],[0:19],[12:14],[0:19],[0:19],[0:19],[0:19],[0:19],[6:11],1
[0:19],[0:19],[0:19],[0:19],[0:19],[0:19],[0:19],[0:19],[0:19],[0:19],[0:19],[0:19],[0:19],[7:11],[0:19],[0:19],[0:19],[0:19],[0:19],[6:11],1
[0:19],[0:19],[0:19],[0:19],[0:19],[0:19],[0:19],[0:19],[0:19],[0:19],[0:19],[0:19],[0:19],[7:11],[0:19],[0:19],[0:19],[0:19],[0:19],[12:15],0
[0:19],[0:19],[0:19],[0:19],[0:19],[0:19],[0:19],[0:19],[0:19],[0:19],[0:19],[0:19],[0:19],[12:14],[0:19],[0:19],[0:19],[0:19],[0:19],[6:11],0
[0:19],[0:19],[0:19],[0:19],[0:19],[0:19],[0:19],[0:19],[0:19],[0:19],[0:19],[0:19],[0:19],[12:14],[0:19],[0:19],[0:19],[0:19],[0:19],[6:11],0
[0:19],[0:19],[0:19],[0:19],[0:19],[0:19],[0:19],[0:19],[0:19],[0:19],[0:19],[0:19],[0:19],[7:11],[0:19],[0:19],[0:19],[0:19],[0:19],[6:11],1
[0:19],[0:19],[0:19],[0:19],[0:19],[0:19],[0:19],[0:19],[0:19],[0:19],[0:19],[0:19],[0:19],[12:14],[0:19],[0:19],[0:19],[0:19],[0:19],[6:11],1
[0:19],[0:19],[0:19],[0:19],[0:19],[0:19],[0:19],[0:19],[0:19],[0:19],[0:19],[0:19],[0:19],[7:11],[0:19],[0:19],[0:19],[0:19],[0:19],[12:15],0
[0:19],[0:19],[0:19],[0:19],[0:19],[0:19],[0:19],[0:19],[0:19],[0:19],[0:19],[0:19],[0:19],[7:11],[0:19],[0:19],[0:19],[0:19],[0:19],[6:11],1
[0:19],[0:19],[0:19],[0:19],[0:19],[0:19],[0:19],[0:19],[0:19],[0:19],[0:19],[0:19],[0:19],[7:11],[0:19],[0:19],[0:19],[0:19],[0:19],[6:11],0
[0:19],[0:19],[0:19],[0:19],[0:19],[0:19],[0:19],[0:19],[0:19],[0:19],[0:19],[0:19],[0:19],[7:11],[0:19],[0:19],[0:19],[0:19],[0:19],[6:11],0
[0:19],[0:19],[0:19],[0:19],[0:19],[0:19],[0:19],[0:19],[0:19],[0:19],[0:19],[0:19],[0:19],[7:11],[0:19],[0:19],[0:19],[0:19],[0:19],[6:11],0
[0:19],[0:19],[0:19],[0:19],[0:19],[0:19],[0:19],[0:19],[0:19],[0:19],[0:19],[0:19],[0:19],[7:11],[0:19],[0:19],[0:19],[0:19],[0:19],[6:11],1
[0:19],[0:19],[0:19],[0:19],[0:19],[0:19],[0:19],[0:19],[0:19],[0:19],[0:19],[0:19],[0:19],[7:11],[0:19],[0:19],[0:19],[0:19],[0:19],[6:11],0
[0:19],[0:19],[0:19],[0:19],[0:19],[0:19],[0:19],[0:19],[0:19],[0:19],[0:19],[0:19],[0:19],[7:11],[0:19],[0:19],[0:19],[0:19],[0:19],[6:11],1
[0:19],[0:19],[0:19],[0:19],[0:19],[0:19],[0:19],[0:19],[0:19],[0:19],[0:19],[0:19],[0:19],[7:11],[0:19],[0:19],[0:19],[0:19],[0:19],[6:11],1
[0:19],[0:19],[0:19],[0:19],[0:19],[0:19],[0:19],[0:19],[0:19],[0:19],[0:19],[0:19],[0:19],[7:11],[0:19],[0:19],[0:19],[0:19],[0:19],[6:11],1
[0:19],[0:19],[0:19],[0:19],[0:19],[0:19],[0:19],[0:19],[0:19],[0:19],[0:19],[0:19],[0:19],[7:11],[0:19],[0:19],[0:19],[0:19],[0:19],[6:11],1
[0:19],[0:19],[0:19],[0:19],[0:19],[0:19],[0:19],[0:19],[0:19],[0:19],[0:19],[0:19],[0:19],[7:11],[0:19],[0:19],[0:19],[0:19],[0:19],[6:11],1
[0:19],[0:19],[0:19],[0:19],[0:19],[0:19],[0:19],[0:19],[0:19],[0:19],[0:19],[0:19],[0:19],[7:11],[0:19],[0:19],[0:19],[0:19],[0:19],[3:5],0
[0:19],[0:19],[0:19],[0:19],[0:19],[0:19],[0:19],[0:19],[0:19],[0:19],[0:19],[0:19],[0:19],[12:14],[0:19],[0:19],[0:19],[0:19],[0:19],[12:15],0
[0:19],[0:19],[0:19],[0:19],[0:19],[0:19],[0:19],[0:19],[0:19],[0:19],[0:19],[0:19],[0:19],[15:19],[0:19],[0:19],[0:19],[0:19],[0:19],[6:11],0
[0:19],[0:19],[0:19],[0:19],[0:19],[0:19],[0:19],[0:19],[0:19],[0:19],[0:19],[0:19],[0:19],[7:11],[0:19],[0:19],[0:19],[0:19],[0:19],[6:11],1
[0:19],[0:19],[0:19],[0:19],[0:19],[0:19],[0:19],[0:19],[0:19],[0:19],[0:19],[0:19],[0:19],[7:11],[0:19],[0:19],[0:19],[0:19],[0:19],[6:11],1
[0:19],[0:19],[0:19],[0:19],[0:19],[0:19],[0:19],[0:19],[0:19],[0:19],[0:19],[0:19],[0:19],[0:6],[0:19],[0:19],[0:19],[0:19],[0:19],[6:11],0
[0:19],[0:19],[0:19],[0:19],[0:19],[0:19],[0:19],[0:19],[0:19],[0:19],[0:19],[0:19],[0:19],[12:14],[0:19],[0:19],[0:19],[0:19],[0:19],[6:11],0
[0:19],[0:19],[0:19],[0:19],[0:19],[0:19],[0:19],[0:19],[0:19],[0:19],[0:19],[0:19],[0:19],[12:14],[0:19],[0:19],[0:19],[0:19],[0:19],[6:11],0
[0:19],[0:19],[0:19],[0:19],[0:19],[0:19],[0:19],[0:19],[0:19],[0:19],[0:19],[0:19],[0:19],[7:11],[0:19],[0:19],[0:19],[0:19],[0:19],[6:11],1
[0:19],[0:19],[0:19],[0:19],[0:19],[0:19],[0:19],[0:19],[0:19],[0:19],[0:19],[0:19],[0:19],[7:11],[0:19],[0:19],[0:19],[0:19],[0:19],[6:11],0
[0:19],[0:19],[0:19],[0:19],[0:19],[0:19],[0:19],[0:19],[0:19],[0:19],[0:19],[0:19],[0:19],[7:11],[0:19],[0:19],[0:19],[0:19],[0:19],[6:11],1
[0:19],[0:19],[0:19],[0:19],[0:19],[0:19],[0:19],[0:19],[0:19],[0:19],[0:19],[0:19],[0:19],[7:11],[0:19],[0:19],[0:19],[0:19],[0:19],[6:11],1
[0:19],[0:19],[0:19],[0:19],[0:19],[0:19],[0:19],[0:19],[0:19],[0:19],[0:19],[0:19],[0:19],[7:11],[0:19],[0:19],[0:19],[0:19],[0:19],[6:11],1
[0:19],[0:19],[0:19],[0:19],[0:19],[0:19],[0:19],[0:19],[0:19],[0:19],[0:19],[0:19],[0:19],[12:14],[0:19],[0:19],[0:19],[0:19],[0:19],[6:11],0
[0:19],[0:19],[0:19],[0:19],[0:19],[0:19],[0:19],[0:19],[0:19],[0:19],[0:19],[0:19],[0:19],[7:11],[0:19],[0:19],[0:19],[0:19],[0:19],[6:11],1
[0:19],[0:19],[0:19],[0:19],[0:19],[0:19],[0:19],[0:19],[0:19],[0:19],[0:19],[0:19],[0:19],[7:11],[0:19],[0:19],[0:19],[0:19],[0:19],[12:15],0
[0:19],[0:19],[0:19],[0:19],[0:19],[0:19],[0:19],[0:19],[0:19],[0:19],[0:19],[0:19],[0:19],[7:11],[0:19],[0:19],[0:19],[0:19],[0:19],[6:11],1
[0:19],[0:19],[0:19],[0:19],[0:19],[0:19],[0:19],[0:19],[0:19],[0:19],[0:19],[0:19],[0:19],[7:11],[0:19],[0:19],[0:19],[0:19],[0:19],[12:15],1
[0:19],[0:19],[0:19],[0:19],[0:19],[0:19],[0:19],[0:19],[0:19],[0:19],[0:19],[0:19],[0:19],[7:11],[0:19],[0:19],[0:19],[0:19],[0:19],[6:11],1
[0:19],[0:19],[0:19],[0:19],[0:19],[0:19],[0:19],[0:19],[0:19],[0:19],[0:19],[0:19],[0:19],[7:11],[0:19],[0:19],[0:19],[0:19],[0:19],[6:11],0
[0:19],[0:19],[0:19],[0:19],[0:19],[0:19],[0:19],[0:19],[0:19],[0:19],[0:19],[0:19],[0:19],[7:11],[0:19],[0:19],[0:19],[0:19],[0:19],[6:11],0
[0:19],[0:19],[0:19],[0:19],[0:19],[0:19],[0:19],[0:19],[0:19],[0:19],[0:19],[0:19],[0:19],[7:11],[0:19],[0:19],[0:19],[0:19],[0:19],[3:5],0
[0:19],[0:19],[0:19],[0:19],[0:19],[0:19],[0:19],[0:19],[0:19],[0:19],[0:19],[0:19],[0:19],[7:11],[0:19],[0:19],[0:19],[0:19],[0:19],[6:11],1
[0:19],[0:19],[0:19],[0:19],[0:19],[0:19],[0:19],[0:19],[0:19],[0:19],[0:19],[0:19],[0:19],[7:11],[0:19],[0:19],[0:19],[0:19],[0:19],[6:11],1
[0:19],[0:19],[0:19],[0:19],[0:19],[0:19],[0:19],[0:19],[0:19],[0:19],[0:19],[0:19],[0:19],[7:11],[0:19],[0:19],[0:19],[0:19],[0:19],[6:11],1
[0:19],[0:19],[0:19],[0:19],[0:19],[0:19],[0:19],[0:19],[0:19],[0:19],[0:19],[0:19],[0:19],[7:11],[0:19],[0:19],[0:19],[0:19],[0:19],[12:15],0
[0:19],[0:19],[0:19],[0:19],[0:19],[0:19],[0:19],[0:19],[0:19],[0:19],[0:19],[0:19],[0:19],[7:11],[0:19],[0:19],[0:19],[0:19],[0:19],[12:15],0
[0:19],[0:19],[0:19],[0:19],[0:19],[0:19],[0:19],[0:19],[0:19],[0:19],[0:19],[0:19],[0:19],[7:11],[0:19],[0:19],[0:19],[0:19],[0:19],[6:11],1
[0:19],[0:19],[0:19],[0:19],[0:19],[0:19],[0:19],[0:19],[0:19],[0:19],[0:19],[0:19],[0:19],[7:11],[0:19],[0:19],[0:19],[0:19],[0:19],[6:11],0
[0:19],[0:19],[0:19],[0:19],[0:19],[0:19],[0:19],[0:19],[0:19],[0:19],[0:19],[0:19],[0:19],[12:14],[0:19],[0:19],[0:19],[0:19],[0:19],[6:11],1
[0:19],[0:19],[0:19],[0:19],[0:19],[0:19],[0:19],[0:19],[0:19],[0:19],[0:19],[0:19],[0:19],[7:11],[0:19],[0:19],[0:19],[0:19],[0:19],[6:11],0
[0:19],[0:19],[0:19],[0:19],[0:19],[0:19],[0:19],[0:19],[0:19],[0:19],[0:19],[0:19],[0:19],[12:14],[0:19],[0:19],[0:19],[0:19],[0:19],[6:11],0
[0:19],[0:19],[0:19],[0:19],[0:19],[0:19],[0:19],[0:19],[0:19],[0:19],[0:19],[0:19],[0:19],[7:11],[0:19],[0:19],[0:19],[0:19],[0:19],[6:11],0
[0:19],[0:19],[0:19],[0:19],[0:19],[0:19],[0:19],[0:19],[0:19],[0:19],[0:19],[0:19],[0:19],[12:14],[0:19],[0:19],[0:19],[0:19],[0:19],[6:11],1
[0:19],[0:19],[0:19],[0:19],[0:19],[0:19],[0:19],[0:19],[0:19],[0:19],[0:19],[0:19],[0:19],[7:11],[0:19],[0:19],[0:19],[0:19],[0:19],[6:11],1
[0:19],[0:19],[0:19],[0:19],[0:19],[0:19],[0:19],[0:19],[0:19],[0:19],[0:19],[0:19],[0:19],[7:11],[0:19],[0:19],[0:19],[0:19],[0:19],[6:11],1
[0:19],[0:19],[0:19],[0:19],[0:19],[0:19],[0:19],[0:19],[0:19],[0:19],[0:19],[0:19],[0:19],[7:11],[0:19],[0:19],[0:19],[0:19],[0:19],[6:11],1
[0:19],[0:19],[0:19],[0:19],[0:19],[0:19],[0:19],[0:19],[0:19],[0:19],[0:19],[0:19],[0:19],[7:11],[0:19],[0:19],[0:19],[0:19],[0:19],[6:11],1
[0:19],[0:19],[0:19],[0:19],[0:19],[0:19],[0:19],[0:19],[0:19],[0:19],[0:19],[0:19],[0:19],[7:11],[0:19],[0:19],[0:19],[0:19],[0:19],[6:11],1
[0:19],[0:19],[0:19],[0:19],[0:19],[0:19],[0:19],[0:19],[0:19],[0:19],[0:19],[0:19],[0:19],[7:11],[0:19],[0:19],[0:19],[0:19],[0:19],[6:11],0
[0:19],[0:19],[0:19],[0:19],[0:19],[0:19],[0:19],[0:19],[0:19],[0:19],[0:19],[0:19],[0:19],[12:14],[0:19],[0:19],[0:19],[0:19],[0:19],[6:11],0
[0:19],[0:19],[0:19],[0:19],[0:19],[0:19],[0:19],[0:19],[0:19],[0:19],[0:19],[0:19],[0:19],[7:11],[0:19],[0:19],[0:19],[0:19],[0:19],[6:11],0
[0:19],[0:19],[0:19],[0:19],[0:19],[0:19],[0:19],[0:19],[0:19],[0:19],[0:19],[0:19],[0:19],[7:11],[0:19],[0:19],[0:19],[0:19],[0:19],[6:11],1
[0:19],[0:19],[0:19],[0:19],[0:19],[0:19],[0:19],[0:19],[0:19],[0:19],[0:19],[0:19],[0:19],[7:11],[0:19],[0:19],[0:19],[0:19],[0:19],[6:11],0
[0:19],[0:19],[0:19],[0:19],[0:19],[0:19],[0:19],[0:19],[0:19],[0:19],[0:19],[0:19],[0:19],[7:11],[0:19],[0:19],[0:19],[0:19],[0:19],[6:11],0
[0:19],[0:19],[0:19],[0:19],[0:19],[0:19],[0:19],[0:19],[0:19],[0:19],[0:19],[0:19],[0:19],[7:11],[0:19],[0:19],[0:19],[0:19],[0:19],[6:11],1
[0:19],[0:19],[0:19],[0:19],[0:19],[0:19],[0:19],[0:19],[0:19],[0:19],[0:19],[0:19],[0:19],[7:11],[0:19],[0:19],[0:19],[0:19],[0:19],[6:11],1
[0:19],[0:19],[0:19],[0:19],[0:19],[0:19],[0:19],[0:19],[0:19],[0:19],[0:19],[0:19],[0:19],[7:11],[0:19],[0:19],[0:19],[0:19],[0:19],[6:11],1
[0:19],[0:19],[0:19],[0:19],[0:19],[0:19],[0:19],[0:19],[0:19],[0:19],[0:19],[0:19],[0:19],[12:14],[0:19],[0:19],[0:19],[0:19],[0:19],[6:11],0
[0:19],[0:19],[0:19],[0:19],[0:19],[0:19],[0:19],[0:19],[0:19],[0:19],[0:19],[0:19],[0:19],[7:11],[0:19],[0:19],[0:19],[0:19],[0:19],[12:15],1
[0:19],[0:19],[0:19],[0:19],[0:19],[0:19],[0:19],[0:19],[0:19],[0:19],[0:19],[0:19],[0:19],[7:11],[0:19],[0:19],[0:19],[0:19],[0:19],[6:11],1
[0:19],[0:19],[0:19],[0:19],[0:19],[0:19],[0:19],[0:19],[0:19],[0:19],[0:19],[0:19],[0:19],[7:11],[0:19],[0:19],[0:19],[0:19],[0:19],[3:5],0
[0:19],[0:19],[0:19],[0:19],[0:19],[0:19],[0:19],[0:19],[0:19],[0:19],[0:19],[0:19],[0:19],[12:14],[0:19],[0:19],[0:19],[0:19],[0:19],[6:11],1
[0:19],[0:19],[0:19],[0:19],[0:19],[0:19],[0:19],[0:19],[0:19],[0:19],[0:19],[0:19],[0:19],[7:11],[0:19],[0:19],[0:19],[0:19],[0:19],[6:11],0
[0:19],[0:19],[0:19],[0:19],[0:19],[0:19],[0:19],[0:19],[0:19],[0:19],[0:19],[0:19],[0:19],[7:11],[0:19],[0:19],[0:19],[0:19],[0:19],[6:11],1
[0:19],[0:19],[0:19],[0:19],[0:19],[0:19],[0:19],[0:19],[0:19],[0:19],[0:19],[0:19],[0:19],[7:11],[0:19],[0:19],[0:19],[0:19],[0:19],[12:15],0
[0:19],[0:19],[0:19],[0:19],[0:19],[0:19],[0:19],[0:19],[0:19],[0:19],[0:19],[0:19],[0:19],[7:11],[0:19],[0:19],[0:19],[0:19],[0:19],[6:11],1
[0:19],[0:19],[0:19],[0:19],[0:19],[0:19],[0:19],[0:19],[0:19],[0:19],[0:19],[0:19],[0:19],[0:6],[0:19],[0:19],[0:19],[0:19],[0:19],[3:5],0
[0:19],[0:19],[0:19],[0:19],[0:19],[0:19],[0:19],[0:19],[0:19],[0:19],[0:19],[0:19],[0:19],[7:11],[0:19],[0:19],[0:19],[0:19],[0:19],[6:11],1
[0:19],[0:19],[0:19],[0:19],[0:19],[0:19],[0:19],[0:19],[0:19],[0:19],[0:19],[0:19],[0:19],[7:11],[0:19],[0:19],[0:19],[0:19],[0:19],[6:11],1
[0:19],[0:19],[0:19],[0:19],[0:19],[0:19],[0:19],[0:19],[0:19],[0:19],[0:19],[0:19],[0:19],[7:11],[0:19],[0:19],[0:19],[0:19],[0:19],[6:11],0
[0:19],[0:19],[0:19],[0:19],[0:19],[0:19],[0:19],[0:19],[0:19],[0:19],[0:19],[0:19],[0:19],[7:11],[0:19],[0:19],[0:19],[0:19],[0:19],[12:15],0
[0:19],[0:19],[0:19],[0:19],[0:19],[0:19],[0:19],[0:19],[0:19],[0:19],[0:19],[0:19],[0:19],[7:11],[0:19],[0:19],[0:19],[0:19],[0:19],[6:11],0
[0:19],[0:19],[0:19],[0:19],[0:19],[0:19],[0:19],[0:19],[0:19],[0:19],[0:19],[0:19],[0:19],[7:11],[0:19],[0:19],[0:19],[0:19],[0:19],[6:11],0
[0:19],[0:19],[0:19],[0:19],[0:19],[0:19],[0:19],[0:19],[0:19],[0:19],[0:19],[0:19],[0:19],[12:14],[0:19],[0:19],[0:19],[0:19],[0:19],[12:15],1
[0:19],[0:19],[0:19],[0:19],[0:19],[0:19],[0:19],[0:19],[0:19],[0:19],[0:19],[0:19],[0:19],[7:11],[0:19],[0:19],[0:19],[0:19],[0:19],[6:11],1
[0:19],[0:19],[0:19],[0:19],[0:19],[0:19],[0:19],[0:19],[0:19],[0:19],[0:19],[0:19],[0:19],[7:11],[0:19],[0:19],[0:19],[0:19],[0:19],[6:11],0
[0:19],[0:19],[0:19],[0:19],[0:19],[0:19],[0:19],[0:19],[0:19],[0:19],[0:19],[0:19],[0:19],[7:11],[0:19],[0:19],[0:19],[0:19],[0:19],[6:11],0
[0:19],[0:19],[0:19],[0:19],[0:19],[0:19],[0:19],[0:19],[0:19],[0:19],[0:19],[0:19],[0:19],[7:11],[0:19],[0:19],[0:19],[0:19],[0:19],[6:11],1
[0:19],[0:19],[0:19],[0:19],[0:19],[0:19],[0:19],[0:19],[0:19],[0:19],[0:19],[0:19],[0:19],[7:11],[0:19],[0:19],[0:19],[0:19],[0:19],[6:11],1
[0:19],[0:19],[0:19],[0:19],[0:19],[0:19],[0:19],[0:19],[0:19],[0:19],[0:19],[0:19],[0:19],[7:11],[0:19],[0:19],[0:19],[0:19],[0:19],[6:11],1
[0:19],[0:19],[0:19],[0:19],[0:19],[0:19],[0:19],[0:19],[0:19],[0:19],[0:19],[0:19],[0:19],[7:11],[0:19],[0:19],[0:19],[0:19],[0:19],[6:11],0
[0:19],[0:19],[0:19],[0:19],[0:19],[0:19],[0:19],[0:19],[0:19],[0:19],[0:19],[0:19],[0:19],[7:11],[0:19],[0:19],[0:19],[0:19],[0:19],[6:11],0
[0:19],[0:19],[0:19],[0:19],[0:19],[0:19],[0:19],[0:19],[0:19],[0:19],[0:19],[0:19],[0:19],[12:14],[0:19],[0:19],[0:19],[0:19],[0:19],[6:11],1
[0:19],[0:19],[0:19],[0:19],[0:19],[0:19],[0:19],[0:19],[0:19],[0:19],[0:19],[0:19],[0:19],[7:11],[0:19],[0:19],[0:19],[0:19],[0:19],[6:11],0
[0:19],[0:19],[0:19],[0:19],[0:19],[0:19],[0:19],[0:19],[0:19],[0:19],[0:19],[0:19],[0:19],[7:11],[0:19],[0:19],[0:19],[0:19],[0:19],[6:11],1
[0:19],[0:19],[0:19],[0:19],[0:19],[0:19],[0:19],[0:19],[0:19],[0:19],[0:19],[0:19],[0:19],[7:11],[0:19],[0:19],[0:19],[0:19],[0:19],[6:11],0
[0:19],[0:19],[0:19],[0:19],[0:19],[0:19],[0:19],[0:19],[0:19],[0:19],[0:19],[0:19],[0:19],[7:11],[0:19],[0:19],[0:19],[0:19],[0:19],[6:11],1
[0:19],[0:19],[0:19],[0:19],[0:19],[0:19],[0:19],[0:19],[0:19],[0:19],[0:19],[0:19],[0:19],[7:11],[0:19],[0:19],[0:19],[0:19],[0:19],[6:11],0
[0:19],[0:19],[0:19],[0:19],[0:19],[0:19],[0:19],[0:19],[0:19],[0:19],[0:19],[0:19],[0:19],[7:11],[0:19],[0:19],[0:19],[0:19],[0:19],[6:11],0
[0:19],[0:19],[0:19],[0:19],[0:19],[0:19],[0:19],[0:19],[0:19],[0:19],[0:19],[0:19],[0:19],[7:11],[0:19],[0:19],[0:19],[0:19],[0:19],[6:11],0
[0:19],[0:19],[0:19],[0:19],[0:19],[0:19],[0:19],[0:19],[0:19],[0:19],[0:19],[0:19],[0:19],[0:6],[0:19],[0:19],[0:19],[0:19],[0:19],[6:11],0
[0:19],[0:19],[0:19],[0:19],[0:19],[0:19],[0:19],[0:19],[0:19],[0:19],[0:19],[0:19],[0:19],[7:11],[0:19],[0:19],[0:19],[0:19],[0:19],[6:11],1
[0:19],[0:19],[0:19],[0:19],[0:19],[0:19],[0:19],[0:19],[0:19],[0:19],[0:19],[0:19],[0:19],[7:11],[0:19],[0:19],[0:19],[0:19],[0:19],[6:11],0
[0:19],[0:19],[0:19],[0:19],[0:19],[0:19],[0:19],[0:19],[0:19],[0:19],[0:19],[0:19],[0:19],[12:14],[0:19],[0:19],[0:19],[0:19],[0:19],[6:11],0
[0:19],[0:19],[0:19],[0:19],[0:19],[0:19],[0:19],[0:19],[0:19],[0:19],[0:19],[0:19],[0:19],[7:11],[0:19],[0:19],[0:19],[0:19],[0:19],[6:11],0
[0:19],[0:19],[0:19],[0:19],[0:19],[0:19],[0:19],[0:19],[0:19],[0:19],[0:19],[0:19],[0:19],[7:11],[0:19],[0:19],[0:19],[0:19],[0:19],[6:11],1
[0:19],[0:19],[0:19],[0:19],[0:19],[0:19],[0:19],[0:19],[0:19],[0:19],[0:19],[0:19],[0:19],[12:14],[0:19],[0:19],[0:19],[0:19],[0:19],[6:11],0
[0:19],[0:19],[0:19],[0:19],[0:19],[0:19],[0:19],[0:19],[0:19],[0:19],[0:19],[0:19],[0:19],[7:11],[0:19],[0:19],[0:19],[0:19],[0:19],[6:11],0
[0:19],[0:19],[0:19],[0:19],[0:19],[0:19],[0:19],[0:19],[0:19],[0:19],[0:19],[0:19],[0:19],[7:11],[0:19],[0:19],[0:19],[0:19],[0:19],[6:11],1
[0:19],[0:19],[0:19],[0:19],[0:19],[0:19],[0:19],[0:19],[0:19],[0:19],[0:19],[0:19],[0:19],[12:14],[0:19],[0:19],[0:19],[0:19],[0:19],[6:11],1
[0:19],[0:19],[0:19],[0:19],[0:19],[0:19],[0:19],[0:19],[0:19],[0:19],[0:19],[0:19],[0:19],[7:11],[0:19],[0:19],[0:19],[0:19],[0:19],[6:11],0
[0:19],[0:19],[0:19],[0:19],[0:19],[0:19],[0:19],[0:19],[0:19],[0:19],[0:19],[0:19],[0:19],[7:11],[0:19],[0:19],[0:19],[0:19],[0:19],[6:11],1
[0:19],[0:19],[0:19],[0:19],[0:19],[0:19],[0:19],[0:19],[0:19],[0:19],[0:19],[0:19],[0:19],[7:11],[0:19],[0:19],[0:19],[0:19],[0:19],[6:11],1
[0:19],[0:19],[0:19],[0:19],[0:19],[0:19],[0:19],[0:19],[0:19],[0:19],[0:19],[0:19],[0:19],[7:11],[0:19],[0:19],[0:19],[0:19],[0:19],[6:11],1
[0:19],[0:19],[0:19],[0:19],[0:19],[0:19],[0:19],[0:19],[0:19],[0:19],[0:19],[0:19],[0:19],[7:11],[0:19],[0:19],[0:19],[0:19],[0:19],[12:15],0
[0:19],[0:19],[0:19],[0:19],[0:19],[0:19],[0:19],[0:19],[0:19],[0:19],[0:19],[0:19],[0:19],[7:11],[0:19],[0:19],[0:19],[0:19],[0:19],[0:2],0
[0:19],[0:19],[0:19],[0:19],[0:19],[0:19],[0:19],[0:19],[0:19],[0:19],[0:19],[0:19],[0:19],[0:6],[0:19],[0:19],[0:19],[0:19],[0:19],[6:11],0
[0:19],[0:19],[0:19],[0:19],[0:19],[0:19],[0:19],[0:19],[0:19],[0:19],[0:19],[0:19],[0:19],[7:11],[0:19],[0:19],[0:19],[0:19],[0:19],[6:11],0
[0:19],[0:19],[0:19],[0:19],[0:19],[0:19],[0:19],[0:19],[0:19],[0:19],[0:19],[0:19],[0:19],[12:14],[0:19],[0:19],[0:19],[0:19],[0:19],[6:11],0
[0:19],[0:19],[0:19],[0:19],[0:19],[0:19],[0:19],[0:19],[0:19],[0:19],[0:19],[0:19],[0:19],[7:11],[0:19],[0:19],[0:19],[0:19],[0:19],[12:15],0
[0:19],[0:19],[0:19],[0:19],[0:19],[0:19],[0:19],[0:19],[0:19],[0:19],[0:19],[0:19],[0:19],[12:14],[0:19],[0:19],[0:19],[0:19],[0:19],[6:11],1
[0:19],[0:19],[0:19],[0:19],[0:19],[0:19],[0:19],[0:19],[0:19],[0:19],[0:19],[0:19],[0:19],[12:14],[0:19],[0:19],[0:19],[0:19],[0:19],[6:11],0
[0:19],[0:19],[0:19],[0:19],[0:19],[0:19],[0:19],[0:19],[0:19],[0:19],[0:19],[0:19],[0:19],[7:11],[0:19],[0:19],[0:19],[0:19],[0:19],[12:15],1
[0:19],[0:19],[0:19],[0:19],[0:19],[0:19],[0:19],[0:19],[0:19],[0:19],[0:19],[0:19],[0:19],[12:14],[0:19],[0:19],[0:19],[0:19],[0:19],[12:15],0
[0:19],[0:19],[0:19],[0:19],[0:19],[0:19],[0:19],[0:19],[0:19],[0:19],[0:19],[0:19],[0:19],[0:6],[0:19],[0:19],[0:19],[0:19],[0:19],[6:11],0
[0:19],[0:19],[0:19],[0:19],[0:19],[0:19],[0:19],[0:19],[0:19],[0:19],[0:19],[0:19],[0:19],[7:11],[0:19],[0:19],[0:19],[0:19],[0:19],[6:11],1
[0:19],[0:19],[0:19],[0:19],[0:19],[0:19],[0:19],[0:19],[0:19],[0:19],[0:19],[0:19],[0:19],[7:11],[0:19],[0:19],[0:19],[0:19],[0:19],[6:11],1
[0:19],[0:19],[0:19],[0:19],[0:19],[0:19],[0:19],[0:19],[0:19],[0:19],[0:19],[0:19],[0:19],[7:11],[0:19],[0:19],[0:19],[0:19],[0:19],[6:11],1
[0:19],[0:19],[0:19],[0:19],[0:19],[0:19],[0:19],[0:19],[0:19],[0:19],[0:19],[0:19],[0:19],[12:14],[0:19],[0:19],[0:19],[0:19],[0:19],[6:11],0
[0:19],[0:19],[0:19],[0:19],[0:19],[0:19],[0:19],[0:19],[0:19],[0:19],[0:19],[0:19],[0:19],[7:11],[0:19],[0:19],[0:19],[0:19],[0:19],[6:11],1
[0:19],[0:19],[0:19],[0:19],[0:19],[0:19],[0:19],[0:19],[0:19],[0:19],[0:19],[0:19],[0:19],[12:14],[0:19],[0:19],[0:19],[0:19],[0:19],[6:11],1
[0:19],[0:19],[0:19],[0:19],[0:19],[0:19],[0:19],[0:19],[0:19],[0:19],[0:19],[0:19],[0:19],[7:11],[0:19],[0:19],[0:19],[0:19],[0:19],[6:11],0
[0:19],[0:19],[0:19],[0:19],[0:19],[0:19],[0:19],[0:19],[0:19],[0:19],[0:19],[0:19],[0:19],[7:11],[0:19],[0:19],[0:19],[0:19],[0:19],[6:11],0
[0:19],[0:19],[0:19],[0:19],[0:19],[0:19],[0:19],[0:19],[0:19],[0:19],[0:19],[0:19],[0:19],[7:11],[0:19],[0:19],[0:19],[0:19],[0:19],[6:11],0
[0:19],[0:19],[0:19],[0:19],[0:19],[0:19],[0:19],[0:19],[0:19],[0:19],[0:19],[0:19],[0:19],[12:14],[0:19],[0:19],[0:19],[0:19],[0:19],[6:11],0
[0:19],[0:19],[0:19],[0:19],[0:19],[0:19],[0:19],[0:19],[0:19],[0:19],[0:19],[0:19],[0:19],[12:14],[0:19],[0:19],[0:19],[0:19],[0:19],[6:11],0
[0:19],[0:19],[0:19],[0:19],[0:19],[0:19],[0:19],[0:19],[0:19],[0:19],[0:19],[0:19],[0:19],[7:11],[0:19],[0:19],[0:19],[0:19],[0:19],[6:11],1
[0:19],[0:19],[0:19],[0:19],[0:19],[0:19],[0:19],[0:19],[0:19],[0:19],[0:19],[0:19],[0:19],[7:11],[0:19],[0:19],[0:19],[0:19],[0:19],[6:11],1
[0:19],[0:19],[0:19],[0:19],[0:19],[0:19],[0:19],[0:19],[0:19],[0:19],[0:19],[0:19],[0:19],[7:11],[0:19],[0:19],[0:19],[0:19],[0:19],[6:11],0
[0:19],[0:19],[0:19],[0:19],[0:19],[0:19],[0:19],[0:19],[0:19],[0:19],[0:19],[0:19],[0:19],[7:11],[0:19],[0:19],[0:19],[0:19],[0:19],[6:11],1
[0:19],[0:19],[0:19],[0:19],[0:19],[0:19],[0:19],[0:19],[0:19],[0:19],[0:19],[0:19],[0:19],[7:11],[0:19],[0:19],[0:19],[0:19],[0:19],[6:11],0
[0:19],[0:19],[0:19],[0:19],[0:19],[0:19],[0:19],[0:19],[0:19],[0:19],[0:19],[0:19],[0:19],[7:11],[0:19],[0:19],[0:19],[0:19],[0:19],[6:11],1
[0:19],[0:19],[0:19],[0:19],[0:19],[0:19],[0:19],[0:19],[0:19],[0:19],[0:19],[0:19],[0:19],[7:11],[0:19],[0:19],[0:19],[0:19],[0:19],[6:11],1
[0:19],[0:19],[0:19],[0:19],[0:19],[0:19],[0:19],[0:19],[0:19],[0:19],[0:19],[0:19],[0:19],[12:14],[0:19],[0:19],[0:19],[0:19],[0:19],[0:2],0
[0:19],[0:19],[0:19],[0:19],[0:19],[0:19],[0:19],[0:19],[0:19],[0:19],[0:19],[0:19],[0:19],[7:11],[0:19],[0:19],[0:19],[0:19],[0:19],[6:11],1
[0:19],[0:19],[0:19],[0:19],[0:19],[0:19],[0:19],[0:19],[0:19],[0:19],[0:19],[0:19],[0:19],[7:11],[0:19],[0:19],[0:19],[0:19],[0:19],[6:11],0
[0:19],[0:19],[0:19],[0:19],[0:19],[0:19],[0:19],[0:19],[0:19],[0:19],[0:19],[0:19],[0:19],[7:11],[0:19],[0:19],[0:19],[0:19],[0:19],[6:11],0
[0:19],[0:19],[0:19],[0:19],[0:19],[0:19],[0:19],[0:19],[0:19],[0:19],[0:19],[0:19],[0:19],[12:14],[0:19],[0:19],[0:19],[0:19],[0:19],[6:11],1
[0:19],[0:19],[0:19],[0:19],[0:19],[0:19],[0:19],[0:19],[0:19],[0:19],[0:19],[0:19],[0:19],[7:11],[0:19],[0:19],[0:19],[0:19],[0:19],[6:11],1
[0:19],[0:19],[0:19],[0:19],[0:19],[0:19],[0:19],[0:19],[0:19],[0:19],[0:19],[0:19],[0:19],[0:6],[0:19],[0:19],[0:19],[0:19],[0:19],[6:11],0
[0:19],[0:19],[0:19],[0:19],[0:19],[0:19],[0:19],[0:19],[0:19],[0:19],[0:19],[0:19],[0:19],[7:11],[0:19],[0:19],[0:19],[0:19],[0:19],[6:11],0
[0:19],[0:19],[0:19],[0:19],[0:19],[0:19],[0:19],[0:19],[0:19],[0:19],[0:19],[0:19],[0:19],[12:14],[0:19],[0:19],[0:19],[0:19],[0:19],[6:11],1
[0:19],[0:19],[0:19],[0:19],[0:19],[0:19],[0:19],[0:19],[0:19],[0:19],[0:19],[0:19],[0:19],[7:11],[0:19],[0:19],[0:19],[0:19],[0:19],[6:11],1
[0:19],[0:19],[0:19],[0:19],[0:19],[0:19],[0:19],[0:19],[0:19],[0:19],[0:19],[0:19],[0:19],[7:11],[0:19],[0:19],[0:19],[0:19],[0:19],[6:11],1
[0:19],[0:19],[0:19],[0:19],[0:19],[0:19],[0:19],[0:19],[0:19],[0:19],[0:19],[0:19],[0:19],[7:11],[0:19],[0:19],[0:19],[0:19],[0:19],[6:11],1
[0:19],[0:19],[0:19],[0:19],[0:19],[0:19],[0:19],[0:19],[0:19],[0:19],[0:19],[0:19],[0:19],[7:11],[0:19],[0:19],[0:19],[0:19],[0:19],[6:11],1
[0:19],[0:19],[0:19],[0:19],[0:19],[0:19],[0:19],[0:19],[0:19],[0:19],[0:19],[0:19],[0:19],[7:11],[0:19],[0:19],[0:19],[0:19],[0:19],[6:11],1
[0:19],[0:19],[0:19],[0:19],[0:19],[0:19],[0:19],[0:19],[0:19],[0:19],[0:19],[0:19],[0:19],[7:11],[0:19],[0:19],[0:19],[0:19],[0:19],[6:11],1
[0:19],[0:19],[0:19],[0:19],[0:19],[0:19],[0:19],[0:19],[0:19],[0:19],[0:19],[0:19],[0:19],[7:11],[0:19],[0:19],[0:19],[0:19],[0:19],[6:11],0
[0:19],[0:19],[0:19],[0:19],[0:19],[0:19],[0:19],[0:19],[0:19],[0:19],[0:19],[0:19],[0:19],[12:14],[0:19],[0:19],[0:19],[0:19],[0:19],[3:5],0
[0:19],[0:19],[0:19],[0:19],[0:19],[0:19],[0:19],[0:19],[0:19],[0:19],[0:19],[0:19],[0:19],[7:11],[0:19],[0:19],[0:19],[0:19],[0:19],[6:11],1
[0:19],[0:19],[0:19],[0:19],[0:19],[0:19],[0:19],[0:19],[0:19],[0:19],[0:19],[0:19],[0:19],[12:14],[0:19],[0:19],[0:19],[0:19],[0:19],[3:5],0
[0:19],[0:19],[0:19],[0:19],[0:19],[0:19],[0:19],[0:19],[0:19],[0:19],[0:19],[0:19],[0:19],[12:14],[0:19],[0:19],[0:19],[0:19],[0:19],[12:15],1
[0:19],[0:19],[0:19],[0:19],[0:19],[0:19],[0:19],[0:19],[0:19],[0:19],[0:19],[0:19],[0:19],[7:11],[0:19],[0:19],[0:19],[0:19],[0:19],[6:11],1
[0:19],[0:19],[0:19],[0:19],[0:19],[0:19],[0:19],[0:19],[0:19],[0:19],[0:19],[0:19],[0:19],[7:11],[0:19],[0:19],[0:19],[0:19],[0:19],[6:11],1
[0:19],[0:19],[0:19],[0:19],[0:19],[0:19],[0:19],[0:19],[0:19],[0:19],[0:19],[0:19],[0:19],[7:11],[0:19],[0:19],[0:19],[0:19],[0:19],[6:11],0
[0:19],[0:19],[0:19],[0:19],[0:19],[0:19],[0:19],[0:19],[0:19],[0:19],[0:19],[0:19],[0:19],[7:11],[0:19],[0:19],[0:19],[0:19],[0:19],[6:11],1
[0:19],[0:19],[0:19],[0:19],[0:19],[0:19],[0:19],[0:19],[0:19],[0:19],[0:19],[0:19],[0:19],[12:14],[0:19],[0:19],[0:19],[0:19],[0:19],[6:11],0
[0:19],[0:19],[0:19],[0:19],[0:19],[0:19],[0:19],[0:19],[0:19],[0:19],[0:19],[0:19],[0:19],[12:14],[0:19],[0:19],[0:19],[0:19],[0:19],[6:11],1
[0:19],[0:19],[0:19],[0:19],[0:19],[0:19],[0:19],[0:19],[0:19],[0:19],[0:19],[0:19],[0:19],[0:6],[0:19],[0:19],[0:19],[0:19],[0:19],[12:15],0
[0:19],[0:19],[0:19],[0:19],[0:19],[0:19],[0:19],[0:19],[0:19],[0:19],[0:19],[0:19],[0:19],[7:11],[0:19],[0:19],[0:19],[0:19],[0:19],[6:11],0
[0:19],[0:19],[0:19],[0:19],[0:19],[0:19],[0:19],[0:19],[0:19],[0:19],[0:19],[0:19],[0:19],[7:11],[0:19],[0:19],[0:19],[0:19],[0:19],[6:11],1
[0:19],[0:19],[0:19],[0:19],[0:19],[0:19],[0:19],[0:19],[0:19],[0:19],[0:19],[0:19],[0:19],[7:11],[0:19],[0:19],[0:19],[0:19],[0:19],[6:11],0
[0:19],[0:19],[0:19],[0:19],[0:19],[0:19],[0:19],[0:19],[0:19],[0:19],[0:19],[0:19],[0:19],[7:11],[0:19],[0:19],[0:19],[0:19],[0:19],[6:11],1
[0:19],[0:19],[0:19],[0:19],[0:19],[0:19],[0:19],[0:19],[0:19],[0:19],[0:19],[0:19],[0:19],[7:11],[0:19],[0:19],[0:19],[0:19],[0:19],[6:11],0
[0:19],[0:19],[0:19],[0:19],[0:19],[0:19],[0:19],[0:19],[0:19],[0:19],[0:19],[0:19],[0:19],[7:11],[0:19],[0:19],[0:19],[0:19],[0:19],[6:11],0
[0:19],[0:19],[0:19],[0:19],[0:19],[0:19],[0:19],[0:19],[0:19],[0:19],[0:19],[0:19],[0:19],[7:11],[0:19],[0:19],[0:19],[0:19],[0:19],[6:11],0
[0:19],[0:19],[0:19],[0:19],[0:19],[0:19],[0:19],[0:19],[0:19],[0:19],[0:19],[0:19],[0:19],[7:11],[0:19],[0:19],[0:19],[0:19],[0:19],[6:11],1
[0:19],[0:19],[0:19],[0:19],[0:19],[0:19],[0:19],[0:19],[0:19],[0:19],[0:19],[0:19],[0:19],[7:11],[0:19],[0:19],[0:19],[0:19],[0:19],[6:11],0
[0:19],[0:19],[0:19],[0:19],[0:19],[0:19],[0:19],[0:19],[0:19],[0:19],[0:19],[0:19],[0:19],[0:6],[0:19],[0:19],[0:19],[0:19],[0:19],[6:11],0
[0:19],[0:19],[0:19],[0:19],[0:19],[0:19],[0:19],[0:19],[0:19],[0:19],[0:19],[0:19],[0:19],[7:11],[0:19],[0:19],[0:19],[0:19],[0:19],[3:5],0
[0:19],[0:19],[0:19],[0:19],[0:19],[0:19],[0:19],[0:19],[0:19],[0:19],[0:19],[0:19],[0:19],[7:11],[0:19],[0:19],[0:19],[0:19],[0:19],[6:11],1
[0:19],[0:19],[0:19],[0:19],[0:19],[0:19],[0:19],[0:19],[0:19],[0:19],[0:19],[0:19],[0:19],[12:14],[0:19],[0:19],[0:19],[0:19],[0:19],[12:15],0
[0:19],[0:19],[0:19],[0:19],[0:19],[0:19],[0:19],[0:19],[0:19],[0:19],[0:19],[0:19],[0:19],[7:11],[0:19],[0:19],[0:19],[0:19],[0:19],[6:11],1
[0:19],[0:19],[0:19],[0:19],[0:19],[0:19],[0:19],[0:19],[0:19],[0:19],[0:19],[0:19],[0:19],[7:11],[0:19],[0:19],[0:19],[0:19],[0:19],[6:11],1
[0:19],[0:19],[0:19],[0:19],[0:19],[0:19],[0:19],[0:19],[0:19],[0:19],[0:19],[0:19],[0:19],[7:11],[0:19],[0:19],[0:19],[0:19],[0:19],[6:11],1
[0:19],[0:19],[0:19],[0:19],[0:19],[0:19],[0:19],[0:19],[0:19],[0:19],[0:19],[0:19],[0:19],[0:6],[0:19],[0:19],[0:19],[0:19],[0:19],[6:11],0
[0:19],[0:19],[0:19],[0:19],[0:19],[0:19],[0:19],[0:19],[0:19],[0:19],[0:19],[0:19],[0:19],[12:14],[0:19],[0:19],[0:19],[0:19],[0:19],[6:11],0
[0:19],[0:19],[0:19],[0:19],[0:19],[0:19],[0:19],[0:19],[0:19],[0:19],[0:19],[0:19],[0:19],[7:11],[0:19],[0:19],[0:19],[0:19],[0:19],[6:11],1
[0:19],[0:19],[0:19],[0:19],[0:19],[0:19],[0:19],[0:19],[0:19],[0:19],[0:19],[0:19],[0:19],[12:14],[0:19],[0:19],[0:19],[0:19],[0:19],[12:15],0
[0:19],[0:19],[0:19],[0:19],[0:19],[0:19],[0:19],[0:19],[0:19],[0:19],[0:19],[0:19],[0:19],[7:11],[0:19],[0:19],[0:19],[0:19],[0:19],[6:11],0
[0:19],[0:19],[0:19],[0:19],[0:19],[0:19],[0:19],[0:19],[0:19],[0:19],[0:19],[0:19],[0:19],[7:11],[0:19],[0:19],[0:19],[0:19],[0:19],[6:11],1
[0:19],[0:19],[0:19],[0:19],[0:19],[0:19],[0:19],[0:19],[0:19],[0:19],[0:19],[0:19],[0:19],[7:11],[0:19],[0:19],[0:19],[0:19],[0:19],[6:11],0
[0:19],[0:19],[0:19],[0:19],[0:19],[0:19],[0:19],[0:19],[0:19],[0:19],[0:19],[0:19],[0:19],[7:11],[0:19],[0:19],[0:19],[0:19],[0:19],[6:11],1
[0:19],[0:19],[0:19],[0:19],[0:19],[0:19],[0:19],[0:19],[0:19],[0:19],[0:19],[0:19],[0:19],[7:11],[0:19],[0:19],[0:19],[0:19],[0:19],[6:11],0
[0:19],[0:19],[0:19],[0:19],[0:19],[0:19],[0:19],[0:19],[0:19],[0:19],[0:19],[0:19],[0:19],[7:11],[0:19],[0:19],[0:19],[0:19],[0:19],[6:11],0
[0:19],[0:19],[0:19],[0:19],[0:19],[0:19],[0:19],[0:19],[0:19],[0:19],[0:19],[0:19],[0:19],[7:11],[0:19],[0:19],[0:19],[0:19],[0:19],[6:11],1
[0:19],[0:19],[0:19],[0:19],[0:19],[0:19],[0:19],[0:19],[0:19],[0:19],[0:19],[0:19],[0:19],[12:14],[0:19],[0:19],[0:19],[0:19],[0:19],[6:11],1
[0:19],[0:19],[0:19],[0:19],[0:19],[0:19],[0:19],[0:19],[0:19],[0:19],[0:19],[0:19],[0:19],[7:11],[0:19],[0:19],[0:19],[0:19],[0:19],[6:11],1
[0:19],[0:19],[0:19],[0:19],[0:19],[0:19],[0:19],[0:19],[0:19],[0:19],[0:19],[0:19],[0:19],[7:11],[0:19],[0:19],[0:19],[0:19],[0:19],[6:11],0
[0:19],[0:19],[0:19],[0:19],[0:19],[0:19],[0:19],[0:19],[0:19],[0:19],[0:19],[0:19],[0:19],[7:11],[0:19],[0:19],[0:19],[0:19],[0:19],[12:15],0
[0:19],[0:19],[0:19],[0:19],[0:19],[0:19],[0:19],[0:19],[0:19],[0:19],[0:19],[0:19],[0:19],[7:11],[0:19],[0:19],[0:19],[0:19],[0:19],[6:11],0
[0:19],[0:19],[0:19],[0:19],[0:19],[0:19],[0:19],[0:19],[0:19],[0:19],[0:19],[0:19],[0:19],[7:11],[0:19],[0:19],[0:19],[0:19],[0:19],[6:11],1
[0:19],[0:19],[0:19],[0:19],[0:19],[0:19],[0:19],[0:19],[0:19],[0:19],[0:19],[0:19],[0:19],[7:11],[0:19],[0:19],[0:19],[0:19],[0:19],[6:11],1
[0:19],[0:19],[0:19],[0:19],[0:19],[0:19],[0:19],[0:19],[0:19],[0:19],[0:19],[0:19],[0:19],[7:11],[0:19],[0:19],[0:19],[0:19],[0:19],[6:11],0
[0:19],[0:19],[0:19],[0:19],[0:19],[0:19],[0:19],[0:19],[0:19],[0:19],[0:19],[0:19],[0:19],[7:11],[0:19],[0:19],[0:19],[0:19],[0:19],[6:11],1
[0:19],[0:19],[0:19],[0:19],[0:19],[0:19],[0:19],[0:19],[0:19],[0:19],[0:19],[0:19],[0:19],[7:11],[0:19],[0:19],[0:19],[0:19],[0:19],[6:11],0
[0:19],[0:19],[0:19],[0:19],[0:19],[0:19],[0:19],[0:19],[0:19],[0:19],[0:19],[0:19],[0:19],[0:6],[0:19],[0:19],[0:19],[0:19],[0:19],[3:5],0
[0:19],[0:19],[0:19],[0:19],[0:19],[0:19],[0:19],[0:19],[0:19],[0:19],[0:19],[0:19],[0:19],[7:11],[0:19],[0:19],[0:19],[0:19],[0:19],[6:11],1
[0:19],[0:19],[0:19],[0:19],[0:19],[0:19],[0:19],[0:19],[0:19],[0:19],[0:19],[0:19],[0:19],[7:11],[0:19],[0:19],[0:19],[0:19],[0:19],[6:11],1
[0:19],[0:19],[0:19],[0:19],[0:19],[0:19],[0:19],[0:19],[0:19],[0:19],[0:19],[0:19],[0:19],[7:11],[0:19],[0:19],[0:19],[0:19],[0:19],[3:5],0
[0:19],[0:19],[0:19],[0:19],[0:19],[0:19],[0:19],[0:19],[0:19],[0:19],[0:19],[0:19],[0:19],[12:14],[0:19],[0:19],[0:19],[0:19],[0:19],[6:11],1
[0:19],[0:19],[0:19],[0:19],[0:19],[0:19],[0:19],[0:19],[0:19],[0:19],[0:19],[0:19],[0:19],[12:14],[0:19],[0:19],[0:19],[0:19],[0:19],[6:11],0
[0:19],[0:19],[0:19],[0:19],[0:19],[0:19],[0:19],[0:19],[0:19],[0:19],[0:19],[0:19],[0:19],[7:11],[0:19],[0:19],[0:19],[0:19],[0:19],[6:11],1
[0:19],[0:19],[0:19],[0:19],[0:19],[0:19],[0:19],[0:19],[0:19],[0:19],[0:19],[0:19],[0:19],[0:6],[0:19],[0:19],[0:19],[0:19],[0:19],[6:11],0
[0:19],[0:19],[0:19],[0:19],[0:19],[0:19],[0:19],[0:19],[0:19],[0:19],[0:19],[0:19],[0:19],[7:11],[0:19],[0:19],[0:19],[0:19],[0:19],[6:11],1
[0:19],[0:19],[0:19],[0:19],[0:19],[0:19],[0:19],[0:19],[0:19],[0:19],[0:19],[0:19],[0:19],[7:11],[0:19],[0:19],[0:19],[0:19],[0:19],[6:11],1
[0:19],[0:19],[0:19],[0:19],[0:19],[0:19],[0:19],[0:19],[0:19],[0:19],[0:19],[0:19],[0:19],[0:6],[0:19],[0:19],[0:19],[0:19],[0:19],[6:11],0
[0:19],[0:19],[0:19],[0:19],[0:19],[0:19],[0:19],[0:19],[0:19],[0:19],[0:19],[0:19],[0:19],[12:14],[0:19],[0:19],[0:19],[0:19],[0:19],[6:11],1
[0:19],[0:19],[0:19],[0:19],[0:19],[0:19],[0:19],[0:19],[0:19],[0:19],[0:19],[0:19],[0:19],[7:11],[0:19],[0:19],[0:19],[0:19],[0:19],[6:11],1
[0:19],[0:19],[0:19],[0:19],[0:19],[0:19],[0:19],[0:19],[0:19],[0:19],[0:19],[0:19],[0:19],[7:11],[0:19],[0:19],[0:19],[0:19],[0:19],[6:11],1
[0:19],[0:19],[0:19],[0:19],[0:19],[0:19],[0:19],[0:19],[0:19],[0:19],[0:19],[0:19],[0:19],[7:11],[0:19],[0:19],[0:19],[0:19],[0:19],[12:15],0
[0:19],[0:19],[0:19],[0:19],[0:19],[0:19],[0:19],[0:19],[0:19],[0:19],[0:19],[0:19],[0:19],[7:11],[0:19],[0:19],[0:19],[0:19],[0:19],[6:11],0
[0:19],[0:19],[0:19],[0:19],[0:19],[0:19],[0:19],[0:19],[0:19],[0:19],[0:19],[0:19],[0:19],[7:11],[0:19],[0:19],[0:19],[0:19],[0:19],[6:11],1
[0:19],[0:19],[0:19],[0:19],[0:19],[0:19],[0:19],[0:19],[0:19],[0:19],[0:19],[0:19],[0:19],[12:14],[0:19],[0:19],[0:19],[0:19],[0:19],[6:11],0
[0:19],[0:19],[0:19],[0:19],[0:19],[0:19],[0:19],[0:19],[0:19],[0:19],[0:19],[0:19],[0:19],[12:14],[0:19],[0:19],[0:19],[0:19],[0:19],[6:11],1
[0:19],[0:19],[0:19],[0:19],[0:19],[0:19],[0:19],[0:19],[0:19],[0:19],[0:19],[0:19],[0:19],[7:11],[0:19],[0:19],[0:19],[0:19],[0:19],[6:11],0
[0:19],[0:19],[0:19],[0:19],[0:19],[0:19],[0:19],[0:19],[0:19],[0:19],[0:19],[0:19],[0:19],[7:11],[0:19],[0:19],[0:19],[0:19],[0:19],[6:11],1
[0:19],[0:19],[0:19],[0:19],[0:19],[0:19],[0:19],[0:19],[0:19],[0:19],[0:19],[0:19],[0:19],[7:11],[0:19],[0:19],[0:19],[0:19],[0:19],[12:15],1
[0:19],[0:19],[0:19],[0:19],[0:19],[0:19],[0:19],[0:19],[0:19],[0:19],[0:19],[0:19],[0:19],[7:11],[0:19],[0:19],[0:19],[0:19],[0:19],[6:11],0
[0:19],[0:19],[0:19],[0:19],[0:19],[0:19],[0:19],[0:19],[0:19],[0:19],[0:19],[0:19],[0:19],[12:14],[0:19],[0:19],[0:19],[0:19],[0:19],[12:15],1
[0:19],[0:19],[0:19],[0:19],[0:19],[0:19],[0:19],[0:19],[0:19],[0:19],[0:19],[0:19],[0:19],[15:19],[0:19],[0:19],[0:19],[0:19],[0:19],[6:11],0
[0:19],[0:19],[0:19],[0:19],[0:19],[0:19],[0:19],[0:19],[0:19],[0:19],[0:19],[0:19],[0:19],[7:11],[0:19],[0:19],[0:19],[0:19],[0:19],[6:11],1
[0:19],[0:19],[0:19],[0:19],[0:19],[0:19],[0:19],[0:19],[0:19],[0:19],[0:19],[0:19],[0:19],[7:11],[0:19],[0:19],[0:19],[0:19],[0:19],[6:11],1
[0:19],[0:19],[0:19],[0:19],[0:19],[0:19],[0:19],[0:19],[0:19],[0:19],[0:19],[0:19],[0:19],[7:11],[0:19],[0:19],[0:19],[0:19],[0:19],[6:11],1
[0:19],[0:19],[0:19],[0:19],[0:19],[0:19],[0:19],[0:19],[0:19],[0:19],[0:19],[0:19],[0:19],[12:14],[0:19],[0:19],[0:19],[0:19],[0:19],[6:11],0
[0:19],[0:19],[0:19],[0:19],[0:19],[0:19],[0:19],[0:19],[0:19],[0:19],[0:19],[0:19],[0:19],[7:11],[0:19],[0:19],[0:19],[0:19],[0:19],[6:11],1
[0:19],[0:19],[0:19],[0:19],[0:19],[0:19],[0:19],[0:19],[0:19],[0:19],[0:19],[0:19],[0:19],[0:6],[0:19],[0:19],[0:19],[0:19],[0:19],[6:11],0
[0:19],[0:19],[0:19],[0:19],[0:19],[0:19],[0:19],[0:19],[0:19],[0:19],[0:19],[0:19],[0:19],[7:11],[0:19],[0:19],[0:19],[0:19],[0:19],[6:11],1
[0:19],[0:19],[0:19],[0:19],[0:19],[0:19],[0:19],[0:19],[0:19],[0:19],[0:19],[0:19],[0:19],[12:14],[0:19],[0:19],[0:19],[0:19],[0:19],[6:11],1
[0:19],[0:19],[0:19],[0:19],[0:19],[0:19],[0:19],[0:19],[0:19],[0:19],[0:19],[0:19],[0:19],[12:14],[0:19],[0:19],[0:19],[0:19],[0:19],[6:11],0
[0:19],[0:19],[0:19],[0:19],[0:19],[0:19],[0:19],[0:19],[0:19],[0:19],[0:19],[0:19],[0:19],[0:6],[0:19],[0:19],[0:19],[0:19],[0:19],[3:5],0
[0:19],[0:19],[0:19],[0:19],[0:19],[0:19],[0:19],[0:19],[0:19],[0:19],[0:19],[0:19],[0:19],[12:14],[0:19],[0:19],[0:19],[0:19],[0:19],[6:11],1
[0:19],[0:19],[0:19],[0:19],[0:19],[0:19],[0:19],[0:19],[0:19],[0:19],[0:19],[0:19],[0:19],[7:11],[0:19],[0:19],[0:19],[0:19],[0:19],[6:11],1
[0:19],[0:19],[0:19],[0:19],[0:19],[0:19],[0:19],[0:19],[0:19],[0:19],[0:19],[0:19],[0:19],[7:11],[0:19],[0:19],[0:19],[0:19],[0:19],[12:15],1
[0:19],[0:19],[0:19],[0:19],[0:19],[0:19],[0:19],[0:19],[0:19],[0:19],[0:19],[0:19],[0:19],[7:11],[0:19],[0:19],[0:19],[0:19],[0:19],[6:11],0
[0:19],[0:19],[0:19],[0:19],[0:19],[0:19],[0:19],[0:19],[0:19],[0:19],[0:19],[0:19],[0:19],[0:6],[0:19],[0:19],[0:19],[0:19],[0:19],[6:11],0
[0:19],[0:19],[0:19],[0:19],[0:19],[0:19],[0:19],[0:19],[0:19],[0:19],[0:19],[0:19],[0:19],[7:11],[0:19],[0:19],[0:19],[0:19],[0:19],[6:11],1
[0:19],[0:19],[0:19],[0:19],[0:19],[0:19],[0:19],[0:19],[0:19],[0:19],[0:19],[0:19],[0:19],[7:11],[0:19],[0:19],[0:19],[0:19],[0:19],[12:15],0
[0:19],[0:19],[0:19],[0:19],[0:19],[0:19],[0:19],[0:19],[0:19],[0:19],[0:19],[0:19],[0:19],[7:11],[0:19],[0:19],[0:19],[0:19],[0:19],[3:5],0
[0:19],[0:19],[0:19],[0:19],[0:19],[0:19],[0:19],[0:19],[0:19],[0:19],[0:19],[0:19],[0:19],[7:11],[0:19],[0:19],[0:19],[0:19],[0:19],[6:11],1
[0:19],[0:19],[0:19],[0:19],[0:19],[0:19],[0:19],[0:19],[0:19],[0:19],[0:19],[0:19],[0:19],[7:11],[0:19],[0:19],[0:19],[0:19],[0:19],[6:11],0
[0:19],[0:19],[0:19],[0:19],[0:19],[0:19],[0:19],[0:19],[0:19],[0:19],[0:19],[0:19],[0:19],[7:11],[0:19],[0:19],[0:19],[0:19],[0:19],[6:11],1
[0:19],[0:19],[0:19],[0:19],[0:19],[0:19],[0:19],[0:19],[0:19],[0:19],[0:19],[0:19],[0:19],[0:6],[0:19],[0:19],[0:19],[0:19],[0:19],[6:11],0
[0:19],[0:19],[0:19],[0:19],[0:19],[0:19],[0:19],[0:19],[0:19],[0:19],[0:19],[0:19],[0:19],[7:11],[0:19],[0:19],[0:19],[0:19],[0:19],[6:11],1
[0:19],[0:19],[0:19],[0:19],[0:19],[0:19],[0:19],[0:19],[0:19],[0:19],[0:19],[0:19],[0:19],[0:6],[0:19],[0:19],[0:19],[0:19],[0:19],[6:11],0
[0:19],[0:19],[0:19],[0:19],[0:19],[0:19],[0:19],[0:19],[0:19],[0:19],[0:19],[0:19],[0:19],[7:11],[0:19],[0:19],[0:19],[0:19],[0:19],[6:11],1
[0:19],[0:19],[0:19],[0:19],[0:19],[0:19],[0:19],[0:19],[0:19],[0:19],[0:19],[0:19],[0:19],[7:11],[0:19],[0:19],[0:19],[0:19],[0:19],[6:11],1
[0:19],[0:19],[0:19],[0:19],[0:19],[0:19],[0:19],[0:19],[0:19],[0:19],[0:19],[0:19],[0:19],[7:11],[0:19],[0:19],[0:19],[0:19],[0:19],[6:11],0
[0:19],[0:19],[0:19],[0:19],[0:19],[0:19],[0:19],[0:19],[0:19],[0:19],[0:19],[0:19],[0:19],[7:11],[0:19],[0:19],[0:19],[0:19],[0:19],[6:11],1
[0:19],[0:19],[0:19],[0:19],[0:19],[0:19],[0:19],[0:19],[0:19],[0:19],[0:19],[0:19],[0:19],[7:11],[0:19],[0:19],[0:19],[0:19],[0:19],[6:11],0
[0:19],[0:19],[0:19],[0:19],[0:19],[0:19],[0:19],[0:19],[0:19],[0:19],[0:19],[0:19],[0:19],[7:11],[0:19],[0:19],[0:19],[0:19],[0:19],[6:11],0
[0:19],[0:19],[0:19],[0:19],[0:19],[0:19],[0:19],[0:19],[0:19],[0:19],[0:19],[0:19],[0:19],[7:11],[0:19],[0:19],[0:19],[0:19],[0:19],[6:11],0
[0:19],[0:19],[0:19],[0:19],[0:19],[0:19],[0:19],[0:19],[0:19],[0:19],[0:19],[0:19],[0:19],[7:11],[0:19],[0:19],[0:19],[0:19],[0:19],[6:11],0
[0:19],[0:19],[0:19],[0:19],[0:19],[0:19],[0:19],[0:19],[0:19],[0:19],[0:19],[0:19],[0:19],[12:14],[0:19],[0:19],[0:19],[0:19],[0:19],[6:11],1
[0:19],[0:19],[0:19],[0:19],[0:19],[0:19],[0:19],[0:19],[0:19],[0:19],[0:19],[0:19],[0:19],[7:11],[0:19],[0:19],[0:19],[0:19],[0:19],[6:11],0
[0:19],[0:19],[0:19],[0:19],[0:19],[0:19],[0:19],[0:19],[0:19],[0:19],[0:19],[0:19],[0:19],[12:14],[0:19],[0:19],[0:19],[0:19],[0:19],[6:11],0
[0:19],[0:19],[0:19],[0:19],[0:19],[0:19],[0:19],[0:19],[0:19],[0:19],[0:19],[0:19],[0:19],[7:11],[0:19],[0:19],[0:19],[0:19],[0:19],[6:11],1
[0:19],[0:19],[0:19],[0:19],[0:19],[0:19],[0:19],[0:19],[0:19],[0:19],[0:19],[0:19],[0:19],[7:11],[0:19],[0:19],[0:19],[0:19],[0:19],[6:11],1
[0:19],[0:19],[0:19],[0:19],[0:19],[0:19],[0:19],[0:19],[0:19],[0:19],[0:19],[0:19],[0:19],[7:11],[0:19],[0:19],[0:19],[0:19],[0:19],[6:11],1
[0:19],[0:19],[0:19],[0:19],[0:19],[0:19],[0:19],[0:19],[0:19],[0:19],[0:19],[0:19],[0:19],[7:11],[0:19],[0:19],[0:19],[0:19],[0:19],[6:11],1
[0:19],[0:19],[0:19],[0:19],[0:19],[0:19],[0:19],[0:19],[0:19],[0:19],[0:19],[0:19],[0:19],[7:11],[0:19],[0:19],[0:19],[0:19],[0:19],[6:11],0
[0:19],[0:19],[0:19],[0:19],[0:19],[0:19],[0:19],[0:19],[0:19],[0:19],[0:19],[0:19],[0:19],[7:11],[0:19],[0:19],[0:19],[0:19],[0:19],[12:15],1
[0:19],[0:19],[0:19],[0:19],[0:19],[0:19],[0:19],[0:19],[0:19],[0:19],[0:19],[0:19],[0:19],[12:14],[0:19],[0:19],[0:19],[0:19],[0:19],[12:15],1
[0:19],[0:19],[0:19],[0:19],[0:19],[0:19],[0:19],[0:19],[0:19],[0:19],[0:19],[0:19],[0:19],[7:11],[0:19],[0:19],[0:19],[0:19],[0:19],[6:11],0
[0:19],[0:19],[0:19],[0:19],[0:19],[0:19],[0:19],[0:19],[0:19],[0:19],[0:19],[0:19],[0:19],[7:11],[0:19],[0:19],[0:19],[0:19],[0:19],[6:11],1
[0:19],[0:19],[0:19],[0:19],[0:19],[0:19],[0:19],[0:19],[0:19],[0:19],[0:19],[0:19],[0:19],[7:11],[0:19],[0:19],[0:19],[0:19],[0:19],[3:5],0
[0:19],[0:19],[0:19],[0:19],[0:19],[0:19],[0:19],[0:19],[0:19],[0:19],[0:19],[0:19],[0:19],[7:11],[0:19],[0:19],[0:19],[0:19],[0:19],[6:11],1
[0:19],[0:19],[0:19],[0:19],[0:19],[0:19],[0:19],[0:19],[0:19],[0:19],[0:19],[0:19],[0:19],[7:11],[0:19],[0:19],[0:19],[0:19],[0:19],[12:15],0
[0:19],[0:19],[0:19],[0:19],[0:19],[0:19],[0:19],[0:19],[0:19],[0:19],[0:19],[0:19],[0:19],[7:11],[0:19],[0:19],[0:19],[0:19],[0:19],[6:11],1
[0:19],[0:19],[0:19],[0:19],[0:19],[0:19],[0:19],[0:19],[0:19],[0:19],[0:19],[0:19],[0:19],[7:11],[0:19],[0:19],[0:19],[0:19],[0:19],[6:11],1
[0:19],[0:19],[0:19],[0:19],[0:19],[0:19],[0:19],[0:19],[0:19],[0:19],[0:19],[0:19],[0:19],[0:6],[0:19],[0:19],[0:19],[0:19],[0:19],[12:15],0
[0:19],[0:19],[0:19],[0:19],[0:19],[0:19],[0:19],[0:19],[0:19],[0:19],[0:19],[0:19],[0:19],[7:11],[0:19],[0:19],[0:19],[0:19],[0:19],[6:11],0
[0:19],[0:19],[0:19],[0:19],[0:19],[0:19],[0:19],[0:19],[0:19],[0:19],[0:19],[0:19],[0:19],[7:11],[0:19],[0:19],[0:19],[0:19],[0:19],[6:11],1
[0:19],[0:19],[0:19],[0:19],[0:19],[0:19],[0:19],[0:19],[0:19],[0:19],[0:19],[0:19],[0:19],[7:11],[0:19],[0:19],[0:19],[0:19],[0:19],[6:11],0
[0:19],[0:19],[0:19],[0:19],[0:19],[0:19],[0:19],[0:19],[0:19],[0:19],[0:19],[0:19],[0:19],[7:11],[0:19],[0:19],[0:19],[0:19],[0:19],[6:11],1
[0:19],[0:19],[0:19],[0:19],[0:19],[0:19],[0:19],[0:19],[0:19],[0:19],[0:19],[0:19],[0:19],[7:11],[0:19],[0:19],[0:19],[0:19],[0:19],[6:11],0
[0:19],[0:19],[0:19],[0:19],[0:19],[0:19],[0:19],[0:19],[0:19],[0:19],[0:19],[0:19],[0:19],[7:11],[0:19],[0:19],[0:19],[0:19],[0:19],[6:11],0
[0:19],[0:19],[0:19],[0:19],[0:19],[0:19],[0:19],[0:19],[0:19],[0:19],[0:19],[0:19],[0:19],[12:14],[0:19],[0:19],[0:19],[0:19],[0:19],[6:11],1
[0:19],[0:19],[0:19],[0:19],[0:19],[0:19],[0:19],[0:19],[0:19],[0:19],[0:19],[0:19],[0:19],[7:11],[0:19],[0:19],[0:19],[0:19],[0:19],[6:11],1
[0:19],[0:19],[0:19],[0:19],[0:19],[0:19],[0:19],[0:19],[0:19],[0:19],[0:19],[0:19],[0:19],[7:11],[0:19],[0:19],[0:19],[0:19],[0:19],[6:11],0
[0:19],[0:19],[0:19],[0:19],[0:19],[0:19],[0:19],[0:19],[0:19],[0:19],[0:19],[0:19],[0:19],[0:6],[0:19],[0:19],[0:19],[0:19],[0:19],[6:11],0
[0:19],[0:19],[0:19],[0:19],[0:19],[0:19],[0:19],[0:19],[0:19],[0:19],[0:19],[0:19],[0:19],[7:11],[0:19],[0:19],[0:19],[0:19],[0:19],[6:11],0
[0:19],[0:19],[0:19],[0:19],[0:19],[0:19],[0:19],[0:19],[0:19],[0:19],[0:19],[0:19],[0:19],[7:11],[0:19],[0:19],[0:19],[0:19],[0:19],[6:11],1
[0:19],[0:19],[0:19],[0:19],[0:19],[0:19],[0:19],[0:19],[0:19],[0:19],[0:19],[0:19],[0:19],[7:11],[0:19],[0:19],[0:19],[0:19],[0:19],[6:11],0
[0:19],[0:19],[0:19],[0:19],[0:19],[0:19],[0:19],[0:19],[0:19],[0:19],[0:19],[0:19],[0:19],[7:11],[0:19],[0:19],[0:19],[0:19],[0:19],[6:11],1
[0:19],[0:19],[0:19],[0:19],[0:19],[0:19],[0:19],[0:19],[0:19],[0:19],[0:19],[0:19],[0:19],[7:11],[0:19],[0:19],[0:19],[0:19],[0:19],[12:15],0
[0:19],[0:19],[0:19],[0:19],[0:19],[0:19],[0:19],[0:19],[0:19],[0:19],[0:19],[0:19],[0:19],[7:11],[0:19],[0:19],[0:19],[0:19],[0:19],[12:15],1
[0:19],[0:19],[0:19],[0:19],[0:19],[0:19],[0:19],[0:19],[0:19],[0:19],[0:19],[0:19],[0:19],[7:11],[0:19],[0:19],[0:19],[0:19],[0:19],[6:11],1
[0:19],[0:19],[0:19],[0:19],[0:19],[0:19],[0:19],[0:19],[0:19],[0:19],[0:19],[0:19],[0:19],[0:6],[0:19],[0:19],[0:19],[0:19],[0:19],[6:11],0
[0:19],[0:19],[0:19],[0:19],[0:19],[0:19],[0:19],[0:19],[0:19],[0:19],[0:19],[0:19],[0:19],[12:14],[0:19],[0:19],[0:19],[0:19],[0:19],[6:11],1
[0:19],[0:19],[0:19],[0:19],[0:19],[0:19],[0:19],[0:19],[0:19],[0:19],[0:19],[0:19],[0:19],[7:11],[0:19],[0:19],[0:19],[0:19],[0:19],[6:11],1
[0:19],[0:19],[0:19],[0:19],[0:19],[0:19],[0:19],[0:19],[0:19],[0:19],[0:19],[0:19],[0:19],[7:11],[0:19],[0:19],[0:19],[0:19],[0:19],[6:11],0
[0:19],[0:19],[0:19],[0:19],[0:19],[0:19],[0:19],[0:19],[0:19],[0:19],[0:19],[0:19],[0:19],[7:11],[0:19],[0:19],[0:19],[0:19],[0:19],[6:11],1
[0:19],[0:19],[0:19],[0:19],[0:19],[0:19],[0:19],[0:19],[0:19],[0:19],[0:19],[0:19],[0:19],[7:11],[0:19],[0:19],[0:19],[0:19],[0:19],[6:11],1
[0:19],[0:19],[0:19],[0:19],[0:19],[0:19],[0:19],[0:19],[0:19],[0:19],[0:19],[0:19],[0:19],[12:14],[0:19],[0:19],[0:19],[0:19],[0:19],[6:11],0
[0:19],[0:19],[0:19],[0:19],[0:19],[0:19],[0:19],[0:19],[0:19],[0:19],[0:19],[0:19],[0:19],[12:14],[0:19],[0:19],[0:19],[0:19],[0:19],[6:11],1
[0:19],[0:19],[0:19],[0:19],[0:19],[0:19],[0:19],[0:19],[0:19],[0:19],[0:19],[0:19],[0:19],[7:11],[0:19],[0:19],[0:19],[0:19],[0:19],[12:15],1
[0:19],[0:19],[0:19],[0:19],[0:19],[0:19],[0:19],[0:19],[0:19],[0:19],[0:19],[0:19],[0:19],[7:11],[0:19],[0:19],[0:19],[0:19],[0:19],[6:11],1
[0:19],[0:19],[0:19],[0:19],[0:19],[0:19],[0:19],[0:19],[0:19],[0:19],[0:19],[0:19],[0:19],[7:11],[0:19],[0:19],[0:19],[0:19],[0:19],[12:15],1
[0:19],[0:19],[0:19],[0:19],[0:19],[0:19],[0:19],[0:19],[0:19],[0:19],[0:19],[0:19],[0:19],[12:14],[0:19],[0:19],[0:19],[0:19],[0:19],[6:11],1
[0:19],[0:19],[0:19],[0:19],[0:19],[0:19],[0:19],[0:19],[0:19],[0:19],[0:19],[0:19],[0:19],[12:14],[0:19],[0:19],[0:19],[0:19],[0:19],[6:11],1
[0:19],[0:19],[0:19],[0:19],[0:19],[0:19],[0:19],[0:19],[0:19],[0:19],[0:19],[0:19],[0:19],[12:14],[0:19],[0:19],[0:19],[0:19],[0:19],[6:11],0
[0:19],[0:19],[0:19],[0:19],[0:19],[0:19],[0:19],[0:19],[0:19],[0:19],[0:19],[0:19],[0:19],[12:14],[0:19],[0:19],[0:19],[0:19],[0:19],[6:11],0
[0:19],[0:19],[0:19],[0:19],[0:19],[0:19],[0:19],[0:19],[0:19],[0:19],[0:19],[0:19],[0:19],[7:11],[0:19],[0:19],[0:19],[0:19],[0:19],[12:15],1
[0:19],[0:19],[0:19],[0:19],[0:19],[0:19],[0:19],[0:19],[0:19],[0:19],[0:19],[0:19],[0:19],[7:11],[0:19],[0:19],[0:19],[0:19],[0:19],[6:11],0
[0:19],[0:19],[0:19],[0:19],[0:19],[0:19],[0:19],[0:19],[0:19],[0:19],[0:19],[0:19],[0:19],[7:11],[0:19],[0:19],[0:19],[0:19],[0:19],[6:11],1
[0:19],[0:19],[0:19],[0:19],[0:19],[0:19],[0:19],[0:19],[0:19],[0:19],[0:19],[0:19],[0:19],[7:11],[0:19],[0:19],[0:19],[0:19],[0:19],[6:11],1
[0:19],[0:19],[0:19],[0:19],[0:19],[0:19],[0:19],[0:19],[0:19],[0:19],[0:19],[0:19],[0:19],[12:14],[0:19],[0:19],[0:19],[0:19],[0:19],[6:11],0
[0:19],[0:19],[0:19],[0:19],[0:19],[0:19],[0:19],[0:19],[0:19],[0:19],[0:19],[0:19],[0:19],[7:11],[0:19],[0:19],[0:19],[0:19],[0:19],[6:11],0
[0:19],[0:19],[0:19],[0:19],[0:19],[0:19],[0:19],[0:19],[0:19],[0:19],[0:19],[0:19],[0:19],[7:11],[0:19],[0:19],[0:19],[0:19],[0:19],[6:11],1
[0:19],[0:19],[0:19],[0:19],[0:19],[0:19],[0:19],[0:19],[0:19],[0:19],[0:19],[0:19],[0:19],[7:11],[0:19],[0:19],[0:19],[0:19],[0:19],[6:11],1
[0:19],[0:19],[0:19],[0:19],[0:19],[0:19],[0:19],[0:19],[0:19],[0:19],[0:19],[0:19],[0:19],[12:14],[0:19],[0:19],[0:19],[0:19],[0:19],[12:15],0
[0:19],[0:19],[0:19],[0:19],[0:19],[0:19],[0:19],[0:19],[0:19],[0:19],[0:19],[0:19],[0:19],[7:11],[0:19],[0:19],[0:19],[0:19],[0:19],[6:11],0
[0:19],[0:19],[0:19],[0:19],[0:19],[0:19],[0:19],[0:19],[0:19],[0:19],[0:19],[0:19],[0:19],[7:11],[0:19],[0:19],[0:19],[0:19],[0:19],[6:11],0
[0:19],[0:19],[0:19],[0:19],[0:19],[0:19],[0:19],[0:19],[0:19],[0:19],[0:19],[0:19],[0:19],[12:14],[0:19],[0:19],[0:19],[0:19],[0:19],[6:11],0
[0:19],[0:19],[0:19],[0:19],[0:19],[0:19],[0:19],[0:19],[0:19],[0:19],[0:19],[0:19],[0:19],[15:19],[0:19],[0:19],[0:19],[0:19],[0:19],[6:11],0
[0:19],[0:19],[0:19],[0:19],[0:19],[0:19],[0:19],[0:19],[0:19],[0:19],[0:19],[0:19],[0:19],[7:11],[0:19],[0:19],[0:19],[0:19],[0:19],[6:11],1
[0:19],[0:19],[0:19],[0:19],[0:19],[0:19],[0:19],[0:19],[0:19],[0:19],[0:19],[0:19],[0:19],[0:6],[0:19],[0:19],[0:19],[0:19],[0:19],[6:11],0
[0:19],[0:19],[0:19],[0:19],[0:19],[0:19],[0:19],[0:19],[0:19],[0:19],[0:19],[0:19],[0:19],[7:11],[0:19],[0:19],[0:19],[0:19],[0:19],[6:11],1
[0:19],[0:19],[0:19],[0:19],[0:19],[0:19],[0:19],[0:19],[0:19],[0:19],[0:19],[0:19],[0:19],[7:11],[0:19],[0:19],[0:19],[0:19],[0:19],[6:11],1
[0:19],[0:19],[0:19],[0:19],[0:19],[0:19],[0:19],[0:19],[0:19],[0:19],[0:19],[0:19],[0:19],[7:11],[0:19],[0:19],[0:19],[0:19],[0:19],[6:11],1
[0:19],[0:19],[0:19],[0:19],[0:19],[0:19],[0:19],[0:19],[0:19],[0:19],[0:19],[0:19],[0:19],[12:14],[0:19],[0:19],[0:19],[0:19],[0:19],[6:11],0
[0:19],[0:19],[0:19],[0:19],[0:19],[0:19],[0:19],[0:19],[0:19],[0:19],[0:19],[0:19],[0:19],[12:14],[0:19],[0:19],[0:19],[0:19],[0:19],[12:15],0
[0:19],[0:19],[0:19],[0:19],[0:19],[0:19],[0:19],[0:19],[0:19],[0:19],[0:19],[0:19],[0:19],[7:11],[0:19],[0:19],[0:19],[0:19],[0:19],[3:5],0
[0:19],[0:19],[0:19],[0:19],[0:19],[0:19],[0:19],[0:19],[0:19],[0:19],[0:19],[0:19],[0:19],[7:11],[0:19],[0:19],[0:19],[0:19],[0:19],[12:15],0
[0:19],[0:19],[0:19],[0:19],[0:19],[0:19],[0:19],[0:19],[0:19],[0:19],[0:19],[0:19],[0:19],[7:11],[0:19],[0:19],[0:19],[0:19],[0:19],[6:11],1
[0:19],[0:19],[0:19],[0:19],[0:19],[0:19],[0:19],[0:19],[0:19],[0:19],[0:19],[0:19],[0:19],[7:11],[0:19],[0:19],[0:19],[0:19],[0:19],[6:11],1
[0:19],[0:19],[0:19],[0:19],[0:19],[0:19],[0:19],[0:19],[0:19],[0:19],[0:19],[0:19],[0:19],[7:11],[0:19],[0:19],[0:19],[0:19],[0:19],[12:15],0
[0:19],[0:19],[0:19],[0:19],[0:19],[0:19],[0:19],[0:19],[0:19],[0:19],[0:19],[0:19],[0:19],[7:11],[0:19],[0:19],[0:19],[0:19],[0:19],[6:11],1
[0:19],[0:19],[0:19],[0:19],[0:19],[0:19],[0:19],[0:19],[0:19],[0:19],[0:19],[0:19],[0:19],[7:11],[0:19],[0:19],[0:19],[0:19],[0:19],[6:11],0
[0:19],[0:19],[0:19],[0:19],[0:19],[0:19],[0:19],[0:19],[0:19],[0:19],[0:19],[0:19],[0:19],[7:11],[0:19],[0:19],[0:19],[0:19],[0:19],[6:11],1
[0:19],[0:19],[0:19],[0:19],[0:19],[0:19],[0:19],[0:19],[0:19],[0:19],[0:19],[0:19],[0:19],[7:11],[0:19],[0:19],[0:19],[0:19],[0:19],[6:11],1
[0:19],[0:19],[0:19],[0:19],[0:19],[0:19],[0:19],[0:19],[0:19],[0:19],[0:19],[0:19],[0:19],[7:11],[0:19],[0:19],[0:19],[0:19],[0:19],[6:11],1
[0:19],[0:19],[0:19],[0:19],[0:19],[0:19],[0:19],[0:19],[0:19],[0:19],[0:19],[0:19],[0:19],[7:11],[0:19],[0:19],[0:19],[0:19],[0:19],[6:11],0
[0:19],[0:19],[0:19],[0:19],[0:19],[0:19],[0:19],[0:19],[0:19],[0:19],[0:19],[0:19],[0:19],[0:6],[0:19],[0:19],[0:19],[0:19],[0:19],[6:11],0
[0:19],[0:19],[0:19],[0:19],[0:19],[0:19],[0:19],[0:19],[0:19],[0:19],[0:19],[0:19],[0:19],[12:14],[0:19],[0:19],[0:19],[0:19],[0:19],[12:15],0
[0:19],[0:19],[0:19],[0:19],[0:19],[0:19],[0:19],[0:19],[0:19],[0:19],[0:19],[0:19],[0:19],[0:6],[0:19],[0:19],[0:19],[0:19],[0:19],[6:11],0
[0:19],[0:19],[0:19],[0:19],[0:19],[0:19],[0:19],[0:19],[0:19],[0:19],[0:19],[0:19],[0:19],[12:14],[0:19],[0:19],[0:19],[0:19],[0:19],[12:15],0
[0:19],[0:19],[0:19],[0:19],[0:19],[0:19],[0:19],[0:19],[0:19],[0:19],[0:19],[0:19],[0:19],[7:11],[0:19],[0:19],[0:19],[0:19],[0:19],[6:11],0
[0:19],[0:19],[0:19],[0:19],[0:19],[0:19],[0:19],[0:19],[0:19],[0:19],[0:19],[0:19],[0:19],[7:11],[0:19],[0:19],[0:19],[0:19],[0:19],[6:11],1
[0:19],[0:19],[0:19],[0:19],[0:19],[0:19],[0:19],[0:19],[0:19],[0:19],[0:19],[0:19],[0:19],[0:6],[0:19],[0:19],[0:19],[0:19],[0:19],[12:15],0
[0:19],[0:19],[0:19],[0:19],[0:19],[0:19],[0:19],[0:19],[0:19],[0:19],[0:19],[0:19],[0:19],[7:11],[0:19],[0:19],[0:19],[0:19],[0:19],[6:11],0
[0:19],[0:19],[0:19],[0:19],[0:19],[0:19],[0:19],[0:19],[0:19],[0:19],[0:19],[0:19],[0:19],[7:11],[0:19],[0:19],[0:19],[0:19],[0:19],[6:11],1
[0:19],[0:19],[0:19],[0:19],[0:19],[0:19],[0:19],[0:19],[0:19],[0:19],[0:19],[0:19],[0:19],[7:11],[0:19],[0:19],[0:19],[0:19],[0:19],[6:11],0
[0:19],[0:19],[0:19],[0:19],[0:19],[0:19],[0:19],[0:19],[0:19],[0:19],[0:19],[0:19],[0:19],[7:11],[0:19],[0:19],[0:19],[0:19],[0:19],[6:11],0
[0:19],[0:19],[0:19],[0:19],[0:19],[0:19],[0:19],[0:19],[0:19],[0:19],[0:19],[0:19],[0:19],[7:11],[0:19],[0:19],[0:19],[0:19],[0:19],[6:11],1
[0:19],[0:19],[0:19],[0:19],[0:19],[0:19],[0:19],[0:19],[0:19],[0:19],[0:19],[0:19],[0:19],[7:11],[0:19],[0:19],[0:19],[0:19],[0:19],[6:11],1
[0:19],[0:19],[0:19],[0:19],[0:19],[0:19],[0:19],[0:19],[0:19],[0:19],[0:19],[0:19],[0:19],[7:11],[0:19],[0:19],[0:19],[0:19],[0:19],[6:11],1
[0:19],[0:19],[0:19],[0:19],[0:19],[0:19],[0:19],[0:19],[0:19],[0:19],[0:19],[0:19],[0:19],[7:11],[0:19],[0:19],[0:19],[0:19],[0:19],[6:11],1
[0:19],[0:19],[0:19],[0:19],[0:19],[0:19],[0:19],[0:19],[0:19],[0:19],[0:19],[0:19],[0:19],[7:11],[0:19],[0:19],[0:19],[0:19],[0:19],[6:11],1
[0:19],[0:19],[0:19],[0:19],[0:19],[0:19],[0:19],[0:19],[0:19],[0:19],[0:19],[0:19],[0:19],[7:11],[0:19],[0:19],[0:19],[0:19],[0:19],[6:11],0
[0:19],[0:19],[0:19],[0:19],[0:19],[0:19],[0:19],[0:19],[0:19],[0:19],[0:19],[0:19],[0:19],[7:11],[0:19],[0:19],[0:19],[0:19],[0:19],[6:11],0
[0:19],[0:19],[0:19],[0:19],[0:19],[0:19],[0:19],[0:19],[0:19],[0:19],[0:19],[0:19],[0:19],[7:11],[0:19],[0:19],[0:19],[0:19],[0:19],[6:11],0
[0:19],[0:19],[0:19],[0:19],[0:19],[0:19],[0:19],[0:19],[0:19],[0:19],[0:19],[0:19],[0:19],[7:11],[0:19],[0:19],[0:19],[0:19],[0:19],[6:11],0
[0:19],[0:19],[0:19],[0:19],[0:19],[0:19],[0:19],[0:19],[0:19],[0:19],[0:19],[0:19],[0:19],[7:11],[0:19],[0:19],[0:19],[0:19],[0:19],[6:11],0
[0:19],[0:19],[0:19],[0:19],[0:19],[0:19],[0:19],[0:19],[0:19],[0:19],[0:19],[0:19],[0:19],[7:11],[0:19],[0:19],[0:19],[0:19],[0:19],[12:15],1
[0:19],[0:19],[0:19],[0:19],[0:19],[0:19],[0:19],[0:19],[0:19],[0:19],[0:19],[0:19],[0:19],[7:11],[0:19],[0:19],[0:19],[0:19],[0:19],[12:15],0
[0:19],[0:19],[0:19],[0:19],[0:19],[0:19],[0:19],[0:19],[0:19],[0:19],[0:19],[0:19],[0:19],[7:11],[0:19],[0:19],[0:19],[0:19],[0:19],[6:11],1
[0:19],[0:19],[0:19],[0:19],[0:19],[0:19],[0:19],[0:19],[0:19],[0:19],[0:19],[0:19],[0:19],[7:11],[0:19],[0:19],[0:19],[0:19],[0:19],[6:11],0
[0:19],[0:19],[0:19],[0:19],[0:19],[0:19],[0:19],[0:19],[0:19],[0:19],[0:19],[0:19],[0:19],[7:11],[0:19],[0:19],[0:19],[0:19],[0:19],[6:11],1
[0:19],[0:19],[0:19],[0:19],[0:19],[0:19],[0:19],[0:19],[0:19],[0:19],[0:19],[0:19],[0:19],[7:11],[0:19],[0:19],[0:19],[0:19],[0:19],[6:11],1
[0:19],[0:19],[0:19],[0:19],[0:19],[0:19],[0:19],[0:19],[0:19],[0:19],[0:19],[0:19],[0:19],[7:11],[0:19],[0:19],[0:19],[0:19],[0:19],[6:11],1
[0:19],[0:19],[0:19],[0:19],[0:19],[0:19],[0:19],[0:19],[0:19],[0:19],[0:19],[0:19],[0:19],[7:11],[0:19],[0:19],[0:19],[0:19],[0:19],[6:11],1
[0:19],[0:19],[0:19],[0:19],[0:19],[0:19],[0:19],[0:19],[0:19],[0:19],[0:19],[0:19],[0:19],[7:11],[0:19],[0:19],[0:19],[0:19],[0:19],[12:15],1
[0:19],[0:19],[0:19],[0:19],[0:19],[0:19],[0:19],[0:19],[0:19],[0:19],[0:19],[0:19],[0:19],[7:11],[0:19],[0:19],[0:19],[0:19],[0:19],[6:11],1
[0:19],[0:19],[0:19],[0:19],[0:19],[0:19],[0:19],[0:19],[0:19],[0:19],[0:19],[0:19],[0:19],[7:11],[0:19],[0:19],[0:19],[0:19],[0:19],[6:11],1
[0:19],[0:19],[0:19],[0:19],[0:19],[0:19],[0:19],[0:19],[0:19],[0:19],[0:19],[0:19],[0:19],[7:11],[0:19],[0:19],[0:19],[0:19],[0:19],[6:11],0
[0:19],[0:19],[0:19],[0:19],[0:19],[0:19],[0:19],[0:19],[0:19],[0:19],[0:19],[0:19],[0:19],[12:14],[0:19],[0:19],[0:19],[0:19],[0:19],[6:11],1
[0:19],[0:19],[0:19],[0:19],[0:19],[0:19],[0:19],[0:19],[0:19],[0:19],[0:19],[0:19],[0:19],[7:11],[0:19],[0:19],[0:19],[0:19],[0:19],[6:11],1
[0:19],[0:19],[0:19],[0:19],[0:19],[0:19],[0:19],[0:19],[0:19],[0:19],[0:19],[0:19],[0:19],[12:14],[0:19],[0:19],[0:19],[0:19],[0:19],[6:11],1
[0:19],[0:19],[0:19],[0:19],[0:19],[0:19],[0:19],[0:19],[0:19],[0:19],[0:19],[0:19],[0:19],[7:11],[0:19],[0:19],[0:19],[0:19],[0:19],[6:11],1
[0:19],[0:19],[0:19],[0:19],[0:19],[0:19],[0:19],[0:19],[0:19],[0:19],[0:19],[0:19],[0:19],[0:6],[0:19],[0:19],[0:19],[0:19],[0:19],[6:11],0
[0:19],[0:19],[0:19],[0:19],[0:19],[0:19],[0:19],[0:19],[0:19],[0:19],[0:19],[0:19],[0:19],[7:11],[0:19],[0:19],[0:19],[0:19],[0:19],[12:15],0
[0:19],[0:19],[0:19],[0:19],[0:19],[0:19],[0:19],[0:19],[0:19],[0:19],[0:19],[0:19],[0:19],[7:11],[0:19],[0:19],[0:19],[0:19],[0:19],[6:11],0
[0:19],[0:19],[0:19],[0:19],[0:19],[0:19],[0:19],[0:19],[0:19],[0:19],[0:19],[0:19],[0:19],[7:11],[0:19],[0:19],[0:19],[0:19],[0:19],[3:5],0
[0:19],[0:19],[0:19],[0:19],[0:19],[0:19],[0:19],[0:19],[0:19],[0:19],[0:19],[0:19],[0:19],[7:11],[0:19],[0:19],[0:19],[0:19],[0:19],[6:11],1
[0:19],[0:19],[0:19],[0:19],[0:19],[0:19],[0:19],[0:19],[0:19],[0:19],[0:19],[0:19],[0:19],[12:14],[0:19],[0:19],[0:19],[0:19],[0:19],[6:11],1
[0:19],[0:19],[0:19],[0:19],[0:19],[0:19],[0:19],[0:19],[0:19],[0:19],[0:19],[0:19],[0:19],[7:11],[0:19],[0:19],[0:19],[0:19],[0:19],[6:11],0
[0:19],[0:19],[0:19],[0:19],[0:19],[0:19],[0:19],[0:19],[0:19],[0:19],[0:19],[0:19],[0:19],[7:11],[0:19],[0:19],[0:19],[0:19],[0:19],[6:11],1
[0:19],[0:19],[0:19],[0:19],[0:19],[0:19],[0:19],[0:19],[0:19],[0:19],[0:19],[0:19],[0:19],[7:11],[0:19],[0:19],[0:19],[0:19],[0:19],[6:11],0
[0:19],[0:19],[0:19],[0:19],[0:19],[0:19],[0:19],[0:19],[0:19],[0:19],[0:19],[0:19],[0:19],[12:14],[0:19],[0:19],[0:19],[0:19],[0:19],[6:11],1
[0:19],[0:19],[0:19],[0:19],[0:19],[0:19],[0:19],[0:19],[0:19],[0:19],[0:19],[0:19],[0:19],[7:11],[0:19],[0:19],[0:19],[0:19],[0:19],[6:11],1
[0:19],[0:19],[0:19],[0:19],[0:19],[0:19],[0:19],[0:19],[0:19],[0:19],[0:19],[0:19],[0:19],[7:11],[0:19],[0:19],[0:19],[0:19],[0:19],[16:19],0
[0:19],[0:19],[0:19],[0:19],[0:19],[0:19],[0:19],[0:19],[0:19],[0:19],[0:19],[0:19],[0:19],[7:11],[0:19],[0:19],[0:19],[0:19],[0:19],[6:11],1
[0:19],[0:19],[0:19],[0:19],[0:19],[0:19],[0:19],[0:19],[0:19],[0:19],[0:19],[0:19],[0:19],[7:11],[0:19],[0:19],[0:19],[0:19],[0:19],[6:11],1
[0:19],[0:19],[0:19],[0:19],[0:19],[0:19],[0:19],[0:19],[0:19],[0:19],[0:19],[0:19],[0:19],[7:11],[0:19],[0:19],[0:19],[0:19],[0:19],[6:11],1
[0:19],[0:19],[0:19],[0:19],[0:19],[0:19],[0:19],[0:19],[0:19],[0:19],[0:19],[0:19],[0:19],[7:11],[0:19],[0:19],[0:19],[0:19],[0:19],[6:11],0
[0:19],[0:19],[0:19],[0:19],[0:19],[0:19],[0:19],[0:19],[0:19],[0:19],[0:19],[0:19],[0:19],[7:11],[0:19],[0:19],[0:19],[0:19],[0:19],[6:11],1
[0:19],[0:19],[0:19],[0:19],[0:19],[0:19],[0:19],[0:19],[0:19],[0:19],[0:19],[0:19],[0:19],[7:11],[0:19],[0:19],[0:19],[0:19],[0:19],[6:11],1
[0:19],[0:19],[0:19],[0:19],[0:19],[0:19],[0:19],[0:19],[0:19],[0:19],[0:19],[0:19],[0:19],[7:11],[0:19],[0:19],[0:19],[0:19],[0:19],[6:11],0
[0:19],[0:19],[0:19],[0:19],[0:19],[0:19],[0:19],[0:19],[0:19],[0:19],[0:19],[0:19],[0:19],[0:6],[0:19],[0:19],[0:19],[0:19],[0:19],[12:15],0
[0:19],[0:19],[0:19],[0:19],[0:19],[0:19],[0:19],[0:19],[0:19],[0:19],[0:19],[0:19],[0:19],[7:11],[0:19],[0:19],[0:19],[0:19],[0:19],[6:11],0
[0:19],[0:19],[0:19],[0:19],[0:19],[0:19],[0:19],[0:19],[0:19],[0:19],[0:19],[0:19],[0:19],[7:11],[0:19],[0:19],[0:19],[0:19],[0:19],[6:11],1
[0:19],[0:19],[0:19],[0:19],[0:19],[0:19],[0:19],[0:19],[0:19],[0:19],[0:19],[0:19],[0:19],[12:14],[0:19],[0:19],[0:19],[0:19],[0:19],[6:11],1
[0:19],[0:19],[0:19],[0:19],[0:19],[0:19],[0:19],[0:19],[0:19],[0:19],[0:19],[0:19],[0:19],[7:11],[0:19],[0:19],[0:19],[0:19],[0:19],[6:11],1
[0:19],[0:19],[0:19],[0:19],[0:19],[0:19],[0:19],[0:19],[0:19],[0:19],[0:19],[0:19],[0:19],[7:11],[0:19],[0:19],[0:19],[0:19],[0:19],[6:11],0
[0:19],[0:19],[0:19],[0:19],[0:19],[0:19],[0:19],[0:19],[0:19],[0:19],[0:19],[0:19],[0:19],[7:11],[0:19],[0:19],[0:19],[0:19],[0:19],[6:11],0
[0:19],[0:19],[0:19],[0:19],[0:19],[0:19],[0:19],[0:19],[0:19],[0:19],[0:19],[0:19],[0:19],[12:14],[0:19],[0:19],[0:19],[0:19],[0:19],[3:5],0
[0:19],[0:19],[0:19],[0:19],[0:19],[0:19],[0:19],[0:19],[0:19],[0:19],[0:19],[0:19],[0:19],[7:11],[0:19],[0:19],[0:19],[0:19],[0:19],[3:5],0
[0:19],[0:19],[0:19],[0:19],[0:19],[0:19],[0:19],[0:19],[0:19],[0:19],[0:19],[0:19],[0:19],[7:11],[0:19],[0:19],[0:19],[0:19],[0:19],[12:15],0
[0:19],[0:19],[0:19],[0:19],[0:19],[0:19],[0:19],[0:19],[0:19],[0:19],[0:19],[0:19],[0:19],[7:11],[0:19],[0:19],[0:19],[0:19],[0:19],[6:11],0
[0:19],[0:19],[0:19],[0:19],[0:19],[0:19],[0:19],[0:19],[0:19],[0:19],[0:19],[0:19],[0:19],[12:14],[0:19],[0:19],[0:19],[0:19],[0:19],[6:11],0
[0:19],[0:19],[0:19],[0:19],[0:19],[0:19],[0:19],[0:19],[0:19],[0:19],[0:19],[0:19],[0:19],[12:14],[0:19],[0:19],[0:19],[0:19],[0:19],[6:11],1
[0:19],[0:19],[0:19],[0:19],[0:19],[0:19],[0:19],[0:19],[0:19],[0:19],[0:19],[0:19],[0:19],[7:11],[0:19],[0:19],[0:19],[0:19],[0:19],[6:11],0
[0:19],[0:19],[0:19],[0:19],[0:19],[0:19],[0:19],[0:19],[0:19],[0:19],[0:19],[0:19],[0:19],[12:14],[0:19],[0:19],[0:19],[0:19],[0:19],[12:15],0
[0:19],[0:19],[0:19],[0:19],[0:19],[0:19],[0:19],[0:19],[0:19],[0:19],[0:19],[0:19],[0:19],[7:11],[0:19],[0:19],[0:19],[0:19],[0:19],[6:11],1
[0:19],[0:19],[0:19],[0:19],[0:19],[0:19],[0:19],[0:19],[0:19],[0:19],[0:19],[0:19],[0:19],[7:11],[0:19],[0:19],[0:19],[0:19],[0:19],[6:11],0
[0:19],[0:19],[0:19],[0:19],[0:19],[0:19],[0:19],[0:19],[0:19],[0:19],[0:19],[0:19],[0:19],[7:11],[0:19],[0:19],[0:19],[0:19],[0:19],[6:11],1
[0:19],[0:19],[0:19],[0:19],[0:19],[0:19],[0:19],[0:19],[0:19],[0:19],[0:19],[0:19],[0:19],[7:11],[0:19],[0:19],[0:19],[0:19],[0:19],[6:11],0
[0:19],[0:19],[0:19],[0:19],[0:19],[0:19],[0:19],[0:19],[0:19],[0:19],[0:19],[0:19],[0:19],[7:11],[0:19],[0:19],[0:19],[0:19],[0:19],[6:11],1
[0:19],[0:19],[0:19],[0:19],[0:19],[0:19],[0:19],[0:19],[0:19],[0:19],[0:19],[0:19],[0:19],[7:11],[0:19],[0:19],[0:19],[0:19],[0:19],[6:11],1
[0:19],[0:19],[0:19],[0:19],[0:19],[0:19],[0:19],[0:19],[0:19],[0:19],[0:19],[0:19],[0:19],[7:11],[0:19],[0:19],[0:19],[0:19],[0:19],[6:11],1
[0:19],[0:19],[0:19],[0:19],[0:19],[0:19],[0:19],[0:19],[0:19],[0:19],[0:19],[0:19],[0:19],[15:19],[0:19],[0:19],[0:19],[0:19],[0:19],[6:11],0
[0:19],[0:19],[0:19],[0:19],[0:19],[0:19],[0:19],[0:19],[0:19],[0:19],[0:19],[0:19],[0:19],[7:11],[0:19],[0:19],[0:19],[0:19],[0:19],[6:11],1
[0:19],[0:19],[0:19],[0:19],[0:19],[0:19],[0:19],[0:19],[0:19],[0:19],[0:19],[0:19],[0:19],[7:11],[0:19],[0:19],[0:19],[0:19],[0:19],[6:11],0
[0:19],[0:19],[0:19],[0:19],[0:19],[0:19],[0:19],[0:19],[0:19],[0:19],[0:19],[0:19],[0:19],[7:11],[0:19],[0:19],[0:19],[0:19],[0:19],[12:15],0
[0:19],[0:19],[0:19],[0:19],[0:19],[0:19],[0:19],[0:19],[0:19],[0:19],[0:19],[0:19],[0:19],[7:11],[0:19],[0:19],[0:19],[0:19],[0:19],[6:11],1
[0:19],[0:19],[0:19],[0:19],[0:19],[0:19],[0:19],[0:19],[0:19],[0:19],[0:19],[0:19],[0:19],[12:14],[0:19],[0:19],[0:19],[0:19],[0:19],[6:11],0
[0:19],[0:19],[0:19],[0:19],[0:19],[0:19],[0:19],[0:19],[0:19],[0:19],[0:19],[0:19],[0:19],[7:11],[0:19],[0:19],[0:19],[0:19],[0:19],[6:11],0
[0:19],[0:19],[0:19],[0:19],[0:19],[0:19],[0:19],[0:19],[0:19],[0:19],[0:19],[0:19],[0:19],[12:14],[0:19],[0:19],[0:19],[0:19],[0:19],[6:11],0
[0:19],[0:19],[0:19],[0:19],[0:19],[0:19],[0:19],[0:19],[0:19],[0:19],[0:19],[0:19],[0:19],[0:6],[0:19],[0:19],[0:19],[0:19],[0:19],[6:11],0
[0:19],[0:19],[0:19],[0:19],[0:19],[0:19],[0:19],[0:19],[0:19],[0:19],[0:19],[0:19],[0:19],[7:11],[0:19],[0:19],[0:19],[0:19],[0:19],[6:11],1
[0:19],[0:19],[0:19],[0:19],[0:19],[0:19],[0:19],[0:19],[0:19],[0:19],[0:19],[0:19],[0:19],[12:14],[0:19],[0:19],[0:19],[0:19],[0:19],[6:11],1
[0:19],[0:19],[0:19],[0:19],[0:19],[0:19],[0:19],[0:19],[0:19],[0:19],[0:19],[0:19],[0:19],[7:11],[0:19],[0:19],[0:19],[0:19],[0:19],[6:11],0
[0:19],[0:19],[0:19],[0:19],[0:19],[0:19],[0:19],[0:19],[0:19],[0:19],[0:19],[0:19],[0:19],[7:11],[0:19],[0:19],[0:19],[0:19],[0:19],[6:11],0
[0:19],[0:19],[0:19],[0:19],[0:19],[0:19],[0:19],[0:19],[0:19],[0:19],[0:19],[0:19],[0:19],[7:11],[0:19],[0:19],[0:19],[0:19],[0:19],[6:11],0
[0:19],[0:19],[0:19],[0:19],[0:19],[0:19],[0:19],[0:19],[0:19],[0:19],[0:19],[0:19],[0:19],[7:11],[0:19],[0:19],[0:19],[0:19],[0:19],[6:11],0
[0:19],[0:19],[0:19],[0:19],[0:19],[0:19],[0:19],[0:19],[0:19],[0:19],[0:19],[0:19],[0:19],[7:11],[0:19],[0:19],[0:19],[0:19],[0:19],[6:11],1
[0:19],[0:19],[0:19],[0:19],[0:19],[0:19],[0:19],[0:19],[0:19],[0:19],[0:19],[0:19],[0:19],[7:11],[0:19],[0:19],[0:19],[0:19],[0:19],[6:11],1
[0:19],[0:19],[0:19],[0:19],[0:19],[0:19],[0:19],[0:19],[0:19],[0:19],[0:19],[0:19],[0:19],[12:14],[0:19],[0:19],[0:19],[0:19],[0:19],[6:11],1
[0:19],[0:19],[0:19],[0:19],[0:19],[0:19],[0:19],[0:19],[0:19],[0:19],[0:19],[0:19],[0:19],[7:11],[0:19],[0:19],[0:19],[0:19],[0:19],[6:11],1
[0:19],[0:19],[0:19],[0:19],[0:19],[0:19],[0:19],[0:19],[0:19],[0:19],[0:19],[0:19],[0:19],[7:11],[0:19],[0:19],[0:19],[0:19],[0:19],[6:11],1
[0:19],[0:19],[0:19],[0:19],[0:19],[0:19],[0:19],[0:19],[0:19],[0:19],[0:19],[0:19],[0:19],[7:11],[0:19],[0:19],[0:19],[0:19],[0:19],[6:11],1
[0:19],[0:19],[0:19],[0:19],[0:19],[0:19],[0:19],[0:19],[0:19],[0:19],[0:19],[0:19],[0:19],[7:11],[0:19],[0:19],[0:19],[0:19],[0:19],[6:11],0
[0:19],[0:19],[0:19],[0:19],[0:19],[0:19],[0:19],[0:19],[0:19],[0:19],[0:19],[0:19],[0:19],[7:11],[0:19],[0:19],[0:19],[0:19],[0:19],[6:11],1
[0:19],[0:19],[0:19],[0:19],[0:19],[0:19],[0:19],[0:19],[0:19],[0:19],[0:19],[0:19],[0:19],[7:11],[0:19],[0:19],[0:19],[0:19],[0:19],[6:11],1
[0:19],[0:19],[0:19],[0:19],[0:19],[0:19],[0:19],[0:19],[0:19],[0:19],[0:19],[0:19],[0:19],[7:11],[0:19],[0:19],[0:19],[0:19],[0:19],[6:11],1
[0:19],[0:19],[0:19],[0:19],[0:19],[0:19],[0:19],[0:19],[0:19],[0:19],[0:19],[0:19],[0:19],[7:11],[0:19],[0:19],[0:19],[0:19],[0:19],[12:15],1
[0:19],[0:19],[0:19],[0:19],[0:19],[0:19],[0:19],[0:19],[0:19],[0:19],[0:19],[0:19],[0:19],[7:11],[0:19],[0:19],[0:19],[0:19],[0:19],[12:15],1
[0:19],[0:19],[0:19],[0:19],[0:19],[0:19],[0:19],[0:19],[0:19],[0:19],[0:19],[0:19],[0:19],[7:11],[0:19],[0:19],[0:19],[0:19],[0:19],[6:11],1
[0:19],[0:19],[0:19],[0:19],[0:19],[0:19],[0:19],[0:19],[0:19],[0:19],[0:19],[0:19],[0:19],[7:11],[0:19],[0:19],[0:19],[0:19],[0:19],[6:11],1
[0:19],[0:19],[0:19],[0:19],[0:19],[0:19],[0:19],[0:19],[0:19],[0:19],[0:19],[0:19],[0:19],[12:14],[0:19],[0:19],[0:19],[0:19],[0:19],[6:11],1
[0:19],[0:19],[0:19],[0:19],[0:19],[0:19],[0:19],[0:19],[0:19],[0:19],[0:19],[0:19],[0:19],[7:11],[0:19],[0:19],[0:19],[0:19],[0:19],[6:11],1
[0:19],[0:19],[0:19],[0:19],[0:19],[0:19],[0:19],[0:19],[0:19],[0:19],[0:19],[0:19],[0:19],[7:11],[0:19],[0:19],[0:19],[0:19],[0:19],[6:11],1
[0:19],[0:19],[0:19],[0:19],[0:19],[0:19],[0:19],[0:19],[0:19],[0:19],[0:19],[0:19],[0:19],[7:11],[0:19],[0:19],[0:19],[0:19],[0:19],[6:11],0
[0:19],[0:19],[0:19],[0:19],[0:19],[0:19],[0:19],[0:19],[0:19],[0:19],[0:19],[0:19],[0:19],[7:11],[0:19],[0:19],[0:19],[0:19],[0:19],[6:11],1
[0:19],[0:19],[0:19],[0:19],[0:19],[0:19],[0:19],[0:19],[0:19],[0:19],[0:19],[0:19],[0:19],[7:11],[0:19],[0:19],[0:19],[0:19],[0:19],[12:15],0
[0:19],[0:19],[0:19],[0:19],[0:19],[0:19],[0:19],[0:19],[0:19],[0:19],[0:19],[0:19],[0:19],[12:14],[0:19],[0:19],[0:19],[0:19],[0:19],[6:11],0
[0:19],[0:19],[0:19],[0:19],[0:19],[0:19],[0:19],[0:19],[0:19],[0:19],[0:19],[0:19],[0:19],[12:14],[0:19],[0:19],[0:19],[0:19],[0:19],[12:15],0
[0:19],[0:19],[0:19],[0:19],[0:19],[0:19],[0:19],[0:19],[0:19],[0:19],[0:19],[0:19],[0:19],[12:14],[0:19],[0:19],[0:19],[0:19],[0:19],[6:11],0
[0:19],[0:19],[0:19],[0:19],[0:19],[0:19],[0:19],[0:19],[0:19],[0:19],[0:19],[0:19],[0:19],[12:14],[0:19],[0:19],[0:19],[0:19],[0:19],[6:11],1
[0:19],[0:19],[0:19],[0:19],[0:19],[0:19],[0:19],[0:19],[0:19],[0:19],[0:19],[0:19],[0:19],[7:11],[0:19],[0:19],[0:19],[0:19],[0:19],[6:11],1
[0:19],[0:19],[0:19],[0:19],[0:19],[0:19],[0:19],[0:19],[0:19],[0:19],[0:19],[0:19],[0:19],[7:11],[0:19],[0:19],[0:19],[0:19],[0:19],[6:11],0
[0:19],[0:19],[0:19],[0:19],[0:19],[0:19],[0:19],[0:19],[0:19],[0:19],[0:19],[0:19],[0:19],[12:14],[0:19],[0:19],[0:19],[0:19],[0:19],[6:11],0
[0:19],[0:19],[0:19],[0:19],[0:19],[0:19],[0:19],[0:19],[0:19],[0:19],[0:19],[0:19],[0:19],[7:11],[0:19],[0:19],[0:19],[0:19],[0:19],[6:11],0
[0:19],[0:19],[0:19],[0:19],[0:19],[0:19],[0:19],[0:19],[0:19],[0:19],[0:19],[0:19],[0:19],[7:11],[0:19],[0:19],[0:19],[0:19],[0:19],[3:5],0
[0:19],[0:19],[0:19],[0:19],[0:19],[0:19],[0:19],[0:19],[0:19],[0:19],[0:19],[0:19],[0:19],[7:11],[0:19],[0:19],[0:19],[0:19],[0:19],[6:11],0
[0:19],[0:19],[0:19],[0:19],[0:19],[0:19],[0:19],[0:19],[0:19],[0:19],[0:19],[0:19],[0:19],[0:6],[0:19],[0:19],[0:19],[0:19],[0:19],[6:11],0
[0:19],[0:19],[0:19],[0:19],[0:19],[0:19],[0:19],[0:19],[0:19],[0:19],[0:19],[0:19],[0:19],[12:14],[0:19],[0:19],[0:19],[0:19],[0:19],[6:11],1
[0:19],[0:19],[0:19],[0:19],[0:19],[0:19],[0:19],[0:19],[0:19],[0:19],[0:19],[0:19],[0:19],[7:11],[0:19],[0:19],[0:19],[0:19],[0:19],[6:11],0
[0:19],[0:19],[0:19],[0:19],[0:19],[0:19],[0:19],[0:19],[0:19],[0:19],[0:19],[0:19],[0:19],[12:14],[0:19],[0:19],[0:19],[0:19],[0:19],[6:11],0
[0:19],[0:19],[0:19],[0:19],[0:19],[0:19],[0:19],[0:19],[0:19],[0:19],[0:19],[0:19],[0:19],[7:11],[0:19],[0:19],[0:19],[0:19],[0:19],[3:5],0
[0:19],[0:19],[0:19],[0:19],[0:19],[0:19],[0:19],[0:19],[0:19],[0:19],[0:19],[0:19],[0:19],[7:11],[0:19],[0:19],[0:19],[0:19],[0:19],[6:11],1
[0:19],[0:19],[0:19],[0:19],[0:19],[0:19],[0:19],[0:19],[0:19],[0:19],[0:19],[0:19],[0:19],[7:11],[0:19],[0:19],[0:19],[0:19],[0:19],[6:11],1
[0:19],[0:19],[0:19],[0:19],[0:19],[0:19],[0:19],[0:19],[0:19],[0:19],[0:19],[0:19],[0:19],[7:11],[0:19],[0:19],[0:19],[0:19],[0:19],[6:11],1
[0:19],[0:19],[0:19],[0:19],[0:19],[0:19],[0:19],[0:19],[0:19],[0:19],[0:19],[0:19],[0:19],[12:14],[0:19],[0:19],[0:19],[0:19],[0:19],[6:11],1
[0:19],[0:19],[0:19],[0:19],[0:19],[0:19],[0:19],[0:19],[0:19],[0:19],[0:19],[0:19],[0:19],[7:11],[0:19],[0:19],[0:19],[0:19],[0:19],[6:11],1
[0:19],[0:19],[0:19],[0:19],[0:19],[0:19],[0:19],[0:19],[0:19],[0:19],[0:19],[0:19],[0:19],[7:11],[0:19],[0:19],[0:19],[0:19],[0:19],[6:11],0
[0:19],[0:19],[0:19],[0:19],[0:19],[0:19],[0:19],[0:19],[0:19],[0:19],[0:19],[0:19],[0:19],[7:11],[0:19],[0:19],[0:19],[0:19],[0:19],[6:11],1
[0:19],[0:19],[0:19],[0:19],[0:19],[0:19],[0:19],[0:19],[0:19],[0:19],[0:19],[0:19],[0:19],[7:11],[0:19],[0:19],[0:19],[0:19],[0:19],[6:11],1
[0:19],[0:19],[0:19],[0:19],[0:19],[0:19],[0:19],[0:19],[0:19],[0:19],[0:19],[0:19],[0:19],[15:19],[0:19],[0:19],[0:19],[0:19],[0:19],[6:11],0
[0:19],[0:19],[0:19],[0:19],[0:19],[0:19],[0:19],[0:19],[0:19],[0:19],[0:19],[0:19],[0:19],[7:11],[0:19],[0:19],[0:19],[0:19],[0:19],[6:11],1
[0:19],[0:19],[0:19],[0:19],[0:19],[0:19],[0:19],[0:19],[0:19],[0:19],[0:19],[0:19],[0:19],[7:11],[0:19],[0:19],[0:19],[0:19],[0:19],[6:11],0
[0:19],[0:19],[0:19],[0:19],[0:19],[0:19],[0:19],[0:19],[0:19],[0:19],[0:19],[0:19],[0:19],[7:11],[0:19],[0:19],[0:19],[0:19],[0:19],[6:11],0
[0:19],[0:19],[0:19],[0:19],[0:19],[0:19],[0:19],[0:19],[0:19],[0:19],[0:19],[0:19],[0:19],[7:11],[0:19],[0:19],[0:19],[0:19],[0:19],[6:11],1
[0:19],[0:19],[0:19],[0:19],[0:19],[0:19],[0:19],[0:19],[0:19],[0:19],[0:19],[0:19],[0:19],[12:14],[0:19],[0:19],[0:19],[0:19],[0:19],[6:11],1
[0:19],[0:19],[0:19],[0:19],[0:19],[0:19],[0:19],[0:19],[0:19],[0:19],[0:19],[0:19],[0:19],[7:11],[0:19],[0:19],[0:19],[0:19],[0:19],[6:11],1
[0:19],[0:19],[0:19],[0:19],[0:19],[0:19],[0:19],[0:19],[0:19],[0:19],[0:19],[0:19],[0:19],[7:11],[0:19],[0:19],[0:19],[0:19],[0:19],[6:11],1
[0:19],[0:19],[0:19],[0:19],[0:19],[0:19],[0:19],[0:19],[0:19],[0:19],[0:19],[0:19],[0:19],[7:11],[0:19],[0:19],[0:19],[0:19],[0:19],[6:11],1
[0:19],[0:19],[0:19],[0:19],[0:19],[0:19],[0:19],[0:19],[0:19],[0:19],[0:19],[0:19],[0:19],[7:11],[0:19],[0:19],[0:19],[0:19],[0:19],[6:11],1
[0:19],[0:19],[0:19],[0:19],[0:19],[0:19],[0:19],[0:19],[0:19],[0:19],[0:19],[0:19],[0:19],[7:11],[0:19],[0:19],[0:19],[0:19],[0:19],[12:15],1
[0:19],[0:19],[0:19],[0:19],[0:19],[0:19],[0:19],[0:19],[0:19],[0:19],[0:19],[0:19],[0:19],[7:11],[0:19],[0:19],[0:19],[0:19],[0:19],[6:11],0
[0:19],[0:19],[0:19],[0:19],[0:19],[0:19],[0:19],[0:19],[0:19],[0:19],[0:19],[0:19],[0:19],[7:11],[0:19],[0:19],[0:19],[0:19],[0:19],[6:11],0
[0:19],[0:19],[0:19],[0:19],[0:19],[0:19],[0:19],[0:19],[0:19],[0:19],[0:19],[0:19],[0:19],[7:11],[0:19],[0:19],[0:19],[0:19],[0:19],[6:11],1
[0:19],[0:19],[0:19],[0:19],[0:19],[0:19],[0:19],[0:19],[0:19],[0:19],[0:19],[0:19],[0:19],[7:11],[0:19],[0:19],[0:19],[0:19],[0:19],[6:11],1
[0:19],[0:19],[0:19],[0:19],[0:19],[0:19],[0:19],[0:19],[0:19],[0:19],[0:19],[0:19],[0:19],[7:11],[0:19],[0:19],[0:19],[0:19],[0:19],[12:15],0
[0:19],[0:19],[0:19],[0:19],[0:19],[0:19],[0:19],[0:19],[0:19],[0:19],[0:19],[0:19],[0:19],[7:11],[0:19],[0:19],[0:19],[0:19],[0:19],[6:11],0
[0:19],[0:19],[0:19],[0:19],[0:19],[0:19],[0:19],[0:19],[0:19],[0:19],[0:19],[0:19],[0:19],[7:11],[0:19],[0:19],[0:19],[0:19],[0:19],[6:11],0
[0:19],[0:19],[0:19],[0:19],[0:19],[0:19],[0:19],[0:19],[0:19],[0:19],[0:19],[0:19],[0:19],[7:11],[0:19],[0:19],[0:19],[0:19],[0:19],[6:11],0
[0:19],[0:19],[0:19],[0:19],[0:19],[0:19],[0:19],[0:19],[0:19],[0:19],[0:19],[0:19],[0:19],[7:11],[0:19],[0:19],[0:19],[0:19],[0:19],[6:11],0
[0:19],[0:19],[0:19],[0:19],[0:19],[0:19],[0:19],[0:19],[0:19],[0:19],[0:19],[0:19],[0:19],[7:11],[0:19],[0:19],[0:19],[0:19],[0:19],[6:11],1
[0:19],[0:19],[0:19],[0:19],[0:19],[0:19],[0:19],[0:19],[0:19],[0:19],[0:19],[0:19],[0:19],[0:6],[0:19],[0:19],[0:19],[0:19],[0:19],[3:5],0
[0:19],[0:19],[0:19],[0:19],[0:19],[0:19],[0:19],[0:19],[0:19],[0:19],[0:19],[0:19],[0:19],[7:11],[0:19],[0:19],[0:19],[0:19],[0:19],[6:11],1
[0:19],[0:19],[0:19],[0:19],[0:19],[0:19],[0:19],[0:19],[0:19],[0:19],[0:19],[0:19],[0:19],[12:14],[0:19],[0:19],[0:19],[0:19],[0:19],[6:11],1
[0:19],[0:19],[0:19],[0:19],[0:19],[0:19],[0:19],[0:19],[0:19],[0:19],[0:19],[0:19],[0:19],[7:11],[0:19],[0:19],[0:19],[0:19],[0:19],[6:11],1
[0:19],[0:19],[0:19],[0:19],[0:19],[0:19],[0:19],[0:19],[0:19],[0:19],[0:19],[0:19],[0:19],[7:11],[0:19],[0:19],[0:19],[0:19],[0:19],[6:11],1
[0:19],[0:19],[0:19],[0:19],[0:19],[0:19],[0:19],[0:19],[0:19],[0:19],[0:19],[0:19],[0:19],[12:14],[0:19],[0:19],[0:19],[0:19],[0:19],[6:11],0
[0:19],[0:19],[0:19],[0:19],[0:19],[0:19],[0:19],[0:19],[0:19],[0:19],[0:19],[0:19],[0:19],[12:14],[0:19],[0:19],[0:19],[0:19],[0:19],[6:11],1
[0:19],[0:19],[0:19],[0:19],[0:19],[0:19],[0:19],[0:19],[0:19],[0:19],[0:19],[0:19],[0:19],[7:11],[0:19],[0:19],[0:19],[0:19],[0:19],[6:11],1
[0:19],[0:19],[0:19],[0:19],[0:19],[0:19],[0:19],[0:19],[0:19],[0:19],[0:19],[0:19],[0:19],[7:11],[0:19],[0:19],[0:19],[0:19],[0:19],[6:11],1
[0:19],[0:19],[0:19],[0:19],[0:19],[0:19],[0:19],[0:19],[0:19],[0:19],[0:19],[0:19],[0:19],[7:11],[0:19],[0:19],[0:19],[0:19],[0:19],[6:11],0
[0:19],[0:19],[0:19],[0:19],[0:19],[0:19],[0:19],[0:19],[0:19],[0:19],[0:19],[0:19],[0:19],[7:11],[0:19],[0:19],[0:19],[0:19],[0:19],[6:11],0
[0:19],[0:19],[0:19],[0:19],[0:19],[0:19],[0:19],[0:19],[0:19],[0:19],[0:19],[0:19],[0:19],[12:14],[0:19],[0:19],[0:19],[0:19],[0:19],[12:15],0
[0:19],[0:19],[0:19],[0:19],[0:19],[0:19],[0:19],[0:19],[0:19],[0:19],[0:19],[0:19],[0:19],[7:11],[0:19],[0:19],[0:19],[0:19],[0:19],[3:5],0
[0:19],[0:19],[0:19],[0:19],[0:19],[0:19],[0:19],[0:19],[0:19],[0:19],[0:19],[0:19],[0:19],[7:11],[0:19],[0:19],[0:19],[0:19],[0:19],[6:11],1
[0:19],[0:19],[0:19],[0:19],[0:19],[0:19],[0:19],[0:19],[0:19],[0:19],[0:19],[0:19],[0:19],[7:11],[0:19],[0:19],[0:19],[0:19],[0:19],[6:11],1
[0:19],[0:19],[0:19],[0:19],[0:19],[0:19],[0:19],[0:19],[0:19],[0:19],[0:19],[0:19],[0:19],[7:11],[0:19],[0:19],[0:19],[0:19],[0:19],[6:11],1
[0:19],[0:19],[0:19],[0:19],[0:19],[0:19],[0:19],[0:19],[0:19],[0:19],[0:19],[0:19],[0:19],[7:11],[0:19],[0:19],[0:19],[0:19],[0:19],[6:11],1
[0:19],[0:19],[0:19],[0:19],[0:19],[0:19],[0:19],[0:19],[0:19],[0:19],[0:19],[0:19],[0:19],[12:14],[0:19],[0:19],[0:19],[0:19],[0:19],[6:11],1
[0:19],[0:19],[0:19],[0:19],[0:19],[0:19],[0:19],[0:19],[0:19],[0:19],[0:19],[0:19],[0:19],[7:11],[0:19],[0:19],[0:19],[0:19],[0:19],[6:11],0
[0:19],[0:19],[0:19],[0:19],[0:19],[0:19],[0:19],[0:19],[0:19],[0:19],[0:19],[0:19],[0:19],[7:11],[0:19],[0:19],[0:19],[0:19],[0:19],[6:11],1
[0:19],[0:19],[0:19],[0:19],[0:19],[0:19],[0:19],[0:19],[0:19],[0:19],[0:19],[0:19],[0:19],[7:11],[0:19],[0:19],[0:19],[0:19],[0:19],[6:11],1
[0:19],[0:19],[0:19],[0:19],[0:19],[0:19],[0:19],[0:19],[0:19],[0:19],[0:19],[0:19],[0:19],[7:11],[0:19],[0:19],[0:19],[0:19],[0:19],[6:11],0
[0:19],[0:19],[0:19],[0:19],[0:19],[0:19],[0:19],[0:19],[0:19],[0:19],[0:19],[0:19],[0:19],[7:11],[0:19],[0:19],[0:19],[0:19],[0:19],[6:11],0
[0:19],[0:19],[0:19],[0:19],[0:19],[0:19],[0:19],[0:19],[0:19],[0:19],[0:19],[0:19],[0:19],[7:11],[0:19],[0:19],[0:19],[0:19],[0:19],[6:11],1
[0:19],[0:19],[0:19],[0:19],[0:19],[0:19],[0:19],[0:19],[0:19],[0:19],[0:19],[0:19],[0:19],[12:14],[0:19],[0:19],[0:19],[0:19],[0:19],[12:15],0
[0:19],[0:19],[0:19],[0:19],[0:19],[0:19],[0:19],[0:19],[0:19],[0:19],[0:19],[0:19],[0:19],[7:11],[0:19],[0:19],[0:19],[0:19],[0:19],[6:11],0
[0:19],[0:19],[0:19],[0:19],[0:19],[0:19],[0:19],[0:19],[0:19],[0:19],[0:19],[0:19],[0:19],[7:11],[0:19],[0:19],[0:19],[0:19],[0:19],[6:11],1
[0:19],[0:19],[0:19],[0:19],[0:19],[0:19],[0:19],[0:19],[0:19],[0:19],[0:19],[0:19],[0:19],[7:11],[0:19],[0:19],[0:19],[0:19],[0:19],[12:15],0
[0:19],[0:19],[0:19],[0:19],[0:19],[0:19],[0:19],[0:19],[0:19],[0:19],[0:19],[0:19],[0:19],[7:11],[0:19],[0:19],[0:19],[0:19],[0:19],[6:11],0
[0:19],[0:19],[0:19],[0:19],[0:19],[0:19],[0:19],[0:19],[0:19],[0:19],[0:19],[0:19],[0:19],[7:11],[0:19],[0:19],[0:19],[0:19],[0:19],[6:11],0
[0:19],[0:19],[0:19],[0:19],[0:19],[0:19],[0:19],[0:19],[0:19],[0:19],[0:19],[0:19],[0:19],[7:11],[0:19],[0:19],[0:19],[0:19],[0:19],[12:15],0
[0:19],[0:19],[0:19],[0:19],[0:19],[0:19],[0:19],[0:19],[0:19],[0:19],[0:19],[0:19],[0:19],[0:6],[0:19],[0:19],[0:19],[0:19],[0:19],[6:11],0
[0:19],[0:19],[0:19],[0:19],[0:19],[0:19],[0:19],[0:19],[0:19],[0:19],[0:19],[0:19],[0:19],[12:14],[0:19],[0:19],[0:19],[0:19],[0:19],[12:15],1
[0:19],[0:19],[0:19],[0:19],[0:19],[0:19],[0:19],[0:19],[0:19],[0:19],[0:19],[0:19],[0:19],[7:11],[0:19],[0:19],[0:19],[0:19],[0:19],[6:11],0
[0:19],[0:19],[0:19],[0:19],[0:19],[0:19],[0:19],[0:19],[0:19],[0:19],[0:19],[0:19],[0:19],[7:11],[0:19],[0:19],[0:19],[0:19],[0:19],[6:11],0
[0:19],[0:19],[0:19],[0:19],[0:19],[0:19],[0:19],[0:19],[0:19],[0:19],[0:19],[0:19],[0:19],[7:11],[0:19],[0:19],[0:19],[0:19],[0:19],[6:11],1
[0:19],[0:19],[0:19],[0:19],[0:19],[0:19],[0:19],[0:19],[0:19],[0:19],[0:19],[0:19],[0:19],[7:11],[0:19],[0:19],[0:19],[0:19],[0:19],[6:11],1
[0:19],[0:19],[0:19],[0:19],[0:19],[0:19],[0:19],[0:19],[0:19],[0:19],[0:19],[0:19],[0:19],[7:11],[0:19],[0:19],[0:19],[0:19],[0:19],[6:11],1
[0:19],[0:19],[0:19],[0:19],[0:19],[0:19],[0:19],[0:19],[0:19],[0:19],[0:19],[0:19],[0:19],[7:11],[0:19],[0:19],[0:19],[0:19],[0:19],[6:11],1
[0:19],[0:19],[0:19],[0:19],[0:19],[0:19],[0:19],[0:19],[0:19],[0:19],[0:19],[0:19],[0:19],[7:11],[0:19],[0:19],[0:19],[0:19],[0:19],[6:11],0
[0:19],[0:19],[0:19],[0:19],[0:19],[0:19],[0:19],[0:19],[0:19],[0:19],[0:19],[0:19],[0:19],[12:14],[0:19],[0:19],[0:19],[0:19],[0:19],[6:11],1
[0:19],[0:19],[0:19],[0:19],[0:19],[0:19],[0:19],[0:19],[0:19],[0:19],[0:19],[0:19],[0:19],[7:11],[0:19],[0:19],[0:19],[0:19],[0:19],[6:11],0
[0:19],[0:19],[0:19],[0:19],[0:19],[0:19],[0:19],[0:19],[0:19],[0:19],[0:19],[0:19],[0:19],[7:11],[0:19],[0:19],[0:19],[0:19],[0:19],[12:15],0
[0:19],[0:19],[0:19],[0:19],[0:19],[0:19],[0:19],[0:19],[0:19],[0:19],[0:19],[0:19],[0:19],[7:11],[0:19],[0:19],[0:19],[0:19],[0:19],[6:11],1
[0:19],[0:19],[0:19],[0:19],[0:19],[0:19],[0:19],[0:19],[0:19],[0:19],[0:19],[0:19],[0:19],[7:11],[0:19],[0:19],[0:19],[0:19],[0:19],[6:11],1
[0:19],[0:19],[0:19],[0:19],[0:19],[0:19],[0:19],[0:19],[0:19],[0:19],[0:19],[0:19],[0:19],[12:14],[0:19],[0:19],[0:19],[0:19],[0:19],[6:11],0
[0:19],[0:19],[0:19],[0:19],[0:19],[0:19],[0:19],[0:19],[0:19],[0:19],[0:19],[0:19],[0:19],[7:11],[0:19],[0:19],[0:19],[0:19],[0:19],[6:11],0
[0:19],[0:19],[0:19],[0:19],[0:19],[0:19],[0:19],[0:19],[0:19],[0:19],[0:19],[0:19],[0:19],[7:11],[0:19],[0:19],[0:19],[0:19],[0:19],[3:5],0
[0:19],[0:19],[0:19],[0:19],[0:19],[0:19],[0:19],[0:19],[0:19],[0:19],[0:19],[0:19],[0:19],[7:11],[0:19],[0:19],[0:19],[0:19],[0:19],[6:11],1
[0:19],[0:19],[0:19],[0:19],[0:19],[0:19],[0:19],[0:19],[0:19],[0:19],[0:19],[0:19],[0:19],[12:14],[0:19],[0:19],[0:19],[0:19],[0:19],[6:11],1
[0:19],[0:19],[0:19],[0:19],[0:19],[0:19],[0:19],[0:19],[0:19],[0:19],[0:19],[0:19],[0:19],[7:11],[0:19],[0:19],[0:19],[0:19],[0:19],[12:15],1
[0:19],[0:19],[0:19],[0:19],[0:19],[0:19],[0:19],[0:19],[0:19],[0:19],[0:19],[0:19],[0:19],[0:6],[0:19],[0:19],[0:19],[0:19],[0:19],[6:11],0
[0:19],[0:19],[0:19],[0:19],[0:19],[0:19],[0:19],[0:19],[0:19],[0:19],[0:19],[0:19],[0:19],[7:11],[0:19],[0:19],[0:19],[0:19],[0:19],[6:11],0
[0:19],[0:19],[0:19],[0:19],[0:19],[0:19],[0:19],[0:19],[0:19],[0:19],[0:19],[0:19],[0:19],[7:11],[0:19],[0:19],[0:19],[0:19],[0:19],[12:15],0
[0:19],[0:19],[0:19],[0:19],[0:19],[0:19],[0:19],[0:19],[0:19],[0:19],[0:19],[0:19],[0:19],[12:14],[0:19],[0:19],[0:19],[0:19],[0:19],[6:11],0
[0:19],[0:19],[0:19],[0:19],[0:19],[0:19],[0:19],[0:19],[0:19],[0:19],[0:19],[0:19],[0:19],[7:11],[0:19],[0:19],[0:19],[0:19],[0:19],[12:15],0
[0:19],[0:19],[0:19],[0:19],[0:19],[0:19],[0:19],[0:19],[0:19],[0:19],[0:19],[0:19],[0:19],[7:11],[0:19],[0:19],[0:19],[0:19],[0:19],[6:11],0
[0:19],[0:19],[0:19],[0:19],[0:19],[0:19],[0:19],[0:19],[0:19],[0:19],[0:19],[0:19],[0:19],[7:11],[0:19],[0:19],[0:19],[0:19],[0:19],[3:5],0
[0:19],[0:19],[0:19],[0:19],[0:19],[0:19],[0:19],[0:19],[0:19],[0:19],[0:19],[0:19],[0:19],[12:14],[0:19],[0:19],[0:19],[0:19],[0:19],[6:11],1
[0:19],[0:19],[0:19],[0:19],[0:19],[0:19],[0:19],[0:19],[0:19],[0:19],[0:19],[0:19],[0:19],[7:11],[0:19],[0:19],[0:19],[0:19],[0:19],[12:15],1
[0:19],[0:19],[0:19],[0:19],[0:19],[0:19],[0:19],[0:19],[0:19],[0:19],[0:19],[0:19],[0:19],[12:14],[0:19],[0:19],[0:19],[0:19],[0:19],[6:11],1
[0:19],[0:19],[0:19],[0:19],[0:19],[0:19],[0:19],[0:19],[0:19],[0:19],[0:19],[0:19],[0:19],[7:11],[0:19],[0:19],[0:19],[0:19],[0:19],[6:11],1
[0:19],[0:19],[0:19],[0:19],[0:19],[0:19],[0:19],[0:19],[0:19],[0:19],[0:19],[0:19],[0:19],[7:11],[0:19],[0:19],[0:19],[0:19],[0:19],[6:11],0
[0:19],[0:19],[0:19],[0:19],[0:19],[0:19],[0:19],[0:19],[0:19],[0:19],[0:19],[0:19],[0:19],[12:14],[0:19],[0:19],[0:19],[0:19],[0:19],[6:11],0
[0:19],[0:19],[0:19],[0:19],[0:19],[0:19],[0:19],[0:19],[0:19],[0:19],[0:19],[0:19],[0:19],[7:11],[0:19],[0:19],[0:19],[0:19],[0:19],[3:5],0
[0:19],[0:19],[0:19],[0:19],[0:19],[0:19],[0:19],[0:19],[0:19],[0:19],[0:19],[0:19],[0:19],[7:11],[0:19],[0:19],[0:19],[0:19],[0:19],[3:5],0
[0:19],[0:19],[0:19],[0:19],[0:19],[0:19],[0:19],[0:19],[0:19],[0:19],[0:19],[0:19],[0:19],[7:11],[0:19],[0:19],[0:19],[0:19],[0:19],[6:11],1
[0:19],[0:19],[0:19],[0:19],[0:19],[0:19],[0:19],[0:19],[0:19],[0:19],[0:19],[0:19],[0:19],[7:11],[0:19],[0:19],[0:19],[0:19],[0:19],[6:11],1
[0:19],[0:19],[0:19],[0:19],[0:19],[0:19],[0:19],[0:19],[0:19],[0:19],[0:19],[0:19],[0:19],[7:11],[0:19],[0:19],[0:19],[0:19],[0:19],[6:11],0
[0:19],[0:19],[0:19],[0:19],[0:19],[0:19],[0:19],[0:19],[0:19],[0:19],[0:19],[0:19],[0:19],[7:11],[0:19],[0:19],[0:19],[0:19],[0:19],[6:11],0
[0:19],[0:19],[0:19],[0:19],[0:19],[0:19],[0:19],[0:19],[0:19],[0:19],[0:19],[0:19],[0:19],[12:14],[0:19],[0:19],[0:19],[0:19],[0:19],[6:11],1
[0:19],[0:19],[0:19],[0:19],[0:19],[0:19],[0:19],[0:19],[0:19],[0:19],[0:19],[0:19],[0:19],[12:14],[0:19],[0:19],[0:19],[0:19],[0:19],[6:11],1
[0:19],[0:19],[0:19],[0:19],[0:19],[0:19],[0:19],[0:19],[0:19],[0:19],[0:19],[0:19],[0:19],[7:11],[0:19],[0:19],[0:19],[0:19],[0:19],[6:11],1
[0:19],[0:19],[0:19],[0:19],[0:19],[0:19],[0:19],[0:19],[0:19],[0:19],[0:19],[0:19],[0:19],[7:11],[0:19],[0:19],[0:19],[0:19],[0:19],[12:15],1
[0:19],[0:19],[0:19],[0:19],[0:19],[0:19],[0:19],[0:19],[0:19],[0:19],[0:19],[0:19],[0:19],[7:11],[0:19],[0:19],[0:19],[0:19],[0:19],[6:11],1
[0:19],[0:19],[0:19],[0:19],[0:19],[0:19],[0:19],[0:19],[0:19],[0:19],[0:19],[0:19],[0:19],[7:11],[0:19],[0:19],[0:19],[0:19],[0:19],[6:11],1
[0:19],[0:19],[0:19],[0:19],[0:19],[0:19],[0:19],[0:19],[0:19],[0:19],[0:19],[0:19],[0:19],[7:11],[0:19],[0:19],[0:19],[0:19],[0:19],[6:11],0
[0:19],[0:19],[0:19],[0:19],[0:19],[0:19],[0:19],[0:19],[0:19],[0:19],[0:19],[0:19],[0:19],[7:11],[0:19],[0:19],[0:19],[0:19],[0:19],[6:11],0
[0:19],[0:19],[0:19],[0:19],[0:19],[0:19],[0:19],[0:19],[0:19],[0:19],[0:19],[0:19],[0:19],[7:11],[0:19],[0:19],[0:19],[0:19],[0:19],[6:11],0
[0:19],[0:19],[0:19],[0:19],[0:19],[0:19],[0:19],[0:19],[0:19],[0:19],[0:19],[0:19],[0:19],[12:14],[0:19],[0:19],[0:19],[0:19],[0:19],[6:11],0
[0:19],[0:19],[0:19],[0:19],[0:19],[0:19],[0:19],[0:19],[0:19],[0:19],[0:19],[0:19],[0:19],[7:11],[0:19],[0:19],[0:19],[0:19],[0:19],[6:11],0
[0:19],[0:19],[0:19],[0:19],[0:19],[0:19],[0:19],[0:19],[0:19],[0:19],[0:19],[0:19],[0:19],[7:11],[0:19],[0:19],[0:19],[0:19],[0:19],[6:11],0
[0:19],[0:19],[0:19],[0:19],[0:19],[0:19],[0:19],[0:19],[0:19],[0:19],[0:19],[0:19],[0:19],[7:11],[0:19],[0:19],[0:19],[0:19],[0:19],[6:11],1
[0:19],[0:19],[0:19],[0:19],[0:19],[0:19],[0:19],[0:19],[0:19],[0:19],[0:19],[0:19],[0:19],[7:11],[0:19],[0:19],[0:19],[0:19],[0:19],[12:15],0
[0:19],[0:19],[0:19],[0:19],[0:19],[0:19],[0:19],[0:19],[0:19],[0:19],[0:19],[0:19],[0:19],[7:11],[0:19],[0:19],[0:19],[0:19],[0:19],[6:11],1
[0:19],[0:19],[0:19],[0:19],[0:19],[0:19],[0:19],[0:19],[0:19],[0:19],[0:19],[0:19],[0:19],[12:14],[0:19],[0:19],[0:19],[0:19],[0:19],[6:11],1
[0:19],[0:19],[0:19],[0:19],[0:19],[0:19],[0:19],[0:19],[0:19],[0:19],[0:19],[0:19],[0:19],[7:11],[0:19],[0:19],[0:19],[0:19],[0:19],[6:11],1
[0:19],[0:19],[0:19],[0:19],[0:19],[0:19],[0:19],[0:19],[0:19],[0:19],[0:19],[0:19],[0:19],[7:11],[0:19],[0:19],[0:19],[0:19],[0:19],[6:11],1
[0:19],[0:19],[0:19],[0:19],[0:19],[0:19],[0:19],[0:19],[0:19],[0:19],[0:19],[0:19],[0:19],[7:11],[0:19],[0:19],[0:19],[0:19],[0:19],[6:11],1
[0:19],[0:19],[0:19],[0:19],[0:19],[0:19],[0:19],[0:19],[0:19],[0:19],[0:19],[0:19],[0:19],[12:14],[0:19],[0:19],[0:19],[0:19],[0:19],[6:11],0
[0:19],[0:19],[0:19],[0:19],[0:19],[0:19],[0:19],[0:19],[0:19],[0:19],[0:19],[0:19],[0:19],[12:14],[0:19],[0:19],[0:19],[0:19],[0:19],[6:11],0
[0:19],[0:19],[0:19],[0:19],[0:19],[0:19],[0:19],[0:19],[0:19],[0:19],[0:19],[0:19],[0:19],[7:11],[0:19],[0:19],[0:19],[0:19],[0:19],[6:11],1
[0:19],[0:19],[0:19],[0:19],[0:19],[0:19],[0:19],[0:19],[0:19],[0:19],[0:19],[0:19],[0:19],[7:11],[0:19],[0:19],[0:19],[0:19],[0:19],[6:11],0
[0:19],[0:19],[0:19],[0:19],[0:19],[0:19],[0:19],[0:19],[0:19],[0:19],[0:19],[0:19],[0:19],[7:11],[0:19],[0:19],[0:19],[0:19],[0:19],[6:11],1
[0:19],[0:19],[0:19],[0:19],[0:19],[0:19],[0:19],[0:19],[0:19],[0:19],[0:19],[0:19],[0:19],[7:11],[0:19],[0:19],[0:19],[0:19],[0:19],[6:11],1
[0:19],[0:19],[0:19],[0:19],[0:19],[0:19],[0:19],[0:19],[0:19],[0:19],[0:19],[0:19],[0:19],[7:11],[0:19],[0:19],[0:19],[0:19],[0:19],[3:5],0
[0:19],[0:19],[0:19],[0:19],[0:19],[0:19],[0:19],[0:19],[0:19],[0:19],[0:19],[0:19],[0:19],[12:14],[0:19],[0:19],[0:19],[0:19],[0:19],[6:11],1
[0:19],[0:19],[0:19],[0:19],[0:19],[0:19],[0:19],[0:19],[0:19],[0:19],[0:19],[0:19],[0:19],[7:11],[0:19],[0:19],[0:19],[0:19],[0:19],[6:11],1
[0:19],[0:19],[0:19],[0:19],[0:19],[0:19],[0:19],[0:19],[0:19],[0:19],[0:19],[0:19],[0:19],[7:11],[0:19],[0:19],[0:19],[0:19],[0:19],[6:11],0
[0:19],[0:19],[0:19],[0:19],[0:19],[0:19],[0:19],[0:19],[0:19],[0:19],[0:19],[0:19],[0:19],[7:11],[0:19],[0:19],[0:19],[0:19],[0:19],[6:11],1
[0:19],[0:19],[0:19],[0:19],[0:19],[0:19],[0:19],[0:19],[0:19],[0:19],[0:19],[0:19],[0:19],[7:11],[0:19],[0:19],[0:19],[0:19],[0:19],[0:2],0
[0:19],[0:19],[0:19],[0:19],[0:19],[0:19],[0:19],[0:19],[0:19],[0:19],[0:19],[0:19],[0:19],[7:11],[0:19],[0:19],[0:19],[0:19],[0:19],[6:11],0
[0:19],[0:19],[0:19],[0:19],[0:19],[0:19],[0:19],[0:19],[0:19],[0:19],[0:19],[0:19],[0:19],[7:11],[0:19],[0:19],[0:19],[0:19],[0:19],[6:11],0
[0:19],[0:19],[0:19],[0:19],[0:19],[0:19],[0:19],[0:19],[0:19],[0:19],[0:19],[0:19],[0:19],[15:19],[0:19],[0:19],[0:19],[0:19],[0:19],[6:11],0
[0:19],[0:19],[0:19],[0:19],[0:19],[0:19],[0:19],[0:19],[0:19],[0:19],[0:19],[0:19],[0:19],[7:11],[0:19],[0:19],[0:19],[0:19],[0:19],[6:11],0
[0:19],[0:19],[0:19],[0:19],[0:19],[0:19],[0:19],[0:19],[0:19],[0:19],[0:19],[0:19],[0:19],[7:11],[0:19],[0:19],[0:19],[0:19],[0:19],[3:5],0
[0:19],[0:19],[0:19],[0:19],[0:19],[0:19],[0:19],[0:19],[0:19],[0:19],[0:19],[0:19],[0:19],[7:11],[0:19],[0:19],[0:19],[0:19],[0:19],[6:11],1
[0:19],[0:19],[0:19],[0:19],[0:19],[0:19],[0:19],[0:19],[0:19],[0:19],[0:19],[0:19],[0:19],[7:11],[0:19],[0:19],[0:19],[0:19],[0:19],[6:11],1
[0:19],[0:19],[0:19],[0:19],[0:19],[0:19],[0:19],[0:19],[0:19],[0:19],[0:19],[0:19],[0:19],[7:11],[0:19],[0:19],[0:19],[0:19],[0:19],[3:5],0
[0:19],[0:19],[0:19],[0:19],[0:19],[0:19],[0:19],[0:19],[0:19],[0:19],[0:19],[0:19],[0:19],[7:11],[0:19],[0:19],[0:19],[0:19],[0:19],[6:11],0
[0:19],[0:19],[0:19],[0:19],[0:19],[0:19],[0:19],[0:19],[0:19],[0:19],[0:19],[0:19],[0:19],[7:11],[0:19],[0:19],[0:19],[0:19],[0:19],[12:15],0
[0:19],[0:19],[0:19],[0:19],[0:19],[0:19],[0:19],[0:19],[0:19],[0:19],[0:19],[0:19],[0:19],[12:14],[0:19],[0:19],[0:19],[0:19],[0:19],[6:11],0
[0:19],[0:19],[0:19],[0:19],[0:19],[0:19],[0:19],[0:19],[0:19],[0:19],[0:19],[0:19],[0:19],[0:6],[0:19],[0:19],[0:19],[0:19],[0:19],[12:15],0
[0:19],[0:19],[0:19],[0:19],[0:19],[0:19],[0:19],[0:19],[0:19],[0:19],[0:19],[0:19],[0:19],[7:11],[0:19],[0:19],[0:19],[0:19],[0:19],[6:11],1
[0:19],[0:19],[0:19],[0:19],[0:19],[0:19],[0:19],[0:19],[0:19],[0:19],[0:19],[0:19],[0:19],[7:11],[0:19],[0:19],[0:19],[0:19],[0:19],[12:15],0
[0:19],[0:19],[0:19],[0:19],[0:19],[0:19],[0:19],[0:19],[0:19],[0:19],[0:19],[0:19],[0:19],[7:11],[0:19],[0:19],[0:19],[0:19],[0:19],[6:11],0
[0:19],[0:19],[0:19],[0:19],[0:19],[0:19],[0:19],[0:19],[0:19],[0:19],[0:19],[0:19],[0:19],[7:11],[0:19],[0:19],[0:19],[0:19],[0:19],[6:11],1
[0:19],[0:19],[0:19],[0:19],[0:19],[0:19],[0:19],[0:19],[0:19],[0:19],[0:19],[0:19],[0:19],[7:11],[0:19],[0:19],[0:19],[0:19],[0:19],[6:11],0
[0:19],[0:19],[0:19],[0:19],[0:19],[0:19],[0:19],[0:19],[0:19],[0:19],[0:19],[0:19],[0:19],[7:11],[0:19],[0:19],[0:19],[0:19],[0:19],[6:11],0
[0:19],[0:19],[0:19],[0:19],[0:19],[0:19],[0:19],[0:19],[0:19],[0:19],[0:19],[0:19],[0:19],[7:11],[0:19],[0:19],[0:19],[0:19],[0:19],[6:11],1
[0:19],[0:19],[0:19],[0:19],[0:19],[0:19],[0:19],[0:19],[0:19],[0:19],[0:19],[0:19],[0:19],[12:14],[0:19],[0:19],[0:19],[0:19],[0:19],[3:5],0
[0:19],[0:19],[0:19],[0:19],[0:19],[0:19],[0:19],[0:19],[0:19],[0:19],[0:19],[0:19],[0:19],[7:11],[0:19],[0:19],[0:19],[0:19],[0:19],[6:11],1
[0:19],[0:19],[0:19],[0:19],[0:19],[0:19],[0:19],[0:19],[0:19],[0:19],[0:19],[0:19],[0:19],[7:11],[0:19],[0:19],[0:19],[0:19],[0:19],[6:11],1
[0:19],[0:19],[0:19],[0:19],[0:19],[0:19],[0:19],[0:19],[0:19],[0:19],[0:19],[0:19],[0:19],[0:6],[0:19],[0:19],[0:19],[0:19],[0:19],[6:11],0
[0:19],[0:19],[0:19],[0:19],[0:19],[0:19],[0:19],[0:19],[0:19],[0:19],[0:19],[0:19],[0:19],[7:11],[0:19],[0:19],[0:19],[0:19],[0:19],[6:11],1
[0:19],[0:19],[0:19],[0:19],[0:19],[0:19],[0:19],[0:19],[0:19],[0:19],[0:19],[0:19],[0:19],[0:6],[0:19],[0:19],[0:19],[0:19],[0:19],[6:11],0
[0:19],[0:19],[0:19],[0:19],[0:19],[0:19],[0:19],[0:19],[0:19],[0:19],[0:19],[0:19],[0:19],[7:11],[0:19],[0:19],[0:19],[0:19],[0:19],[6:11],1
[0:19],[0:19],[0:19],[0:19],[0:19],[0:19],[0:19],[0:19],[0:19],[0:19],[0:19],[0:19],[0:19],[15:19],[0:19],[0:19],[0:19],[0:19],[0:19],[3:5],0
[0:19],[0:19],[0:19],[0:19],[0:19],[0:19],[0:19],[0:19],[0:19],[0:19],[0:19],[0:19],[0:19],[12:14],[0:19],[0:19],[0:19],[0:19],[0:19],[6:11],0
[0:19],[0:19],[0:19],[0:19],[0:19],[0:19],[0:19],[0:19],[0:19],[0:19],[0:19],[0:19],[0:19],[7:11],[0:19],[0:19],[0:19],[0:19],[0:19],[6:11],1
[0:19],[0:19],[0:19],[0:19],[0:19],[0:19],[0:19],[0:19],[0:19],[0:19],[0:19],[0:19],[0:19],[0:6],[0:19],[0:19],[0:19],[0:19],[0:19],[6:11],0
[0:19],[0:19],[0:19],[0:19],[0:19],[0:19],[0:19],[0:19],[0:19],[0:19],[0:19],[0:19],[0:19],[15:19],[0:19],[0:19],[0:19],[0:19],[0:19],[6:11],0
[0:19],[0:19],[0:19],[0:19],[0:19],[0:19],[0:19],[0:19],[0:19],[0:19],[0:19],[0:19],[0:19],[7:11],[0:19],[0:19],[0:19],[0:19],[0:19],[6:11],0
[0:19],[0:19],[0:19],[0:19],[0:19],[0:19],[0:19],[0:19],[0:19],[0:19],[0:19],[0:19],[0:19],[12:14],[0:19],[0:19],[0:19],[0:19],[0:19],[6:11],0
[0:19],[0:19],[0:19],[0:19],[0:19],[0:19],[0:19],[0:19],[0:19],[0:19],[0:19],[0:19],[0:19],[12:14],[0:19],[0:19],[0:19],[0:19],[0:19],[6:11],1
[0:19],[0:19],[0:19],[0:19],[0:19],[0:19],[0:19],[0:19],[0:19],[0:19],[0:19],[0:19],[0:19],[7:11],[0:19],[0:19],[0:19],[0:19],[0:19],[6:11],0
[0:19],[0:19],[0:19],[0:19],[0:19],[0:19],[0:19],[0:19],[0:19],[0:19],[0:19],[0:19],[0:19],[7:11],[0:19],[0:19],[0:19],[0:19],[0:19],[6:11],1
[0:19],[0:19],[0:19],[0:19],[0:19],[0:19],[0:19],[0:19],[0:19],[0:19],[0:19],[0:19],[0:19],[7:11],[0:19],[0:19],[0:19],[0:19],[0:19],[6:11],1
[0:19],[0:19],[0:19],[0:19],[0:19],[0:19],[0:19],[0:19],[0:19],[0:19],[0:19],[0:19],[0:19],[7:11],[0:19],[0:19],[0:19],[0:19],[0:19],[3:5],0
[0:19],[0:19],[0:19],[0:19],[0:19],[0:19],[0:19],[0:19],[0:19],[0:19],[0:19],[0:19],[0:19],[7:11],[0:19],[0:19],[0:19],[0:19],[0:19],[6:11],0
[0:19],[0:19],[0:19],[0:19],[0:19],[0:19],[0:19],[0:19],[0:19],[0:19],[0:19],[0:19],[0:19],[7:11],[0:19],[0:19],[0:19],[0:19],[0:19],[6:11],1
[0:19],[0:19],[0:19],[0:19],[0:19],[0:19],[0:19],[0:19],[0:19],[0:19],[0:19],[0:19],[0:19],[7:11],[0:19],[0:19],[0:19],[0:19],[0:19],[12:15],0
[0:19],[0:19],[0:19],[0:19],[0:19],[0:19],[0:19],[0:19],[0:19],[0:19],[0:19],[0:19],[0:19],[7:11],[0:19],[0:19],[0:19],[0:19],[0:19],[6:11],0
[0:19],[0:19],[0:19],[0:19],[0:19],[0:19],[0:19],[0:19],[0:19],[0:19],[0:19],[0:19],[0:19],[7:11],[0:19],[0:19],[0:19],[0:19],[0:19],[6:11],1
[0:19],[0:19],[0:19],[0:19],[0:19],[0:19],[0:19],[0:19],[0:19],[0:19],[0:19],[0:19],[0:19],[7:11],[0:19],[0:19],[0:19],[0:19],[0:19],[6:11],1
[0:19],[0:19],[0:19],[0:19],[0:19],[0:19],[0:19],[0:19],[0:19],[0:19],[0:19],[0:19],[0:19],[12:14],[0:19],[0:19],[0:19],[0:19],[0:19],[6:11],0
[0:19],[0:19],[0:19],[0:19],[0:19],[0:19],[0:19],[0:19],[0:19],[0:19],[0:19],[0:19],[0:19],[7:11],[0:19],[0:19],[0:19],[0:19],[0:19],[6:11],0
[0:19],[0:19],[0:19],[0:19],[0:19],[0:19],[0:19],[0:19],[0:19],[0:19],[0:19],[0:19],[0:19],[7:11],[0:19],[0:19],[0:19],[0:19],[0:19],[6:11],1
[0:19],[0:19],[0:19],[0:19],[0:19],[0:19],[0:19],[0:19],[0:19],[0:19],[0:19],[0:19],[0:19],[7:11],[0:19],[0:19],[0:19],[0:19],[0:19],[6:11],1
[0:19],[0:19],[0:19],[0:19],[0:19],[0:19],[0:19],[0:19],[0:19],[0:19],[0:19],[0:19],[0:19],[7:11],[0:19],[0:19],[0:19],[0:19],[0:19],[6:11],1
[0:19],[0:19],[0:19],[0:19],[0:19],[0:19],[0:19],[0:19],[0:19],[0:19],[0:19],[0:19],[0:19],[7:11],[0:19],[0:19],[0:19],[0:19],[0:19],[6:11],0
[0:19],[0:19],[0:19],[0:19],[0:19],[0:19],[0:19],[0:19],[0:19],[0:19],[0:19],[0:19],[0:19],[7:11],[0:19],[0:19],[0:19],[0:19],[0:19],[6:11],0
[0:19],[0:19],[0:19],[0:19],[0:19],[0:19],[0:19],[0:19],[0:19],[0:19],[0:19],[0:19],[0:19],[7:11],[0:19],[0:19],[0:19],[0:19],[0:19],[6:11],0
[0:19],[0:19],[0:19],[0:19],[0:19],[0:19],[0:19],[0:19],[0:19],[0:19],[0:19],[0:19],[0:19],[7:11],[0:19],[0:19],[0:19],[0:19],[0:19],[6:11],0
[0:19],[0:19],[0:19],[0:19],[0:19],[0:19],[0:19],[0:19],[0:19],[0:19],[0:19],[0:19],[0:19],[7:11],[0:19],[0:19],[0:19],[0:19],[0:19],[6:11],0
[0:19],[0:19],[0:19],[0:19],[0:19],[0:19],[0:19],[0:19],[0:19],[0:19],[0:19],[0:19],[0:19],[7:11],[0:19],[0:19],[0:19],[0:19],[0:19],[6:11],0
[0:19],[0:19],[0:19],[0:19],[0:19],[0:19],[0:19],[0:19],[0:19],[0:19],[0:19],[0:19],[0:19],[7:11],[0:19],[0:19],[0:19],[0:19],[0:19],[6:11],1
[0:19],[0:19],[0:19],[0:19],[0:19],[0:19],[0:19],[0:19],[0:19],[0:19],[0:19],[0:19],[0:19],[7:11],[0:19],[0:19],[0:19],[0:19],[0:19],[12:15],0
[0:19],[0:19],[0:19],[0:19],[0:19],[0:19],[0:19],[0:19],[0:19],[0:19],[0:19],[0:19],[0:19],[12:14],[0:19],[0:19],[0:19],[0:19],[0:19],[12:15],0
[0:19],[0:19],[0:19],[0:19],[0:19],[0:19],[0:19],[0:19],[0:19],[0:19],[0:19],[0:19],[0:19],[0:6],[0:19],[0:19],[0:19],[0:19],[0:19],[6:11],0
[0:19],[0:19],[0:19],[0:19],[0:19],[0:19],[0:19],[0:19],[0:19],[0:19],[0:19],[0:19],[0:19],[7:11],[0:19],[0:19],[0:19],[0:19],[0:19],[6:11],1
[0:19],[0:19],[0:19],[0:19],[0:19],[0:19],[0:19],[0:19],[0:19],[0:19],[0:19],[0:19],[0:19],[7:11],[0:19],[0:19],[0:19],[0:19],[0:19],[6:11],1
[0:19],[0:19],[0:19],[0:19],[0:19],[0:19],[0:19],[0:19],[0:19],[0:19],[0:19],[0:19],[0:19],[7:11],[0:19],[0:19],[0:19],[0:19],[0:19],[6:11],1
[0:19],[0:19],[0:19],[0:19],[0:19],[0:19],[0:19],[0:19],[0:19],[0:19],[0:19],[0:19],[0:19],[7:11],[0:19],[0:19],[0:19],[0:19],[0:19],[6:11],1
[0:19],[0:19],[0:19],[0:19],[0:19],[0:19],[0:19],[0:19],[0:19],[0:19],[0:19],[0:19],[0:19],[7:11],[0:19],[0:19],[0:19],[0:19],[0:19],[6:11],1
[0:19],[0:19],[0:19],[0:19],[0:19],[0:19],[0:19],[0:19],[0:19],[0:19],[0:19],[0:19],[0:19],[7:11],[0:19],[0:19],[0:19],[0:19],[0:19],[6:11],1
[0:19],[0:19],[0:19],[0:19],[0:19],[0:19],[0:19],[0:19],[0:19],[0:19],[0:19],[0:19],[0:19],[7:11],[0:19],[0:19],[0:19],[0:19],[0:19],[6:11],1
[0:19],[0:19],[0:19],[0:19],[0:19],[0:19],[0:19],[0:19],[0:19],[0:19],[0:19],[0:19],[0:19],[7:11],[0:19],[0:19],[0:19],[0:19],[0:19],[6:11],1
[0:19],[0:19],[0:19],[0:19],[0:19],[0:19],[0:19],[0:19],[0:19],[0:19],[0:19],[0:19],[0:19],[7:11],[0:19],[0:19],[0:19],[0:19],[0:19],[6:11],1
[0:19],[0:19],[0:19],[0:19],[0:19],[0:19],[0:19],[0:19],[0:19],[0:19],[0:19],[0:19],[0:19],[7:11],[0:19],[0:19],[0:19],[0:19],[0:19],[6:11],1
[0:19],[0:19],[0:19],[0:19],[0:19],[0:19],[0:19],[0:19],[0:19],[0:19],[0:19],[0:19],[0:19],[7:11],[0:19],[0:19],[0:19],[0:19],[0:19],[6:11],1
[0:19],[0:19],[0:19],[0:19],[0:19],[0:19],[0:19],[0:19],[0:19],[0:19],[0:19],[0:19],[0:19],[7:11],[0:19],[0:19],[0:19],[0:19],[0:19],[6:11],1
[0:19],[0:19],[0:19],[0:19],[0:19],[0:19],[0:19],[0:19],[0:19],[0:19],[0:19],[0:19],[0:19],[0:6],[0:19],[0:19],[0:19],[0:19],[0:19],[6:11],0
[0:19],[0:19],[0:19],[0:19],[0:19],[0:19],[0:19],[0:19],[0:19],[0:19],[0:19],[0:19],[0:19],[7:11],[0:19],[0:19],[0:19],[0:19],[0:19],[6:11],1
[0:19],[0:19],[0:19],[0:19],[0:19],[0:19],[0:19],[0:19],[0:19],[0:19],[0:19],[0:19],[0:19],[7:11],[0:19],[0:19],[0:19],[0:19],[0:19],[6:11],1
[0:19],[0:19],[0:19],[0:19],[0:19],[0:19],[0:19],[0:19],[0:19],[0:19],[0:19],[0:19],[0:19],[7:11],[0:19],[0:19],[0:19],[0:19],[0:19],[6:11],1
[0:19],[0:19],[0:19],[0:19],[0:19],[0:19],[0:19],[0:19],[0:19],[0:19],[0:19],[0:19],[0:19],[7:11],[0:19],[0:19],[0:19],[0:19],[0:19],[6:11],1
[0:19],[0:19],[0:19],[0:19],[0:19],[0:19],[0:19],[0:19],[0:19],[0:19],[0:19],[0:19],[0:19],[7:11],[0:19],[0:19],[0:19],[0:19],[0:19],[6:11],0
[0:19],[0:19],[0:19],[0:19],[0:19],[0:19],[0:19],[0:19],[0:19],[0:19],[0:19],[0:19],[0:19],[12:14],[0:19],[0:19],[0:19],[0:19],[0:19],[6:11],0
[0:19],[0:19],[0:19],[0:19],[0:19],[0:19],[0:19],[0:19],[0:19],[0:19],[0:19],[0:19],[0:19],[7:11],[0:19],[0:19],[0:19],[0:19],[0:19],[6:11],1
[0:19],[0:19],[0:19],[0:19],[0:19],[0:19],[0:19],[0:19],[0:19],[0:19],[0:19],[0:19],[0:19],[7:11],[0:19],[0:19],[0:19],[0:19],[0:19],[6:11],1
[0:19],[0:19],[0:19],[0:19],[0:19],[0:19],[0:19],[0:19],[0:19],[0:19],[0:19],[0:19],[0:19],[7:11],[0:19],[0:19],[0:19],[0:19],[0:19],[6:11],0
[0:19],[0:19],[0:19],[0:19],[0:19],[0:19],[0:19],[0:19],[0:19],[0:19],[0:19],[0:19],[0:19],[12:14],[0:19],[0:19],[0:19],[0:19],[0:19],[6:11],0
[0:19],[0:19],[0:19],[0:19],[0:19],[0:19],[0:19],[0:19],[0:19],[0:19],[0:19],[0:19],[0:19],[7:11],[0:19],[0:19],[0:19],[0:19],[0:19],[12:15],1
[0:19],[0:19],[0:19],[0:19],[0:19],[0:19],[0:19],[0:19],[0:19],[0:19],[0:19],[0:19],[0:19],[7:11],[0:19],[0:19],[0:19],[0:19],[0:19],[12:15],0
[0:19],[0:19],[0:19],[0:19],[0:19],[0:19],[0:19],[0:19],[0:19],[0:19],[0:19],[0:19],[0:19],[12:14],[0:19],[0:19],[0:19],[0:19],[0:19],[3:5],0
[0:19],[0:19],[0:19],[0:19],[0:19],[0:19],[0:19],[0:19],[0:19],[0:19],[0:19],[0:19],[0:19],[12:14],[0:19],[0:19],[0:19],[0:19],[0:19],[6:11],0
[0:19],[0:19],[0:19],[0:19],[0:19],[0:19],[0:19],[0:19],[0:19],[0:19],[0:19],[0:19],[0:19],[7:11],[0:19],[0:19],[0:19],[0:19],[0:19],[6:11],1
[0:19],[0:19],[0:19],[0:19],[0:19],[0:19],[0:19],[0:19],[0:19],[0:19],[0:19],[0:19],[0:19],[7:11],[0:19],[0:19],[0:19],[0:19],[0:19],[6:11],0
[0:19],[0:19],[0:19],[0:19],[0:19],[0:19],[0:19],[0:19],[0:19],[0:19],[0:19],[0:19],[0:19],[7:11],[0:19],[0:19],[0:19],[0:19],[0:19],[6:11],1
[0:19],[0:19],[0:19],[0:19],[0:19],[0:19],[0:19],[0:19],[0:19],[0:19],[0:19],[0:19],[0:19],[12:14],[0:19],[0:19],[0:19],[0:19],[0:19],[6:11],0
[0:19],[0:19],[0:19],[0:19],[0:19],[0:19],[0:19],[0:19],[0:19],[0:19],[0:19],[0:19],[0:19],[7:11],[0:19],[0:19],[0:19],[0:19],[0:19],[6:11],1
[0:19],[0:19],[0:19],[0:19],[0:19],[0:19],[0:19],[0:19],[0:19],[0:19],[0:19],[0:19],[0:19],[12:14],[0:19],[0:19],[0:19],[0:19],[0:19],[6:11],0
[0:19],[0:19],[0:19],[0:19],[0:19],[0:19],[0:19],[0:19],[0:19],[0:19],[0:19],[0:19],[0:19],[7:11],[0:19],[0:19],[0:19],[0:19],[0:19],[6:11],1
[0:19],[0:19],[0:19],[0:19],[0:19],[0:19],[0:19],[0:19],[0:19],[0:19],[0:19],[0:19],[0:19],[7:11],[0:19],[0:19],[0:19],[0:19],[0:19],[6:11],0
[0:19],[0:19],[0:19],[0:19],[0:19],[0:19],[0:19],[0:19],[0:19],[0:19],[0:19],[0:19],[0:19],[7:11],[0:19],[0:19],[0:19],[0:19],[0:19],[6:11],0
[0:19],[0:19],[0:19],[0:19],[0:19],[0:19],[0:19],[0:19],[0:19],[0:19],[0:19],[0:19],[0:19],[12:14],[0:19],[0:19],[0:19],[0:19],[0:19],[3:5],0
[0:19],[0:19],[0:19],[0:19],[0:19],[0:19],[0:19],[0:19],[0:19],[0:19],[0:19],[0:19],[0:19],[12:14],[0:19],[0:19],[0:19],[0:19],[0:19],[6:11],1
[0:19],[0:19],[0:19],[0:19],[0:19],[0:19],[0:19],[0:19],[0:19],[0:19],[0:19],[0:19],[0:19],[7:11],[0:19],[0:19],[0:19],[0:19],[0:19],[6:11],1
[0:19],[0:19],[0:19],[0:19],[0:19],[0:19],[0:19],[0:19],[0:19],[0:19],[0:19],[0:19],[0:19],[7:11],[0:19],[0:19],[0:19],[0:19],[0:19],[6:11],1
[0:19],[0:19],[0:19],[0:19],[0:19],[0:19],[0:19],[0:19],[0:19],[0:19],[0:19],[0:19],[0:19],[12:14],[0:19],[0:19],[0:19],[0:19],[0:19],[12:15],0
[0:19],[0:19],[0:19],[0:19],[0:19],[0:19],[0:19],[0:19],[0:19],[0:19],[0:19],[0:19],[0:19],[7:11],[0:19],[0:19],[0:19],[0:19],[0:19],[12:15],0
[0:19],[0:19],[0:19],[0:19],[0:19],[0:19],[0:19],[0:19],[0:19],[0:19],[0:19],[0:19],[0:19],[7:11],[0:19],[0:19],[0:19],[0:19],[0:19],[6:11],0
[0:19],[0:19],[0:19],[0:19],[0:19],[0:19],[0:19],[0:19],[0:19],[0:19],[0:19],[0:19],[0:19],[7:11],[0:19],[0:19],[0:19],[0:19],[0:19],[6:11],0
[0:19],[0:19],[0:19],[0:19],[0:19],[0:19],[0:19],[0:19],[0:19],[0:19],[0:19],[0:19],[0:19],[0:6],[0:19],[0:19],[0:19],[0:19],[0:19],[6:11],0
[0:19],[0:19],[0:19],[0:19],[0:19],[0:19],[0:19],[0:19],[0:19],[0:19],[0:19],[0:19],[0:19],[7:11],[0:19],[0:19],[0:19],[0:19],[0:19],[6:11],1
[0:19],[0:19],[0:19],[0:19],[0:19],[0:19],[0:19],[0:19],[0:19],[0:19],[0:19],[0:19],[0:19],[0:6],[0:19],[0:19],[0:19],[0:19],[0:19],[6:11],0
[0:19],[0:19],[0:19],[0:19],[0:19],[0:19],[0:19],[0:19],[0:19],[0:19],[0:19],[0:19],[0:19],[7:11],[0:19],[0:19],[0:19],[0:19],[0:19],[3:5],0
[0:19],[0:19],[0:19],[0:19],[0:19],[0:19],[0:19],[0:19],[0:19],[0:19],[0:19],[0:19],[0:19],[7:11],[0:19],[0:19],[0:19],[0:19],[0:19],[12:15],0
[0:19],[0:19],[0:19],[0:19],[0:19],[0:19],[0:19],[0:19],[0:19],[0:19],[0:19],[0:19],[0:19],[7:11],[0:19],[0:19],[0:19],[0:19],[0:19],[6:11],1
[0:19],[0:19],[0:19],[0:19],[0:19],[0:19],[0:19],[0:19],[0:19],[0:19],[0:19],[0:19],[0:19],[7:11],[0:19],[0:19],[0:19],[0:19],[0:19],[6:11],1
[0:19],[0:19],[0:19],[0:19],[0:19],[0:19],[0:19],[0:19],[0:19],[0:19],[0:19],[0:19],[0:19],[7:11],[0:19],[0:19],[0:19],[0:19],[0:19],[6:11],1
[0:19],[0:19],[0:19],[0:19],[0:19],[0:19],[0:19],[0:19],[0:19],[0:19],[0:19],[0:19],[0:19],[7:11],[0:19],[0:19],[0:19],[0:19],[0:19],[6:11],1
[0:19],[0:19],[0:19],[0:19],[0:19],[0:19],[0:19],[0:19],[0:19],[0:19],[0:19],[0:19],[0:19],[7:11],[0:19],[0:19],[0:19],[0:19],[0:19],[6:11],1
[0:19],[0:19],[0:19],[0:19],[0:19],[0:19],[0:19],[0:19],[0:19],[0:19],[0:19],[0:19],[0:19],[7:11],[0:19],[0:19],[0:19],[0:19],[0:19],[6:11],1
[0:19],[0:19],[0:19],[0:19],[0:19],[0:19],[0:19],[0:19],[0:19],[0:19],[0:19],[0:19],[0:19],[12:14],[0:19],[0:19],[0:19],[0:19],[0:19],[12:15],0
[0:19],[0:19],[0:19],[0:19],[0:19],[0:19],[0:19],[0:19],[0:19],[0:19],[0:19],[0:19],[0:19],[7:11],[0:19],[0:19],[0:19],[0:19],[0:19],[6:11],0
[0:19],[0:19],[0:19],[0:19],[0:19],[0:19],[0:19],[0:19],[0:19],[0:19],[0:19],[0:19],[0:19],[7:11],[0:19],[0:19],[0:19],[0:19],[0:19],[12:15],0
[0:19],[0:19],[0:19],[0:19],[0:19],[0:19],[0:19],[0:19],[0:19],[0:19],[0:19],[0:19],[0:19],[7:11],[0:19],[0:19],[0:19],[0:19],[0:19],[6:11],1
[0:19],[0:19],[0:19],[0:19],[0:19],[0:19],[0:19],[0:19],[0:19],[0:19],[0:19],[0:19],[0:19],[7:11],[0:19],[0:19],[0:19],[0:19],[0:19],[6:11],0
[0:19],[0:19],[0:19],[0:19],[0:19],[0:19],[0:19],[0:19],[0:19],[0:19],[0:19],[0:19],[0:19],[7:11],[0:19],[0:19],[0:19],[0:19],[0:19],[6:11],0
[0:19],[0:19],[0:19],[0:19],[0:19],[0:19],[0:19],[0:19],[0:19],[0:19],[0:19],[0:19],[0:19],[7:11],[0:19],[0:19],[0:19],[0:19],[0:19],[12:15],1
[0:19],[0:19],[0:19],[0:19],[0:19],[0:19],[0:19],[0:19],[0:19],[0:19],[0:19],[0:19],[0:19],[12:14],[0:19],[0:19],[0:19],[0:19],[0:19],[6:11],0
[0:19],[0:19],[0:19],[0:19],[0:19],[0:19],[0:19],[0:19],[0:19],[0:19],[0:19],[0:19],[0:19],[7:11],[0:19],[0:19],[0:19],[0:19],[0:19],[6:11],0
[0:19],[0:19],[0:19],[0:19],[0:19],[0:19],[0:19],[0:19],[0:19],[0:19],[0:19],[0:19],[0:19],[7:11],[0:19],[0:19],[0:19],[0:19],[0:19],[6:11],0
[0:19],[0:19],[0:19],[0:19],[0:19],[0:19],[0:19],[0:19],[0:19],[0:19],[0:19],[0:19],[0:19],[7:11],[0:19],[0:19],[0:19],[0:19],[0:19],[6:11],1
[0:19],[0:19],[0:19],[0:19],[0:19],[0:19],[0:19],[0:19],[0:19],[0:19],[0:19],[0:19],[0:19],[7:11],[0:19],[0:19],[0:19],[0:19],[0:19],[6:11],0
[0:19],[0:19],[0:19],[0:19],[0:19],[0:19],[0:19],[0:19],[0:19],[0:19],[0:19],[0:19],[0:19],[7:11],[0:19],[0:19],[0:19],[0:19],[0:19],[3:5],0
[0:19],[0:19],[0:19],[0:19],[0:19],[0:19],[0:19],[0:19],[0:19],[0:19],[0:19],[0:19],[0:19],[7:11],[0:19],[0:19],[0:19],[0:19],[0:19],[6:11],0
[0:19],[0:19],[0:19],[0:19],[0:19],[0:19],[0:19],[0:19],[0:19],[0:19],[0:19],[0:19],[0:19],[7:11],[0:19],[0:19],[0:19],[0:19],[0:19],[6:11],1
[0:19],[0:19],[0:19],[0:19],[0:19],[0:19],[0:19],[0:19],[0:19],[0:19],[0:19],[0:19],[0:19],[7:11],[0:19],[0:19],[0:19],[0:19],[0:19],[6:11],0
[0:19],[0:19],[0:19],[0:19],[0:19],[0:19],[0:19],[0:19],[0:19],[0:19],[0:19],[0:19],[0:19],[12:14],[0:19],[0:19],[0:19],[0:19],[0:19],[6:11],0
[0:19],[0:19],[0:19],[0:19],[0:19],[0:19],[0:19],[0:19],[0:19],[0:19],[0:19],[0:19],[0:19],[12:14],[0:19],[0:19],[0:19],[0:19],[0:19],[6:11],1
[0:19],[0:19],[0:19],[0:19],[0:19],[0:19],[0:19],[0:19],[0:19],[0:19],[0:19],[0:19],[0:19],[7:11],[0:19],[0:19],[0:19],[0:19],[0:19],[6:11],1
[0:19],[0:19],[0:19],[0:19],[0:19],[0:19],[0:19],[0:19],[0:19],[0:19],[0:19],[0:19],[0:19],[7:11],[0:19],[0:19],[0:19],[0:19],[0:19],[6:11],0
[0:19],[0:19],[0:19],[0:19],[0:19],[0:19],[0:19],[0:19],[0:19],[0:19],[0:19],[0:19],[0:19],[7:11],[0:19],[0:19],[0:19],[0:19],[0:19],[6:11],0
[0:19],[0:19],[0:19],[0:19],[0:19],[0:19],[0:19],[0:19],[0:19],[0:19],[0:19],[0:19],[0:19],[7:11],[0:19],[0:19],[0:19],[0:19],[0:19],[6:11],1
[0:19],[0:19],[0:19],[0:19],[0:19],[0:19],[0:19],[0:19],[0:19],[0:19],[0:19],[0:19],[0:19],[7:11],[0:19],[0:19],[0:19],[0:19],[0:19],[6:11],1
[0:19],[0:19],[0:19],[0:19],[0:19],[0:19],[0:19],[0:19],[0:19],[0:19],[0:19],[0:19],[0:19],[12:14],[0:19],[0:19],[0:19],[0:19],[0:19],[12:15],0
[0:19],[0:19],[0:19],[0:19],[0:19],[0:19],[0:19],[0:19],[0:19],[0:19],[0:19],[0:19],[0:19],[7:11],[0:19],[0:19],[0:19],[0:19],[0:19],[6:11],0
[0:19],[0:19],[0:19],[0:19],[0:19],[0:19],[0:19],[0:19],[0:19],[0:19],[0:19],[0:19],[0:19],[7:11],[0:19],[0:19],[0:19],[0:19],[0:19],[6:11],1
[0:19],[0:19],[0:19],[0:19],[0:19],[0:19],[0:19],[0:19],[0:19],[0:19],[0:19],[0:19],[0:19],[12:14],[0:19],[0:19],[0:19],[0:19],[0:19],[12:15],0
[0:19],[0:19],[0:19],[0:19],[0:19],[0:19],[0:19],[0:19],[0:19],[0:19],[0:19],[0:19],[0:19],[7:11],[0:19],[0:19],[0:19],[0:19],[0:19],[6:11],0
[0:19],[0:19],[0:19],[0:19],[0:19],[0:19],[0:19],[0:19],[0:19],[0:19],[0:19],[0:19],[0:19],[7:11],[0:19],[0:19],[0:19],[0:19],[0:19],[6:11],1
[0:19],[0:19],[0:19],[0:19],[0:19],[0:19],[0:19],[0:19],[0:19],[0:19],[0:19],[0:19],[0:19],[7:11],[0:19],[0:19],[0:19],[0:19],[0:19],[6:11],1
[0:19],[0:19],[0:19],[0:19],[0:19],[0:19],[0:19],[0:19],[0:19],[0:19],[0:19],[0:19],[0:19],[7:11],[0:19],[0:19],[0:19],[0:19],[0:19],[3:5],0
[0:19],[0:19],[0:19],[0:19],[0:19],[0:19],[0:19],[0:19],[0:19],[0:19],[0:19],[0:19],[0:19],[7:11],[0:19],[0:19],[0:19],[0:19],[0:19],[6:11],0
[0:19],[0:19],[0:19],[0:19],[0:19],[0:19],[0:19],[0:19],[0:19],[0:19],[0:19],[0:19],[0:19],[7:11],[0:19],[0:19],[0:19],[0:19],[0:19],[6:11],1
[0:19],[0:19],[0:19],[0:19],[0:19],[0:19],[0:19],[0:19],[0:19],[0:19],[0:19],[0:19],[0:19],[7:11],[0:19],[0:19],[0:19],[0:19],[0:19],[6:11],1
[0:19],[0:19],[0:19],[0:19],[0:19],[0:19],[0:19],[0:19],[0:19],[0:19],[0:19],[0:19],[0:19],[7:11],[0:19],[0:19],[0:19],[0:19],[0:19],[6:11],1
[0:19],[0:19],[0:19],[0:19],[0:19],[0:19],[0:19],[0:19],[0:19],[0:19],[0:19],[0:19],[0:19],[7:11],[0:19],[0:19],[0:19],[0:19],[0:19],[6:11],1
[0:19],[0:19],[0:19],[0:19],[0:19],[0:19],[0:19],[0:19],[0:19],[0:19],[0:19],[0:19],[0:19],[7:11],[0:19],[0:19],[0:19],[0:19],[0:19],[6:11],0
[0:19],[0:19],[0:19],[0:19],[0:19],[0:19],[0:19],[0:19],[0:19],[0:19],[0:19],[0:19],[0:19],[7:11],[0:19],[0:19],[0:19],[0:19],[0:19],[6:11],1
[0:19],[0:19],[0:19],[0:19],[0:19],[0:19],[0:19],[0:19],[0:19],[0:19],[0:19],[0:19],[0:19],[7:11],[0:19],[0:19],[0:19],[0:19],[0:19],[6:11],1
[0:19],[0:19],[0:19],[0:19],[0:19],[0:19],[0:19],[0:19],[0:19],[0:19],[0:19],[0:19],[0:19],[12:14],[0:19],[0:19],[0:19],[0:19],[0:19],[6:11],1
[0:19],[0:19],[0:19],[0:19],[0:19],[0:19],[0:19],[0:19],[0:19],[0:19],[0:19],[0:19],[0:19],[7:11],[0:19],[0:19],[0:19],[0:19],[0:19],[6:11],1
[0:19],[0:19],[0:19],[0:19],[0:19],[0:19],[0:19],[0:19],[0:19],[0:19],[0:19],[0:19],[0:19],[7:11],[0:19],[0:19],[0:19],[0:19],[0:19],[3:5],0
[0:19],[0:19],[0:19],[0:19],[0:19],[0:19],[0:19],[0:19],[0:19],[0:19],[0:19],[0:19],[0:19],[7:11],[0:19],[0:19],[0:19],[0:19],[0:19],[6:11],1
[0:19],[0:19],[0:19],[0:19],[0:19],[0:19],[0:19],[0:19],[0:19],[0:19],[0:19],[0:19],[0:19],[7:11],[0:19],[0:19],[0:19],[0:19],[0:19],[6:11],1
[0:19],[0:19],[0:19],[0:19],[0:19],[0:19],[0:19],[0:19],[0:19],[0:19],[0:19],[0:19],[0:19],[12:14],[0:19],[0:19],[0:19],[0:19],[0:19],[6:11],0
[0:19],[0:19],[0:19],[0:19],[0:19],[0:19],[0:19],[0:19],[0:19],[0:19],[0:19],[0:19],[0:19],[12:14],[0:19],[0:19],[0:19],[0:19],[0:19],[12:15],0
[0:19],[0:19],[0:19],[0:19],[0:19],[0:19],[0:19],[0:19],[0:19],[0:19],[0:19],[0:19],[0:19],[7:11],[0:19],[0:19],[0:19],[0:19],[0:19],[12:15],1
[0:19],[0:19],[0:19],[0:19],[0:19],[0:19],[0:19],[0:19],[0:19],[0:19],[0:19],[0:19],[0:19],[12:14],[0:19],[0:19],[0:19],[0:19],[0:19],[6:11],0
[0:19],[0:19],[0:19],[0:19],[0:19],[0:19],[0:19],[0:19],[0:19],[0:19],[0:19],[0:19],[0:19],[7:11],[0:19],[0:19],[0:19],[0:19],[0:19],[6:11],0
[0:19],[0:19],[0:19],[0:19],[0:19],[0:19],[0:19],[0:19],[0:19],[0:19],[0:19],[0:19],[0:19],[7:11],[0:19],[0:19],[0:19],[0:19],[0:19],[6:11],0
[0:19],[0:19],[0:19],[0:19],[0:19],[0:19],[0:19],[0:19],[0:19],[0:19],[0:19],[0:19],[0:19],[12:14],[0:19],[0:19],[0:19],[0:19],[0:19],[6:11],0
[0:19],[0:19],[0:19],[0:19],[0:19],[0:19],[0:19],[0:19],[0:19],[0:19],[0:19],[0:19],[0:19],[7:11],[0:19],[0:19],[0:19],[0:19],[0:19],[3:5],0
[0:19],[0:19],[0:19],[0:19],[0:19],[0:19],[0:19],[0:19],[0:19],[0:19],[0:19],[0:19],[0:19],[12:14],[0:19],[0:19],[0:19],[0:19],[0:19],[6:11],0
[0:19],[0:19],[0:19],[0:19],[0:19],[0:19],[0:19],[0:19],[0:19],[0:19],[0:19],[0:19],[0:19],[7:11],[0:19],[0:19],[0:19],[0:19],[0:19],[6:11],1
[0:19],[0:19],[0:19],[0:19],[0:19],[0:19],[0:19],[0:19],[0:19],[0:19],[0:19],[0:19],[0:19],[7:11],[0:19],[0:19],[0:19],[0:19],[0:19],[12:15],0
[0:19],[0:19],[0:19],[0:19],[0:19],[0:19],[0:19],[0:19],[0:19],[0:19],[0:19],[0:19],[0:19],[7:11],[0:19],[0:19],[0:19],[0:19],[0:19],[12:15],0
[0:19],[0:19],[0:19],[0:19],[0:19],[0:19],[0:19],[0:19],[0:19],[0:19],[0:19],[0:19],[0:19],[7:11],[0:19],[0:19],[0:19],[0:19],[0:19],[6:11],1
[0:19],[0:19],[0:19],[0:19],[0:19],[0:19],[0:19],[0:19],[0:19],[0:19],[0:19],[0:19],[0:19],[0:6],[0:19],[0:19],[0:19],[0:19],[0:19],[6:11],0
[0:19],[0:19],[0:19],[0:19],[0:19],[0:19],[0:19],[0:19],[0:19],[0:19],[0:19],[0:19],[0:19],[12:14],[0:19],[0:19],[0:19],[0:19],[0:19],[6:11],0
[0:19],[0:19],[0:19],[0:19],[0:19],[0:19],[0:19],[0:19],[0:19],[0:19],[0:19],[0:19],[0:19],[7:11],[0:19],[0:19],[0:19],[0:19],[0:19],[0:2],0
[0:19],[0:19],[0:19],[0:19],[0:19],[0:19],[0:19],[0:19],[0:19],[0:19],[0:19],[0:19],[0:19],[7:11],[0:19],[0:19],[0:19],[0:19],[0:19],[6:11],0
[0:19],[0:19],[0:19],[0:19],[0:19],[0:19],[0:19],[0:19],[0:19],[0:19],[0:19],[0:19],[0:19],[7:11],[0:19],[0:19],[0:19],[0:19],[0:19],[6:11],1
[0:19],[0:19],[0:19],[0:19],[0:19],[0:19],[0:19],[0:19],[0:19],[0:19],[0:19],[0:19],[0:19],[12:14],[0:19],[0:19],[0:19],[0:19],[0:19],[6:11],1
[0:19],[0:19],[0:19],[0:19],[0:19],[0:19],[0:19],[0:19],[0:19],[0:19],[0:19],[0:19],[0:19],[12:14],[0:19],[0:19],[0:19],[0:19],[0:19],[6:11],0
[0:19],[0:19],[0:19],[0:19],[0:19],[0:19],[0:19],[0:19],[0:19],[0:19],[0:19],[0:19],[0:19],[7:11],[0:19],[0:19],[0:19],[0:19],[0:19],[6:11],0
[0:19],[0:19],[0:19],[0:19],[0:19],[0:19],[0:19],[0:19],[0:19],[0:19],[0:19],[0:19],[0:19],[7:11],[0:19],[0:19],[0:19],[0:19],[0:19],[6:11],0
[0:19],[0:19],[0:19],[0:19],[0:19],[0:19],[0:19],[0:19],[0:19],[0:19],[0:19],[0:19],[0:19],[7:11],[0:19],[0:19],[0:19],[0:19],[0:19],[6:11],1
[0:19],[0:19],[0:19],[0:19],[0:19],[0:19],[0:19],[0:19],[0:19],[0:19],[0:19],[0:19],[0:19],[0:6],[0:19],[0:19],[0:19],[0:19],[0:19],[6:11],0
[0:19],[0:19],[0:19],[0:19],[0:19],[0:19],[0:19],[0:19],[0:19],[0:19],[0:19],[0:19],[0:19],[12:14],[0:19],[0:19],[0:19],[0:19],[0:19],[6:11],1
[0:19],[0:19],[0:19],[0:19],[0:19],[0:19],[0:19],[0:19],[0:19],[0:19],[0:19],[0:19],[0:19],[7:11],[0:19],[0:19],[0:19],[0:19],[0:19],[6:11],1
[0:19],[0:19],[0:19],[0:19],[0:19],[0:19],[0:19],[0:19],[0:19],[0:19],[0:19],[0:19],[0:19],[7:11],[0:19],[0:19],[0:19],[0:19],[0:19],[6:11],1
[0:19],[0:19],[0:19],[0:19],[0:19],[0:19],[0:19],[0:19],[0:19],[0:19],[0:19],[0:19],[0:19],[12:14],[0:19],[0:19],[0:19],[0:19],[0:19],[6:11],0
[0:19],[0:19],[0:19],[0:19],[0:19],[0:19],[0:19],[0:19],[0:19],[0:19],[0:19],[0:19],[0:19],[7:11],[0:19],[0:19],[0:19],[0:19],[0:19],[6:11],0
[0:19],[0:19],[0:19],[0:19],[0:19],[0:19],[0:19],[0:19],[0:19],[0:19],[0:19],[0:19],[0:19],[0:6],[0:19],[0:19],[0:19],[0:19],[0:19],[3:5],0
[0:19],[0:19],[0:19],[0:19],[0:19],[0:19],[0:19],[0:19],[0:19],[0:19],[0:19],[0:19],[0:19],[7:11],[0:19],[0:19],[0:19],[0:19],[0:19],[6:11],0
[0:19],[0:19],[0:19],[0:19],[0:19],[0:19],[0:19],[0:19],[0:19],[0:19],[0:19],[0:19],[0:19],[7:11],[0:19],[0:19],[0:19],[0:19],[0:19],[6:11],0
[0:19],[0:19],[0:19],[0:19],[0:19],[0:19],[0:19],[0:19],[0:19],[0:19],[0:19],[0:19],[0:19],[12:14],[0:19],[0:19],[0:19],[0:19],[0:19],[3:5],0
[0:19],[0:19],[0:19],[0:19],[0:19],[0:19],[0:19],[0:19],[0:19],[0:19],[0:19],[0:19],[0:19],[12:14],[0:19],[0:19],[0:19],[0:19],[0:19],[6:11],0
[0:19],[0:19],[0:19],[0:19],[0:19],[0:19],[0:19],[0:19],[0:19],[0:19],[0:19],[0:19],[0:19],[7:11],[0:19],[0:19],[0:19],[0:19],[0:19],[12:15],0
[0:19],[0:19],[0:19],[0:19],[0:19],[0:19],[0:19],[0:19],[0:19],[0:19],[0:19],[0:19],[0:19],[7:11],[0:19],[0:19],[0:19],[0:19],[0:19],[6:11],1
[0:19],[0:19],[0:19],[0:19],[0:19],[0:19],[0:19],[0:19],[0:19],[0:19],[0:19],[0:19],[0:19],[12:14],[0:19],[0:19],[0:19],[0:19],[0:19],[6:11],1
[0:19],[0:19],[0:19],[0:19],[0:19],[0:19],[0:19],[0:19],[0:19],[0:19],[0:19],[0:19],[0:19],[15:19],[0:19],[0:19],[0:19],[0:19],[0:19],[6:11],0
[0:19],[0:19],[0:19],[0:19],[0:19],[0:19],[0:19],[0:19],[0:19],[0:19],[0:19],[0:19],[0:19],[7:11],[0:19],[0:19],[0:19],[0:19],[0:19],[6:11],1
[0:19],[0:19],[0:19],[0:19],[0:19],[0:19],[0:19],[0:19],[0:19],[0:19],[0:19],[0:19],[0:19],[7:11],[0:19],[0:19],[0:19],[0:19],[0:19],[3:5],0
[0:19],[0:19],[0:19],[0:19],[0:19],[0:19],[0:19],[0:19],[0:19],[0:19],[0:19],[0:19],[0:19],[7:11],[0:19],[0:19],[0:19],[0:19],[0:19],[6:11],1
[0:19],[0:19],[0:19],[0:19],[0:19],[0:19],[0:19],[0:19],[0:19],[0:19],[0:19],[0:19],[0:19],[12:14],[0:19],[0:19],[0:19],[0:19],[0:19],[6:11],0
[0:19],[0:19],[0:19],[0:19],[0:19],[0:19],[0:19],[0:19],[0:19],[0:19],[0:19],[0:19],[0:19],[7:11],[0:19],[0:19],[0:19],[0:19],[0:19],[12:15],0
[0:19],[0:19],[0:19],[0:19],[0:19],[0:19],[0:19],[0:19],[0:19],[0:19],[0:19],[0:19],[0:19],[7:11],[0:19],[0:19],[0:19],[0:19],[0:19],[6:11],1
[0:19],[0:19],[0:19],[0:19],[0:19],[0:19],[0:19],[0:19],[0:19],[0:19],[0:19],[0:19],[0:19],[7:11],[0:19],[0:19],[0:19],[0:19],[0:19],[6:11],1
[0:19],[0:19],[0:19],[0:19],[0:19],[0:19],[0:19],[0:19],[0:19],[0:19],[0:19],[0:19],[0:19],[7:11],[0:19],[0:19],[0:19],[0:19],[0:19],[12:15],1
[0:19],[0:19],[0:19],[0:19],[0:19],[0:19],[0:19],[0:19],[0:19],[0:19],[0:19],[0:19],[0:19],[7:11],[0:19],[0:19],[0:19],[0:19],[0:19],[6:11],0
[0:19],[0:19],[0:19],[0:19],[0:19],[0:19],[0:19],[0:19],[0:19],[0:19],[0:19],[0:19],[0:19],[12:14],[0:19],[0:19],[0:19],[0:19],[0:19],[6:11],1
[0:19],[0:19],[0:19],[0:19],[0:19],[0:19],[0:19],[0:19],[0:19],[0:19],[0:19],[0:19],[0:19],[0:6],[0:19],[0:19],[0:19],[0:19],[0:19],[6:11],0
[0:19],[0:19],[0:19],[0:19],[0:19],[0:19],[0:19],[0:19],[0:19],[0:19],[0:19],[0:19],[0:19],[7:11],[0:19],[0:19],[0:19],[0:19],[0:19],[6:11],0
[0:19],[0:19],[0:19],[0:19],[0:19],[0:19],[0:19],[0:19],[0:19],[0:19],[0:19],[0:19],[0:19],[7:11],[0:19],[0:19],[0:19],[0:19],[0:19],[6:11],1
[0:19],[0:19],[0:19],[0:19],[0:19],[0:19],[0:19],[0:19],[0:19],[0:19],[0:19],[0:19],[0:19],[12:14],[0:19],[0:19],[0:19],[0:19],[0:19],[6:11],1
[0:19],[0:19],[0:19],[0:19],[0:19],[0:19],[0:19],[0:19],[0:19],[0:19],[0:19],[0:19],[0:19],[7:11],[0:19],[0:19],[0:19],[0:19],[0:19],[6:11],0
[0:19],[0:19],[0:19],[0:19],[0:19],[0:19],[0:19],[0:19],[0:19],[0:19],[0:19],[0:19],[0:19],[7:11],[0:19],[0:19],[0:19],[0:19],[0:19],[6:11],1
[0:19],[0:19],[0:19],[0:19],[0:19],[0:19],[0:19],[0:19],[0:19],[0:19],[0:19],[0:19],[0:19],[12:14],[0:19],[0:19],[0:19],[0:19],[0:19],[6:11],1
[0:19],[0:19],[0:19],[0:19],[0:19],[0:19],[0:19],[0:19],[0:19],[0:19],[0:19],[0:19],[0:19],[7:11],[0:19],[0:19],[0:19],[0:19],[0:19],[6:11],0
[0:19],[0:19],[0:19],[0:19],[0:19],[0:19],[0:19],[0:19],[0:19],[0:19],[0:19],[0:19],[0:19],[7:11],[0:19],[0:19],[0:19],[0:19],[0:19],[6:11],1
[0:19],[0:19],[0:19],[0:19],[0:19],[0:19],[0:19],[0:19],[0:19],[0:19],[0:19],[0:19],[0:19],[7:11],[0:19],[0:19],[0:19],[0:19],[0:19],[6:11],1
[0:19],[0:19],[0:19],[0:19],[0:19],[0:19],[0:19],[0:19],[0:19],[0:19],[0:19],[0:19],[0:19],[7:11],[0:19],[0:19],[0:19],[0:19],[0:19],[12:15],0
[0:19],[0:19],[0:19],[0:19],[0:19],[0:19],[0:19],[0:19],[0:19],[0:19],[0:19],[0:19],[0:19],[7:11],[0:19],[0:19],[0:19],[0:19],[0:19],[12:15],1
[0:19],[0:19],[0:19],[0:19],[0:19],[0:19],[0:19],[0:19],[0:19],[0:19],[0:19],[0:19],[0:19],[7:11],[0:19],[0:19],[0:19],[0:19],[0:19],[6:11],0
[0:19],[0:19],[0:19],[0:19],[0:19],[0:19],[0:19],[0:19],[0:19],[0:19],[0:19],[0:19],[0:19],[7:11],[0:19],[0:19],[0:19],[0:19],[0:19],[6:11],1
[0:19],[0:19],[0:19],[0:19],[0:19],[0:19],[0:19],[0:19],[0:19],[0:19],[0:19],[0:19],[0:19],[12:14],[0:19],[0:19],[0:19],[0:19],[0:19],[6:11],1
[0:19],[0:19],[0:19],[0:19],[0:19],[0:19],[0:19],[0:19],[0:19],[0:19],[0:19],[0:19],[0:19],[7:11],[0:19],[0:19],[0:19],[0:19],[0:19],[6:11],1
[0:19],[0:19],[0:19],[0:19],[0:19],[0:19],[0:19],[0:19],[0:19],[0:19],[0:19],[0:19],[0:19],[15:19],[0:19],[0:19],[0:19],[0:19],[0:19],[6:11],0
[0:19],[0:19],[0:19],[0:19],[0:19],[0:19],[0:19],[0:19],[0:19],[0:19],[0:19],[0:19],[0:19],[7:11],[0:19],[0:19],[0:19],[0:19],[0:19],[6:11],1
[0:19],[0:19],[0:19],[0:19],[0:19],[0:19],[0:19],[0:19],[0:19],[0:19],[0:19],[0:19],[0:19],[7:11],[0:19],[0:19],[0:19],[0:19],[0:19],[6:11],0
[0:19],[0:19],[0:19],[0:19],[0:19],[0:19],[0:19],[0:19],[0:19],[0:19],[0:19],[0:19],[0:19],[7:11],[0:19],[0:19],[0:19],[0:19],[0:19],[6:11],1
[0:19],[0:19],[0:19],[0:19],[0:19],[0:19],[0:19],[0:19],[0:19],[0:19],[0:19],[0:19],[0:19],[7:11],[0:19],[0:19],[0:19],[0:19],[0:19],[6:11],1
[0:19],[0:19],[0:19],[0:19],[0:19],[0:19],[0:19],[0:19],[0:19],[0:19],[0:19],[0:19],[0:19],[7:11],[0:19],[0:19],[0:19],[0:19],[0:19],[6:11],1
[0:19],[0:19],[0:19],[0:19],[0:19],[0:19],[0:19],[0:19],[0:19],[0:19],[0:19],[0:19],[0:19],[7:11],[0:19],[0:19],[0:19],[0:19],[0:19],[6:11],1
[0:19],[0:19],[0:19],[0:19],[0:19],[0:19],[0:19],[0:19],[0:19],[0:19],[0:19],[0:19],[0:19],[7:11],[0:19],[0:19],[0:19],[0:19],[0:19],[12:15],1
[0:19],[0:19],[0:19],[0:19],[0:19],[0:19],[0:19],[0:19],[0:19],[0:19],[0:19],[0:19],[0:19],[7:11],[0:19],[0:19],[0:19],[0:19],[0:19],[6:11],1
[0:19],[0:19],[0:19],[0:19],[0:19],[0:19],[0:19],[0:19],[0:19],[0:19],[0:19],[0:19],[0:19],[12:14],[0:19],[0:19],[0:19],[0:19],[0:19],[6:11],0
[0:19],[0:19],[0:19],[0:19],[0:19],[0:19],[0:19],[0:19],[0:19],[0:19],[0:19],[0:19],[0:19],[0:6],[0:19],[0:19],[0:19],[0:19],[0:19],[6:11],0
[0:19],[0:19],[0:19],[0:19],[0:19],[0:19],[0:19],[0:19],[0:19],[0:19],[0:19],[0:19],[0:19],[7:11],[0:19],[0:19],[0:19],[0:19],[0:19],[6:11],1
[0:19],[0:19],[0:19],[0:19],[0:19],[0:19],[0:19],[0:19],[0:19],[0:19],[0:19],[0:19],[0:19],[7:11],[0:19],[0:19],[0:19],[0:19],[0:19],[6:11],1
[0:19],[0:19],[0:19],[0:19],[0:19],[0:19],[0:19],[0:19],[0:19],[0:19],[0:19],[0:19],[0:19],[7:11],[0:19],[0:19],[0:19],[0:19],[0:19],[6:11],1
[0:19],[0:19],[0:19],[0:19],[0:19],[0:19],[0:19],[0:19],[0:19],[0:19],[0:19],[0:19],[0:19],[7:11],[0:19],[0:19],[0:19],[0:19],[0:19],[6:11],1
[0:19],[0:19],[0:19],[0:19],[0:19],[0:19],[0:19],[0:19],[0:19],[0:19],[0:19],[0:19],[0:19],[12:14],[0:19],[0:19],[0:19],[0:19],[0:19],[16:19],0
[0:19],[0:19],[0:19],[0:19],[0:19],[0:19],[0:19],[0:19],[0:19],[0:19],[0:19],[0:19],[0:19],[7:11],[0:19],[0:19],[0:19],[0:19],[0:19],[6:11],1
[0:19],[0:19],[0:19],[0:19],[0:19],[0:19],[0:19],[0:19],[0:19],[0:19],[0:19],[0:19],[0:19],[7:11],[0:19],[0:19],[0:19],[0:19],[0:19],[6:11],1
[0:19],[0:19],[0:19],[0:19],[0:19],[0:19],[0:19],[0:19],[0:19],[0:19],[0:19],[0:19],[0:19],[12:14],[0:19],[0:19],[0:19],[0:19],[0:19],[6:11],0
[0:19],[0:19],[0:19],[0:19],[0:19],[0:19],[0:19],[0:19],[0:19],[0:19],[0:19],[0:19],[0:19],[12:14],[0:19],[0:19],[0:19],[0:19],[0:19],[6:11],1
[0:19],[0:19],[0:19],[0:19],[0:19],[0:19],[0:19],[0:19],[0:19],[0:19],[0:19],[0:19],[0:19],[7:11],[0:19],[0:19],[0:19],[0:19],[0:19],[6:11],1
[0:19],[0:19],[0:19],[0:19],[0:19],[0:19],[0:19],[0:19],[0:19],[0:19],[0:19],[0:19],[0:19],[7:11],[0:19],[0:19],[0:19],[0:19],[0:19],[6:11],0
[0:19],[0:19],[0:19],[0:19],[0:19],[0:19],[0:19],[0:19],[0:19],[0:19],[0:19],[0:19],[0:19],[7:11],[0:19],[0:19],[0:19],[0:19],[0:19],[6:11],0
[0:19],[0:19],[0:19],[0:19],[0:19],[0:19],[0:19],[0:19],[0:19],[0:19],[0:19],[0:19],[0:19],[7:11],[0:19],[0:19],[0:19],[0:19],[0:19],[12:15],0
[0:19],[0:19],[0:19],[0:19],[0:19],[0:19],[0:19],[0:19],[0:19],[0:19],[0:19],[0:19],[0:19],[7:11],[0:19],[0:19],[0:19],[0:19],[0:19],[6:11],0
[0:19],[0:19],[0:19],[0:19],[0:19],[0:19],[0:19],[0:19],[0:19],[0:19],[0:19],[0:19],[0:19],[7:11],[0:19],[0:19],[0:19],[0:19],[0:19],[6:11],1
[0:19],[0:19],[0:19],[0:19],[0:19],[0:19],[0:19],[0:19],[0:19],[0:19],[0:19],[0:19],[0:19],[7:11],[0:19],[0:19],[0:19],[0:19],[0:19],[12:15],0
[0:19],[0:19],[0:19],[0:19],[0:19],[0:19],[0:19],[0:19],[0:19],[0:19],[0:19],[0:19],[0:19],[12:14],[0:19],[0:19],[0:19],[0:19],[0:19],[6:11],1
[0:19],[0:19],[0:19],[0:19],[0:19],[0:19],[0:19],[0:19],[0:19],[0:19],[0:19],[0:19],[0:19],[7:11],[0:19],[0:19],[0:19],[0:19],[0:19],[6:11],1
[0:19],[0:19],[0:19],[0:19],[0:19],[0:19],[0:19],[0:19],[0:19],[0:19],[0:19],[0:19],[0:19],[12:14],[0:19],[0:19],[0:19],[0:19],[0:19],[6:11],1
[0:19],[0:19],[0:19],[0:19],[0:19],[0:19],[0:19],[0:19],[0:19],[0:19],[0:19],[0:19],[0:19],[7:11],[0:19],[0:19],[0:19],[0:19],[0:19],[6:11],1
[0:19],[0:19],[0:19],[0:19],[0:19],[0:19],[0:19],[0:19],[0:19],[0:19],[0:19],[0:19],[0:19],[12:14],[0:19],[0:19],[0:19],[0:19],[0:19],[6:11],1
[0:19],[0:19],[0:19],[0:19],[0:19],[0:19],[0:19],[0:19],[0:19],[0:19],[0:19],[0:19],[0:19],[7:11],[0:19],[0:19],[0:19],[0:19],[0:19],[6:11],0
[0:19],[0:19],[0:19],[0:19],[0:19],[0:19],[0:19],[0:19],[0:19],[0:19],[0:19],[0:19],[0:19],[7:11],[0:19],[0:19],[0:19],[0:19],[0:19],[6:11],1
[0:19],[0:19],[0:19],[0:19],[0:19],[0:19],[0:19],[0:19],[0:19],[0:19],[0:19],[0:19],[0:19],[7:11],[0:19],[0:19],[0:19],[0:19],[0:19],[6:11],0
[0:19],[0:19],[0:19],[0:19],[0:19],[0:19],[0:19],[0:19],[0:19],[0:19],[0:19],[0:19],[0:19],[7:11],[0:19],[0:19],[0:19],[0:19],[0:19],[6:11],1
[0:19],[0:19],[0:19],[0:19],[0:19],[0:19],[0:19],[0:19],[0:19],[0:19],[0:19],[0:19],[0:19],[7:11],[0:19],[0:19],[0:19],[0:19],[0:19],[6:11],1
[0:19],[0:19],[0:19],[0:19],[0:19],[0:19],[0:19],[0:19],[0:19],[0:19],[0:19],[0:19],[0:19],[7:11],[0:19],[0:19],[0:19],[0:19],[0:19],[6:11],0
[0:19],[0:19],[0:19],[0:19],[0:19],[0:19],[0:19],[0:19],[0:19],[0:19],[0:19],[0:19],[0:19],[12:14],[0:19],[0:19],[0:19],[0:19],[0:19],[12:15],0
[0:19],[0:19],[0:19],[0:19],[0:19],[0:19],[0:19],[0:19],[0:19],[0:19],[0:19],[0:19],[0:19],[7:11],[0:19],[0:19],[0:19],[0:19],[0:19],[6:11],1
[0:19],[0:19],[0:19],[0:19],[0:19],[0:19],[0:19],[0:19],[0:19],[0:19],[0:19],[0:19],[0:19],[7:11],[0:19],[0:19],[0:19],[0:19],[0:19],[6:11],1
[0:19],[0:19],[0:19],[0:19],[0:19],[0:19],[0:19],[0:19],[0:19],[0:19],[0:19],[0:19],[0:19],[7:11],[0:19],[0:19],[0:19],[0:19],[0:19],[6:11],1
[0:19],[0:19],[0:19],[0:19],[0:19],[0:19],[0:19],[0:19],[0:19],[0:19],[0:19],[0:19],[0:19],[12:14],[0:19],[0:19],[0:19],[0:19],[0:19],[16:19],0
[0:19],[0:19],[0:19],[0:19],[0:19],[0:19],[0:19],[0:19],[0:19],[0:19],[0:19],[0:19],[0:19],[12:14],[0:19],[0:19],[0:19],[0:19],[0:19],[6:11],1
[0:19],[0:19],[0:19],[0:19],[0:19],[0:19],[0:19],[0:19],[0:19],[0:19],[0:19],[0:19],[0:19],[7:11],[0:19],[0:19],[0:19],[0:19],[0:19],[12:15],0
[0:19],[0:19],[0:19],[0:19],[0:19],[0:19],[0:19],[0:19],[0:19],[0:19],[0:19],[0:19],[0:19],[7:11],[0:19],[0:19],[0:19],[0:19],[0:19],[6:11],1
[0:19],[0:19],[0:19],[0:19],[0:19],[0:19],[0:19],[0:19],[0:19],[0:19],[0:19],[0:19],[0:19],[7:11],[0:19],[0:19],[0:19],[0:19],[0:19],[6:11],1
[0:19],[0:19],[0:19],[0:19],[0:19],[0:19],[0:19],[0:19],[0:19],[0:19],[0:19],[0:19],[0:19],[7:11],[0:19],[0:19],[0:19],[0:19],[0:19],[6:11],0
[0:19],[0:19],[0:19],[0:19],[0:19],[0:19],[0:19],[0:19],[0:19],[0:19],[0:19],[0:19],[0:19],[7:11],[0:19],[0:19],[0:19],[0:19],[0:19],[6:11],1
[0:19],[0:19],[0:19],[0:19],[0:19],[0:19],[0:19],[0:19],[0:19],[0:19],[0:19],[0:19],[0:19],[7:11],[0:19],[0:19],[0:19],[0:19],[0:19],[12:15],0
[0:19],[0:19],[0:19],[0:19],[0:19],[0:19],[0:19],[0:19],[0:19],[0:19],[0:19],[0:19],[0:19],[7:11],[0:19],[0:19],[0:19],[0:19],[0:19],[6:11],1
[0:19],[0:19],[0:19],[0:19],[0:19],[0:19],[0:19],[0:19],[0:19],[0:19],[0:19],[0:19],[0:19],[7:11],[0:19],[0:19],[0:19],[0:19],[0:19],[6:11],0
[0:19],[0:19],[0:19],[0:19],[0:19],[0:19],[0:19],[0:19],[0:19],[0:19],[0:19],[0:19],[0:19],[7:11],[0:19],[0:19],[0:19],[0:19],[0:19],[6:11],0
[0:19],[0:19],[0:19],[0:19],[0:19],[0:19],[0:19],[0:19],[0:19],[0:19],[0:19],[0:19],[0:19],[7:11],[0:19],[0:19],[0:19],[0:19],[0:19],[12:15],1
[0:19],[0:19],[0:19],[0:19],[0:19],[0:19],[0:19],[0:19],[0:19],[0:19],[0:19],[0:19],[0:19],[7:11],[0:19],[0:19],[0:19],[0:19],[0:19],[6:11],1
[0:19],[0:19],[0:19],[0:19],[0:19],[0:19],[0:19],[0:19],[0:19],[0:19],[0:19],[0:19],[0:19],[7:11],[0:19],[0:19],[0:19],[0:19],[0:19],[6:11],1
[0:19],[0:19],[0:19],[0:19],[0:19],[0:19],[0:19],[0:19],[0:19],[0:19],[0:19],[0:19],[0:19],[12:14],[0:19],[0:19],[0:19],[0:19],[0:19],[3:5],0
[0:19],[0:19],[0:19],[0:19],[0:19],[0:19],[0:19],[0:19],[0:19],[0:19],[0:19],[0:19],[0:19],[0:6],[0:19],[0:19],[0:19],[0:19],[0:19],[12:15],0
[0:19],[0:19],[0:19],[0:19],[0:19],[0:19],[0:19],[0:19],[0:19],[0:19],[0:19],[0:19],[0:19],[7:11],[0:19],[0:19],[0:19],[0:19],[0:19],[6:11],1
[0:19],[0:19],[0:19],[0:19],[0:19],[0:19],[0:19],[0:19],[0:19],[0:19],[0:19],[0:19],[0:19],[7:11],[0:19],[0:19],[0:19],[0:19],[0:19],[12:15],0
[0:19],[0:19],[0:19],[0:19],[0:19],[0:19],[0:19],[0:19],[0:19],[0:19],[0:19],[0:19],[0:19],[7:11],[0:19],[0:19],[0:19],[0:19],[0:19],[6:11],1
[0:19],[0:19],[0:19],[0:19],[0:19],[0:19],[0:19],[0:19],[0:19],[0:19],[0:19],[0:19],[0:19],[7:11],[0:19],[0:19],[0:19],[0:19],[0:19],[12:15],0
[0:19],[0:19],[0:19],[0:19],[0:19],[0:19],[0:19],[0:19],[0:19],[0:19],[0:19],[0:19],[0:19],[7:11],[0:19],[0:19],[0:19],[0:19],[0:19],[6:11],1
[0:19],[0:19],[0:19],[0:19],[0:19],[0:19],[0:19],[0:19],[0:19],[0:19],[0:19],[0:19],[0:19],[7:11],[0:19],[0:19],[0:19],[0:19],[0:19],[3:5],0
[0:19],[0:19],[0:19],[0:19],[0:19],[0:19],[0:19],[0:19],[0:19],[0:19],[0:19],[0:19],[0:19],[7:11],[0:19],[0:19],[0:19],[0:19],[0:19],[6:11],1
[0:19],[0:19],[0:19],[0:19],[0:19],[0:19],[0:19],[0:19],[0:19],[0:19],[0:19],[0:19],[0:19],[7:11],[0:19],[0:19],[0:19],[0:19],[0:19],[6:11],1
[0:19],[0:19],[0:19],[0:19],[0:19],[0:19],[0:19],[0:19],[0:19],[0:19],[0:19],[0:19],[0:19],[7:11],[0:19],[0:19],[0:19],[0:19],[0:19],[6:11],1
[0:19],[0:19],[0:19],[0:19],[0:19],[0:19],[0:19],[0:19],[0:19],[0:19],[0:19],[0:19],[0:19],[7:11],[0:19],[0:19],[0:19],[0:19],[0:19],[6:11],0
[0:19],[0:19],[0:19],[0:19],[0:19],[0:19],[0:19],[0:19],[0:19],[0:19],[0:19],[0:19],[0:19],[7:11],[0:19],[0:19],[0:19],[0:19],[0:19],[6:11],1
[0:19],[0:19],[0:19],[0:19],[0:19],[0:19],[0:19],[0:19],[0:19],[0:19],[0:19],[0:19],[0:19],[12:14],[0:19],[0:19],[0:19],[0:19],[0:19],[6:11],0
[0:19],[0:19],[0:19],[0:19],[0:19],[0:19],[0:19],[0:19],[0:19],[0:19],[0:19],[0:19],[0:19],[7:11],[0:19],[0:19],[0:19],[0:19],[0:19],[12:15],1
[0:19],[0:19],[0:19],[0:19],[0:19],[0:19],[0:19],[0:19],[0:19],[0:19],[0:19],[0:19],[0:19],[7:11],[0:19],[0:19],[0:19],[0:19],[0:19],[6:11],1
[0:19],[0:19],[0:19],[0:19],[0:19],[0:19],[0:19],[0:19],[0:19],[0:19],[0:19],[0:19],[0:19],[7:11],[0:19],[0:19],[0:19],[0:19],[0:19],[6:11],1
[0:19],[0:19],[0:19],[0:19],[0:19],[0:19],[0:19],[0:19],[0:19],[0:19],[0:19],[0:19],[0:19],[7:11],[0:19],[0:19],[0:19],[0:19],[0:19],[6:11],0
[0:19],[0:19],[0:19],[0:19],[0:19],[0:19],[0:19],[0:19],[0:19],[0:19],[0:19],[0:19],[0:19],[0:6],[0:19],[0:19],[0:19],[0:19],[0:19],[3:5],0
[0:19],[0:19],[0:19],[0:19],[0:19],[0:19],[0:19],[0:19],[0:19],[0:19],[0:19],[0:19],[0:19],[7:11],[0:19],[0:19],[0:19],[0:19],[0:19],[6:11],0
[0:19],[0:19],[0:19],[0:19],[0:19],[0:19],[0:19],[0:19],[0:19],[0:19],[0:19],[0:19],[0:19],[7:11],[0:19],[0:19],[0:19],[0:19],[0:19],[6:11],1
[0:19],[0:19],[0:19],[0:19],[0:19],[0:19],[0:19],[0:19],[0:19],[0:19],[0:19],[0:19],[0:19],[7:11],[0:19],[0:19],[0:19],[0:19],[0:19],[6:11],1
[0:19],[0:19],[0:19],[0:19],[0:19],[0:19],[0:19],[0:19],[0:19],[0:19],[0:19],[0:19],[0:19],[7:11],[0:19],[0:19],[0:19],[0:19],[0:19],[6:11],1
[0:19],[0:19],[0:19],[0:19],[0:19],[0:19],[0:19],[0:19],[0:19],[0:19],[0:19],[0:19],[0:19],[7:11],[0:19],[0:19],[0:19],[0:19],[0:19],[12:15],0
[0:19],[0:19],[0:19],[0:19],[0:19],[0:19],[0:19],[0:19],[0:19],[0:19],[0:19],[0:19],[0:19],[7:11],[0:19],[0:19],[0:19],[0:19],[0:19],[12:15],0
[0:19],[0:19],[0:19],[0:19],[0:19],[0:19],[0:19],[0:19],[0:19],[0:19],[0:19],[0:19],[0:19],[7:11],[0:19],[0:19],[0:19],[0:19],[0:19],[6:11],0
[0:19],[0:19],[0:19],[0:19],[0:19],[0:19],[0:19],[0:19],[0:19],[0:19],[0:19],[0:19],[0:19],[7:11],[0:19],[0:19],[0:19],[0:19],[0:19],[6:11],1
[0:19],[0:19],[0:19],[0:19],[0:19],[0:19],[0:19],[0:19],[0:19],[0:19],[0:19],[0:19],[0:19],[7:11],[0:19],[0:19],[0:19],[0:19],[0:19],[6:11],0
[0:19],[0:19],[0:19],[0:19],[0:19],[0:19],[0:19],[0:19],[0:19],[0:19],[0:19],[0:19],[0:19],[7:11],[0:19],[0:19],[0:19],[0:19],[0:19],[6:11],1
[0:19],[0:19],[0:19],[0:19],[0:19],[0:19],[0:19],[0:19],[0:19],[0:19],[0:19],[0:19],[0:19],[0:6],[0:19],[0:19],[0:19],[0:19],[0:19],[12:15],0
[0:19],[0:19],[0:19],[0:19],[0:19],[0:19],[0:19],[0:19],[0:19],[0:19],[0:19],[0:19],[0:19],[12:14],[0:19],[0:19],[0:19],[0:19],[0:19],[6:11],0
[0:19],[0:19],[0:19],[0:19],[0:19],[0:19],[0:19],[0:19],[0:19],[0:19],[0:19],[0:19],[0:19],[7:11],[0:19],[0:19],[0:19],[0:19],[0:19],[6:11],1
[0:19],[0:19],[0:19],[0:19],[0:19],[0:19],[0:19],[0:19],[0:19],[0:19],[0:19],[0:19],[0:19],[7:11],[0:19],[0:19],[0:19],[0:19],[0:19],[6:11],1
[0:19],[0:19],[0:19],[0:19],[0:19],[0:19],[0:19],[0:19],[0:19],[0:19],[0:19],[0:19],[0:19],[12:14],[0:19],[0:19],[0:19],[0:19],[0:19],[6:11],0
[0:19],[0:19],[0:19],[0:19],[0:19],[0:19],[0:19],[0:19],[0:19],[0:19],[0:19],[0:19],[0:19],[7:11],[0:19],[0:19],[0:19],[0:19],[0:19],[6:11],1
[0:19],[0:19],[0:19],[0:19],[0:19],[0:19],[0:19],[0:19],[0:19],[0:19],[0:19],[0:19],[0:19],[7:11],[0:19],[0:19],[0:19],[0:19],[0:19],[6:11],1
[0:19],[0:19],[0:19],[0:19],[0:19],[0:19],[0:19],[0:19],[0:19],[0:19],[0:19],[0:19],[0:19],[12:14],[0:19],[0:19],[0:19],[0:19],[0:19],[6:11],1
[0:19],[0:19],[0:19],[0:19],[0:19],[0:19],[0:19],[0:19],[0:19],[0:19],[0:19],[0:19],[0:19],[7:11],[0:19],[0:19],[0:19],[0:19],[0:19],[6:11],1
[0:19],[0:19],[0:19],[0:19],[0:19],[0:19],[0:19],[0:19],[0:19],[0:19],[0:19],[0:19],[0:19],[7:11],[0:19],[0:19],[0:19],[0:19],[0:19],[6:11],1
[0:19],[0:19],[0:19],[0:19],[0:19],[0:19],[0:19],[0:19],[0:19],[0:19],[0:19],[0:19],[0:19],[7:11],[0:19],[0:19],[0:19],[0:19],[0:19],[6:11],0
[0:19],[0:19],[0:19],[0:19],[0:19],[0:19],[0:19],[0:19],[0:19],[0:19],[0:19],[0:19],[0:19],[0:6],[0:19],[0:19],[0:19],[0:19],[0:19],[6:11],0
[0:19],[0:19],[0:19],[0:19],[0:19],[0:19],[0:19],[0:19],[0:19],[0:19],[0:19],[0:19],[0:19],[7:11],[0:19],[0:19],[0:19],[0:19],[0:19],[6:11],0
[0:19],[0:19],[0:19],[0:19],[0:19],[0:19],[0:19],[0:19],[0:19],[0:19],[0:19],[0:19],[0:19],[7:11],[0:19],[0:19],[0:19],[0:19],[0:19],[6:11],1
[0:19],[0:19],[0:19],[0:19],[0:19],[0:19],[0:19],[0:19],[0:19],[0:19],[0:19],[0:19],[0:19],[0:6],[0:19],[0:19],[0:19],[0:19],[0:19],[6:11],0
[0:19],[0:19],[0:19],[0:19],[0:19],[0:19],[0:19],[0:19],[0:19],[0:19],[0:19],[0:19],[0:19],[12:14],[0:19],[0:19],[0:19],[0:19],[0:19],[6:11],1
[0:19],[0:19],[0:19],[0:19],[0:19],[0:19],[0:19],[0:19],[0:19],[0:19],[0:19],[0:19],[0:19],[7:11],[0:19],[0:19],[0:19],[0:19],[0:19],[6:11],1
[0:19],[0:19],[0:19],[0:19],[0:19],[0:19],[0:19],[0:19],[0:19],[0:19],[0:19],[0:19],[0:19],[7:11],[0:19],[0:19],[0:19],[0:19],[0:19],[6:11],1
[0:19],[0:19],[0:19],[0:19],[0:19],[0:19],[0:19],[0:19],[0:19],[0:19],[0:19],[0:19],[0:19],[7:11],[0:19],[0:19],[0:19],[0:19],[0:19],[6:11],1
[0:19],[0:19],[0:19],[0:19],[0:19],[0:19],[0:19],[0:19],[0:19],[0:19],[0:19],[0:19],[0:19],[7:11],[0:19],[0:19],[0:19],[0:19],[0:19],[6:11],0
[0:19],[0:19],[0:19],[0:19],[0:19],[0:19],[0:19],[0:19],[0:19],[0:19],[0:19],[0:19],[0:19],[7:11],[0:19],[0:19],[0:19],[0:19],[0:19],[6:11],1
[0:19],[0:19],[0:19],[0:19],[0:19],[0:19],[0:19],[0:19],[0:19],[0:19],[0:19],[0:19],[0:19],[12:14],[0:19],[0:19],[0:19],[0:19],[0:19],[6:11],0
[0:19],[0:19],[0:19],[0:19],[0:19],[0:19],[0:19],[0:19],[0:19],[0:19],[0:19],[0:19],[0:19],[7:11],[0:19],[0:19],[0:19],[0:19],[0:19],[6:11],0
[0:19],[0:19],[0:19],[0:19],[0:19],[0:19],[0:19],[0:19],[0:19],[0:19],[0:19],[0:19],[0:19],[7:11],[0:19],[0:19],[0:19],[0:19],[0:19],[12:15],0
[0:19],[0:19],[0:19],[0:19],[0:19],[0:19],[0:19],[0:19],[0:19],[0:19],[0:19],[0:19],[0:19],[15:19],[0:19],[0:19],[0:19],[0:19],[0:19],[6:11],0
[0:19],[0:19],[0:19],[0:19],[0:19],[0:19],[0:19],[0:19],[0:19],[0:19],[0:19],[0:19],[0:19],[7:11],[0:19],[0:19],[0:19],[0:19],[0:19],[6:11],1
[0:19],[0:19],[0:19],[0:19],[0:19],[0:19],[0:19],[0:19],[0:19],[0:19],[0:19],[0:19],[0:19],[7:11],[0:19],[0:19],[0:19],[0:19],[0:19],[6:11],1
[0:19],[0:19],[0:19],[0:19],[0:19],[0:19],[0:19],[0:19],[0:19],[0:19],[0:19],[0:19],[0:19],[7:11],[0:19],[0:19],[0:19],[0:19],[0:19],[6:11],1
[0:19],[0:19],[0:19],[0:19],[0:19],[0:19],[0:19],[0:19],[0:19],[0:19],[0:19],[0:19],[0:19],[7:11],[0:19],[0:19],[0:19],[0:19],[0:19],[6:11],0
[0:19],[0:19],[0:19],[0:19],[0:19],[0:19],[0:19],[0:19],[0:19],[0:19],[0:19],[0:19],[0:19],[7:11],[0:19],[0:19],[0:19],[0:19],[0:19],[6:11],1
[0:19],[0:19],[0:19],[0:19],[0:19],[0:19],[0:19],[0:19],[0:19],[0:19],[0:19],[0:19],[0:19],[7:11],[0:19],[0:19],[0:19],[0:19],[0:19],[6:11],1
[0:19],[0:19],[0:19],[0:19],[0:19],[0:19],[0:19],[0:19],[0:19],[0:19],[0:19],[0:19],[0:19],[7:11],[0:19],[0:19],[0:19],[0:19],[0:19],[12:15],0
[0:19],[0:19],[0:19],[0:19],[0:19],[0:19],[0:19],[0:19],[0:19],[0:19],[0:19],[0:19],[0:19],[0:6],[0:19],[0:19],[0:19],[0:19],[0:19],[3:5],0
[0:19],[0:19],[0:19],[0:19],[0:19],[0:19],[0:19],[0:19],[0:19],[0:19],[0:19],[0:19],[0:19],[7:11],[0:19],[0:19],[0:19],[0:19],[0:19],[6:11],1
[0:19],[0:19],[0:19],[0:19],[0:19],[0:19],[0:19],[0:19],[0:19],[0:19],[0:19],[0:19],[0:19],[12:14],[0:19],[0:19],[0:19],[0:19],[0:19],[6:11],0
[0:19],[0:19],[0:19],[0:19],[0:19],[0:19],[0:19],[0:19],[0:19],[0:19],[0:19],[0:19],[0:19],[0:6],[0:19],[0:19],[0:19],[0:19],[0:19],[6:11],0
[0:19],[0:19],[0:19],[0:19],[0:19],[0:19],[0:19],[0:19],[0:19],[0:19],[0:19],[0:19],[0:19],[7:11],[0:19],[0:19],[0:19],[0:19],[0:19],[6:11],1
[0:19],[0:19],[0:19],[0:19],[0:19],[0:19],[0:19],[0:19],[0:19],[0:19],[0:19],[0:19],[0:19],[0:6],[0:19],[0:19],[0:19],[0:19],[0:19],[6:11],0
[0:19],[0:19],[0:19],[0:19],[0:19],[0:19],[0:19],[0:19],[0:19],[0:19],[0:19],[0:19],[0:19],[7:11],[0:19],[0:19],[0:19],[0:19],[0:19],[6:11],1
[0:19],[0:19],[0:19],[0:19],[0:19],[0:19],[0:19],[0:19],[0:19],[0:19],[0:19],[0:19],[0:19],[7:11],[0:19],[0:19],[0:19],[0:19],[0:19],[6:11],0
[0:19],[0:19],[0:19],[0:19],[0:19],[0:19],[0:19],[0:19],[0:19],[0:19],[0:19],[0:19],[0:19],[0:6],[0:19],[0:19],[0:19],[0:19],[0:19],[3:5],0
[0:19],[0:19],[0:19],[0:19],[0:19],[0:19],[0:19],[0:19],[0:19],[0:19],[0:19],[0:19],[0:19],[7:11],[0:19],[0:19],[0:19],[0:19],[0:19],[6:11],0
[0:19],[0:19],[0:19],[0:19],[0:19],[0:19],[0:19],[0:19],[0:19],[0:19],[0:19],[0:19],[0:19],[7:11],[0:19],[0:19],[0:19],[0:19],[0:19],[6:11],1
[0:19],[0:19],[0:19],[0:19],[0:19],[0:19],[0:19],[0:19],[0:19],[0:19],[0:19],[0:19],[0:19],[7:11],[0:19],[0:19],[0:19],[0:19],[0:19],[6:11],1
[0:19],[0:19],[0:19],[0:19],[0:19],[0:19],[0:19],[0:19],[0:19],[0:19],[0:19],[0:19],[0:19],[7:11],[0:19],[0:19],[0:19],[0:19],[0:19],[6:11],1
[0:19],[0:19],[0:19],[0:19],[0:19],[0:19],[0:19],[0:19],[0:19],[0:19],[0:19],[0:19],[0:19],[12:14],[0:19],[0:19],[0:19],[0:19],[0:19],[6:11],1
[0:19],[0:19],[0:19],[0:19],[0:19],[0:19],[0:19],[0:19],[0:19],[0:19],[0:19],[0:19],[0:19],[7:11],[0:19],[0:19],[0:19],[0:19],[0:19],[6:11],0
[0:19],[0:19],[0:19],[0:19],[0:19],[0:19],[0:19],[0:19],[0:19],[0:19],[0:19],[0:19],[0:19],[7:11],[0:19],[0:19],[0:19],[0:19],[0:19],[6:11],1
[0:19],[0:19],[0:19],[0:19],[0:19],[0:19],[0:19],[0:19],[0:19],[0:19],[0:19],[0:19],[0:19],[7:11],[0:19],[0:19],[0:19],[0:19],[0:19],[3:5],0
[0:19],[0:19],[0:19],[0:19],[0:19],[0:19],[0:19],[0:19],[0:19],[0:19],[0:19],[0:19],[0:19],[15:19],[0:19],[0:19],[0:19],[0:19],[0:19],[6:11],0
[0:19],[0:19],[0:19],[0:19],[0:19],[0:19],[0:19],[0:19],[0:19],[0:19],[0:19],[0:19],[0:19],[7:11],[0:19],[0:19],[0:19],[0:19],[0:19],[6:11],1
[0:19],[0:19],[0:19],[0:19],[0:19],[0:19],[0:19],[0:19],[0:19],[0:19],[0:19],[0:19],[0:19],[7:11],[0:19],[0:19],[0:19],[0:19],[0:19],[6:11],1
[0:19],[0:19],[0:19],[0:19],[0:19],[0:19],[0:19],[0:19],[0:19],[0:19],[0:19],[0:19],[0:19],[15:19],[0:19],[0:19],[0:19],[0:19],[0:19],[6:11],0
[0:19],[0:19],[0:19],[0:19],[0:19],[0:19],[0:19],[0:19],[0:19],[0:19],[0:19],[0:19],[0:19],[12:14],[0:19],[0:19],[0:19],[0:19],[0:19],[6:11],1
[0:19],[0:19],[0:19],[0:19],[0:19],[0:19],[0:19],[0:19],[0:19],[0:19],[0:19],[0:19],[0:19],[7:11],[0:19],[0:19],[0:19],[0:19],[0:19],[6:11],0
[0:19],[0:19],[0:19],[0:19],[0:19],[0:19],[0:19],[0:19],[0:19],[0:19],[0:19],[0:19],[0:19],[12:14],[0:19],[0:19],[0:19],[0:19],[0:19],[6:11],0
[0:19],[0:19],[0:19],[0:19],[0:19],[0:19],[0:19],[0:19],[0:19],[0:19],[0:19],[0:19],[0:19],[12:14],[0:19],[0:19],[0:19],[0:19],[0:19],[6:11],0
[0:19],[0:19],[0:19],[0:19],[0:19],[0:19],[0:19],[0:19],[0:19],[0:19],[0:19],[0:19],[0:19],[7:11],[0:19],[0:19],[0:19],[0:19],[0:19],[12:15],1
[0:19],[0:19],[0:19],[0:19],[0:19],[0:19],[0:19],[0:19],[0:19],[0:19],[0:19],[0:19],[0:19],[7:11],[0:19],[0:19],[0:19],[0:19],[0:19],[6:11],0
[0:19],[0:19],[0:19],[0:19],[0:19],[0:19],[0:19],[0:19],[0:19],[0:19],[0:19],[0:19],[0:19],[7:11],[0:19],[0:19],[0:19],[0:19],[0:19],[6:11],1
[0:19],[0:19],[0:19],[0:19],[0:19],[0:19],[0:19],[0:19],[0:19],[0:19],[0:19],[0:19],[0:19],[7:11],[0:19],[0:19],[0:19],[0:19],[0:19],[6:11],0
[0:19],[0:19],[0:19],[0:19],[0:19],[0:19],[0:19],[0:19],[0:19],[0:19],[0:19],[0:19],[0:19],[7:11],[0:19],[0:19],[0:19],[0:19],[0:19],[6:11],0
[0:19],[0:19],[0:19],[0:19],[0:19],[0:19],[0:19],[0:19],[0:19],[0:19],[0:19],[0:19],[0:19],[7:11],[0:19],[0:19],[0:19],[0:19],[0:19],[6:11],0
[0:19],[0:19],[0:19],[0:19],[0:19],[0:19],[0:19],[0:19],[0:19],[0:19],[0:19],[0:19],[0:19],[7:11],[0:19],[0:19],[0:19],[0:19],[0:19],[12:15],1
[0:19],[0:19],[0:19],[0:19],[0:19],[0:19],[0:19],[0:19],[0:19],[0:19],[0:19],[0:19],[0:19],[12:14],[0:19],[0:19],[0:19],[0:19],[0:19],[12:15],0
[0:19],[0:19],[0:19],[0:19],[0:19],[0:19],[0:19],[0:19],[0:19],[0:19],[0:19],[0:19],[0:19],[7:11],[0:19],[0:19],[0:19],[0:19],[0:19],[6:11],1
[0:19],[0:19],[0:19],[0:19],[0:19],[0:19],[0:19],[0:19],[0:19],[0:19],[0:19],[0:19],[0:19],[7:11],[0:19],[0:19],[0:19],[0:19],[0:19],[12:15],1
[0:19],[0:19],[0:19],[0:19],[0:19],[0:19],[0:19],[0:19],[0:19],[0:19],[0:19],[0:19],[0:19],[7:11],[0:19],[0:19],[0:19],[0:19],[0:19],[6:11],1
[0:19],[0:19],[0:19],[0:19],[0:19],[0:19],[0:19],[0:19],[0:19],[0:19],[0:19],[0:19],[0:19],[7:11],[0:19],[0:19],[0:19],[0:19],[0:19],[6:11],1
[0:19],[0:19],[0:19],[0:19],[0:19],[0:19],[0:19],[0:19],[0:19],[0:19],[0:19],[0:19],[0:19],[7:11],[0:19],[0:19],[0:19],[0:19],[0:19],[6:11],1
[0:19],[0:19],[0:19],[0:19],[0:19],[0:19],[0:19],[0:19],[0:19],[0:19],[0:19],[0:19],[0:19],[7:11],[0:19],[0:19],[0:19],[0:19],[0:19],[6:11],1
[0:19],[0:19],[0:19],[0:19],[0:19],[0:19],[0:19],[0:19],[0:19],[0:19],[0:19],[0:19],[0:19],[7:11],[0:19],[0:19],[0:19],[0:19],[0:19],[6:11],0
[0:19],[0:19],[0:19],[0:19],[0:19],[0:19],[0:19],[0:19],[0:19],[0:19],[0:19],[0:19],[0:19],[7:11],[0:19],[0:19],[0:19],[0:19],[0:19],[6:11],0
[0:19],[0:19],[0:19],[0:19],[0:19],[0:19],[0:19],[0:19],[0:19],[0:19],[0:19],[0:19],[0:19],[7:11],[0:19],[0:19],[0:19],[0:19],[0:19],[6:11],1
[0:19],[0:19],[0:19],[0:19],[0:19],[0:19],[0:19],[0:19],[0:19],[0:19],[0:19],[0:19],[0:19],[0:19],[0:19],[0:19],[0:19],[0:19],[0:19],[0:19],0
[0:19],[0:19],[0:19],[0:19],[0:19],[0:19],[0:19],[0:19],[0:19],[0:19],[0:19],[0:19],[0:19],[7:11],[0:19],[0:19],[0:19],[0:19],[0:19],[6:11],0
[0:19],[0:19],[0:19],[0:19],[0:19],[0:19],[0:19],[0:19],[0:19],[0:19],[0:19],[0:19],[0:19],[7:11],[0:19],[0:19],[0:19],[0:19],[0:19],[6:11],1
[0:19],[0:19],[0:19],[0:19],[0:19],[0:19],[0:19],[0:19],[0:19],[0:19],[0:19],[0:19],[0:19],[7:11],[0:19],[0:19],[0:19],[0:19],[0:19],[12:15],0
